40 0.13357731015553523 0.4141791044776119 0.01646843549862763 0.11940298507462686
23 0.1605672461116194 0.4123134328358209 0.020128087831655993 0.12686567164179105
37 0.19121683440073192 0.40671641791044777 0.018298261665141813 0.11940298507462686
65 0.2232387923147301 0.41044776119402987 0.020128087831655993 0.13059701492537312
55 0.25434583714547115 0.4085820895522388 0.020128087831655993 0.13059701492537312
58 0.2859103385178408 0.4085820895522388 0.020128087831655993 0.13059701492537312
40 0.3526989935956084 0.4123134328358209 0.01738334858188472 0.11567164179104478
22 0.3796889295516926 0.4085820895522388 0.018298261665141813 0.12686567164179105
48 0.41171088746569073 0.40298507462686567 0.020128087831655993 0.11940298507462686
52 0.44373284537968893 0.4085820895522388 0.020128087831655993 0.12686567164179105
54 0.5365965233302836 0.40671641791044777 0.0192131747483989 0.12686567164179105
1 0.5667886550777677 0.40111940298507465 0.01738334858188472 0.11940298507462686
2 0.6294602012808783 0.40298507462686567 0.018298261665141813 0.11940298507462686
5 0.6619396157365051 0.40298507462686567 0.0192131747483989 0.11940298507462686
8 0.6930466605672461 0.40298507462686567 0.0192131747483989 0.11940298507462686
8 0.7566331198536139 0.40111940298507465 0.018298261665141813 0.11567164179104478
9 0.787740164684355 0.40298507462686567 0.018298261665141813 0.11940298507462686
5 0.818847209515096 0.40111940298507465 0.020128087831655993 0.11567164179104478
40 0.30237877401646845 0.7723880597014925 0.01738334858188472 0.11940298507462686
30 0.3298261665141812 0.7686567164179104 0.0192131747483989 0.12686567164179105
55 0.3613906678865508 0.7667910447761194 0.020128087831655993 0.13432835820895522
65 0.39249771271729184 0.7667910447761194 0.020128087831655993 0.13432835820895522
55 0.4240622140896615 0.7667910447761194 0.0192131747483989 0.13059701492537312
60 0.4556267154620311 0.7667910447761194 0.020128087831655993 0.13059701492537312
37 0.48581884720951507 0.7611940298507462 0.018298261665141813 0.11940298507462686
54 0.5800548947849954 0.7667910447761194 0.020128087831655993 0.13432835820895522
1 0.610704483074108 0.7611940298507462 0.01738334858188472 0.12313432835820895
4 0.6431838975297347 0.7611940298507462 0.020128087831655993 0.11940298507462686
7 0.7058554437328454 0.7611940298507462 0.0192131747483989 0.12313432835820895