40 0.13378520469018246 0.4664179104477612 0.01755900126602155 0.12313432835820895
23 0.16076715643335132 0.4608208955223881 0.021229299216270318 0.13059701492537312
37 0.19140343770093832 0.45149253731343286 0.01938882743253573 0.12313432835820895
65 0.2234227342106314 0.4496268656716418 0.021234622024880467 0.13432835820895522
55 0.25452179482845716 0.44402985074626866 0.021234622024880467 0.13432835820895522
58 0.28607831198791145 0.43843283582089554 0.02123462202488057 0.13432835820895522
40 0.3528589828527638 0.43283582089552236 0.018468591540668388 0.11940298507462686
22 0.37938081664999895 0.4253731343283582 0.019399473049756033 0.13059701492537312
48 0.41138946754247163 0.416044776119403 0.02121865359904991 0.12313432835820895
52 0.44341142545646983 0.416044776119403 0.021229299216270318 0.13059701492537312
54 0.5362538121726237 0.40111940298507465 0.02031438613301333 0.13059701492537312
1 0.5664326368985821 0.3917910447761194 0.018473914349278434 0.12313432835820895
2 0.6290935374844725 0.3843283582089552 0.019388827432535522 0.12313432835820895
5 0.661567629131489 0.3805970149253731 0.020303740515792822 0.12313432835820895
8 0.6926666897493148 0.375 0.020303740515792822 0.12313432835820895
8 0.7562371806098519 0.36380597014925375 0.019383504623925372 0.11940298507462686
9 0.7873415640362879 0.3619402985074627 0.01938882743253573 0.12313432835820895
5 0.8184406246541137 0.35634328358208955 0.021213330790439553 0.11940298507462686
40 0.3058077991715004 0.8003731343283582 0.01847391434927864 0.12313432835820895
30 0.33324454605199266 0.792910447761194 0.02031438613301312 0.13059701492537312
55 0.3647984018071419 0.7854477611940298 0.02123994483349072 0.13805970149253732
65 0.3959001238292728 0.7817164179104478 0.02123994483349072 0.13805970149253732
55 0.4274593023930322 0.7779850746268657 0.02031970894162348 0.13432835820895522
60 0.4590158195524865 0.7723880597014925 0.02123462202488057 0.13432835820895522
37 0.489194644278445 0.7630597014925373 0.01938882743253573 0.12313432835820895
54 0.583420046236705 0.7555970149253731 0.02123994483349072 0.13805970149253732
1 0.6140536660999868 0.7444029850746269 0.01847923715788879 0.12686567164179105
4 0.6465277577470033 0.7406716417910447 0.02121865359904991 0.12313432835820895
7 0.7091859969285885 0.7313432835820896 0.02030906332440318 0.12686567164179105