40 0.36666666666666664 0.3422712933753943 0.019571865443425075 0.15772870662460567
29 0.39357798165137614 0.3422712933753943 0.018960244648318043 0.15772870662460567
61 0.42293577981651376 0.3438485804416404 0.019571865443425075 0.1608832807570978
59 0.4541284403669725 0.3391167192429022 0.018960244648318043 0.167192429022082
37 0.4828746177370031 0.34069400630914826 0.019571865443425075 0.15772870662460567
53 0.5134556574923548 0.3391167192429022 0.019571865443425075 0.1640378548895899
40 0.5758409785932722 0.3438485804416404 0.017737003058103974 0.167192429022082
24 0.6033639143730887 0.34542586750788645 0.021406727828746176 0.1608832807570978
37 0.6324159021406728 0.33753943217665616 0.020795107033639144 0.15772870662460567
48 0.6623853211009174 0.33753943217665616 0.02018348623853211 0.15457413249211358
41 0.6929663608562691 0.34069400630914826 0.019571865443425075 0.167192429022082
61 0.7226299694189603 0.3391167192429022 0.022018348623853212 0.17350157728706625
54 0.30061162079510706 0.5899053627760252 0.018960244648318043 0.167192429022082
1 0.3299694189602447 0.5899053627760252 0.020795107033639144 0.17034700315457413
9 0.3599388379204893 0.582018927444795 0.021406727828746176 0.17665615141955837
6 0.39051987767584095 0.5899053627760252 0.019571865443425075 0.167192429022082
6 0.42048929663608564 0.5867507886435331 0.020795107033639144 0.167192429022082