40 0.368393916993883 0.340673838490469 0.02072795615372426 0.16148892234625095
29 0.3953159078592826 0.3446359347418319 0.020116335358617086 0.16147056957082193
61 0.4246897198454553 0.35024872916115635 0.02073863203441435 0.16464349647874307
59 0.4558717045152239 0.3480301465755372 0.020148363000687362 0.17093429196829826
37 0.48463389570628956 0.35362458821943277 0.02072795615372426 0.16148892234625095
53 0.5152202734019862 0.3561195140571229 0.020749307915104303 0.16779807061123508
40 0.5776376221449737 0.36745521954834515 0.018914445529783202 0.1677430122849484
24 0.6051765717458254 0.373012955641383 0.02257349441973545 0.16469855480502968
37 0.6342125456923745 0.3691528512755166 0.021951197743938188 0.1615256278971087
48 0.6641873025929641 0.3716294243377779 0.021328901068141202 0.15835270098918763
41 0.6947896941096957 0.3788562113742062 0.020759983795794534 0.1709526447437272
61 0.724458640612732 0.381323608048753 0.023227818737602574 0.17733520411042691
54 0.30224348274279605 0.5815664177828992 0.020148363000687362 0.17093429196829826
1 0.3316066188482787 0.5840246380697317 0.021993901266698552 0.17414392442707716
9 0.36156002398748827 0.5801920628670088 0.02262687382318549 0.18047142546749007
6 0.3921784293252551 0.592150711102175 0.020759983795794395 0.1709526447437273
6 0.42214251034515476 0.5914727100319442 0.021983225386008325 0.17098935029458504