54 0.043369188681017475 0.9006647571590842 0.023018112077428283 0.19867048568183143
1 0.0790174540072977 0.8998102642605665 0.02185600573813494 0.20037947147886687
54 0.18655690462097388 0.9062707724749971 0.025362726953798327 0.18745845505000586
9 0.222789623483198 0.9054519729920287 0.024200620614504953 0.18909605401594257
3 0.2932060734655454 0.9005327288702195 0.024805476348232137 0.19893454225956092
0 0.32974122019463314 0.9089163833749813 0.02420742134709936 0.1821672332500375
1 0.3995834177399283 0.9131995932409019 0.023622967811155467 0.1736008135181961
0 0.43523168306620846 0.912309406926835 0.023629768543749943 0.17538118614632986
0 0.5065350144513634 0.9166283102083052 0.024798675615637727 0.16674337958338975
0 0.5430667608141538 0.9234960690895531 0.023616167078561127 0.15300786182089382
59 0.6137788379307704 0.9292951745789876 0.02534912548860951 0.14140965084202492
48 0.6497159296587254 0.9285120685115685 0.02242685780889005 0.1429758629768629
65 0.6850753685833308 0.9337211581071057 0.02299770987964499 0.13255768378578864
37 0.7201357800073699 0.9327595849619399 0.024166616951532778 0.1344808300761202
37 0.7908512574902837 0.9401638196137614 0.023561761217805594 0.11967236077247717
37 0.8262038956822948 0.9393093267152437 0.021808400609973914 0.12138134656951259
51 0.8603978279013097 0.947514514142259 0.02237245194813425 0.10497097171548203
48 0.8972081995668832 0.9451262789124529 0.023541359020022034 0.10974744217509413
59 0.9328632656257579 0.9534385465861159 0.02352095682223874 0.09312290682776814