54 0.04208065458796026 0.8588957055214724 0.022209234365867914 0.2822085889570552
1 0.0777323202805377 0.8588957055214724 0.02104032729398013 0.2822085889570552
54 0.18497954412624196 0.8680981595092024 0.024547048509643482 0.26380368098159507
9 0.2212156633547633 0.8680981595092024 0.023378141437755698 0.26380368098159507
3 0.29164231443600236 0.8680981595092024 0.02396259497369959 0.26380368098159507
0 0.3281706604324956 0.8773006134969326 0.023378141437755698 0.24539877300613497
1 0.3980128579777908 0.8834355828220859 0.022793687901811806 0.2331288343558282
0 0.43395675043834014 0.8834355828220859 0.022793687901811806 0.2331288343558282
0 0.505260081823495 0.8895705521472392 0.02396259497369959 0.22085889570552147
0 0.5414962010520163 0.8957055214723927 0.022793687901811806 0.2085889570552147
59 0.6122150789012274 0.9049079754601227 0.024547048509643482 0.1901840490797546
48 0.6481589713617767 0.9049079754601227 0.02162478082992402 0.1901840490797546
65 0.6835184102863823 0.911042944785276 0.022209234365867914 0.17791411042944785
37 0.7185856224430158 0.911042944785276 0.023378141437755698 0.17791411042944785
37 0.7893045002922268 0.9202453987730062 0.023378141437755698 0.15950920245398773
37 0.8246639392168322 0.9202453987730062 0.02162478082992402 0.15950920245398773
51 0.8588544710695499 0.9294478527607362 0.022209234365867914 0.1411042944785276
48 0.8956750438340152 0.9294478527607362 0.023378141437755698 0.1411042944785276
59 0.9313267095265927 0.9386503067484663 0.023378141437755698 0.12269938650306748