54 0.043430190540778506 0.6927895802220843 0.022012422587807032 0.3510138632086218
1 0.07936048153613902 0.6827147123286718 0.020843515515919248 0.35094247879376333
54 0.18626447311941305 0.6432341163495602 0.024350236731582604 0.3511566320383384
9 0.22248019015015105 0.6270421252347089 0.02318132965969482 0.35108524762348015
3 0.29316506433638984 0.600686035707872 0.02378618539342207 0.3695258478063694
0 0.329397783198614 0.5998314679059041 0.02319493112488357 0.3633551862737869
1 0.3994948034826117 0.5703722015090614 0.022603676856345335 0.3571845247412044
0 0.4354182937453777 0.5541623642904956 0.022590075391156518 0.3449145860908976
0 0.506697822566452 0.537044420958818 0.023765783195638643 0.35112093983090925
0 0.5429169399634872 0.5239199145065433 0.022603676856345335 0.3571845247412044
59 0.6136222163475094 0.5159687329551667 0.02435023673158267 0.3511566320383384
48 0.650123359413625 0.4936596186188765 0.02143476978445755 0.3571131403263459
65 0.6851837708376641 0.4896661817394735 0.022026024052995783 0.36328380185892856
37 0.7202339811628115 0.4764702908723405 0.02320173185747818 0.3694901555989403
37 0.7912212832159138 0.4593345014369483 0.02319493112488357 0.3633551862737869
37 0.8262646928084669 0.440003641244662 0.02143476978445755 0.35711314032634606
51 0.8604552246611846 0.4420916353792686 0.0220124225878071 0.3510138632086218
48 0.8972451941289749 0.4167328824841164 0.02317452892710028 0.34495027829832675
59 0.9331924869558215 0.4219954379035873 0.02317452892710028 0.34495027829832675