54 0.04270950622518093 0.6073619631901841 0.02240644893573081 0.3558282208588957
1 0.07864999843452579 0.6012269938650306 0.02123754186384301 0.3558282208588957
54 0.1855896943818377 0.5736196319018405 0.024744263079506428 0.3558282208588957
9 0.22181901310794996 0.5613496932515337 0.023575356007618644 0.3558282208588957
3 0.29282161709712157 0.5460122699386503 0.02417001029717603 0.37423312883435583
0 0.3290594364512452 0.549079754601227 0.023582156510027638 0.36809815950920244
1 0.39918195988529637 0.5276073619631901 0.022994302722879247 0.3619631901840491
0 0.4351190518434368 0.5153374233128835 0.022987502220470257 0.3496932515337423
0 0.5064172828517848 0.5061349693251533 0.024159809543562536 0.3558282208588957
0 0.5426500018291016 0.5 0.022994302722879247 0.3619631901840491
59 0.6133688796783127 0.5 0.024744263079506428 0.3558282208588957
48 0.6498870249211922 0.4815950920245399 0.021825395650991463 0.3619631901840491
65 0.6849542370778258 0.4815950920245399 0.022413249438139854 0.36809815950920244
37 0.7200163488576526 0.4723926380368098 0.023585556761232133 0.37423312883435583
37 0.7910223530980287 0.46319018404907975 0.023582156510027638 0.36809815950920244
37 0.826081064626651 0.44785276073619634 0.021825395650991463 0.3619631901840491
51 0.8602766968561755 0.4570552147239264 0.02240644893573086 0.3558282208588957
48 0.8973775955093968 0.43558282208588955 0.02357195575641415 0.3496932515337423
59 0.9333265883467529 0.4447852760736196 0.02357195575641388 0.3496932515337423