54 0.043508889006400035 0.8607874565455873 0.022678511389069556 0.2784250869088253
1 0.07916055469897748 0.8630004483096463 0.021509604317181772 0.2739991033807074
54 0.1864230810563079 0.8786455638040322 0.024985720509592836 0.2427088723919354
9 0.22265920028482922 0.8808942489836407 0.02381681343770505 0.23821150203271874
3 0.29308585136606824 0.8851774588495613 0.024401266973648944 0.22964508230087732
0 0.3296294998741877 0.8966285980168999 0.023786208414452826 0.20674280396620018
1 0.3994818990939002 0.9070467772079738 0.023181351529673985 0.18590644558405237
0 0.4354257915544496 0.9092419222642584 0.023181351529673985 0.18151615547148323
0 0.5067393246140219 0.9196957948708818 0.02432985525272695 0.16060841025823636
0 0.5429856455169607 0.9280794493756436 0.02314054483200435 0.14384110124871294
59 0.6137198258777979 0.9415472665215195 0.024863300416583738 0.11690546695696094
48 0.6496637183383472 0.9438316451166774 0.021941032736864274 0.11233670976664521
65 0.6850333589373703 0.9521082193747912 0.022505082923973484 0.09578356125041758
37 0.7201005710940038 0.9542141308922021 0.023673989995861268 0.09157173821559576
37 0.7908347514548408 0.9677354881614022 0.023643384972608712 0.06452902367719551
37 0.8261941903794463 0.9699484799254614 0.021890024364777032 0.060103040149077205
51 0.8604000247437903 0.981221152015053 0.0224438728774689 0.037557695969893966
48 0.8972205975082554 0.9834341437791122 0.023612779949356687 0.033131712441775665
59 0.9328875657124589 0.9948138961153519 0.02358217492610413 0.010372207769296298