54 0.04266510812390415 0.6901840490797546 0.02162478082992402 0.3496932515337423
1 0.07860900058445354 0.6779141104294478 0.020455873758036237 0.3496932515337423
54 0.18556399766218587 0.6319018404907976 0.02396259497369959 0.3496932515337423
9 0.2218001168907072 0.6134969325153374 0.022793687901811806 0.3496932515337423
3 0.29251899473991816 0.5828220858895705 0.023378141437755698 0.36809815950920244
0 0.3287551139684395 0.5797546012269938 0.022793687901811806 0.3619631901840491
1 0.3988895382817066 0.5460122699386503 0.022209234365867914 0.3558282208588957
0 0.434833430742256 0.5276073619631901 0.022209234365867914 0.34355828220858897
0 0.5061367621274109 0.5061349693251533 0.023378141437755698 0.3496932515337423
0 0.5423728813559322 0.49079754601226994 0.022209234365867914 0.3558282208588957
59 0.6130917592051431 0.4785276073619632 0.02396259497369959 0.3496932515337423
48 0.6496201052016365 0.4539877300613497 0.02104032729398013 0.3558282208588957
65 0.68468731735827 0.44785276073619634 0.02162478082992402 0.3619631901840491
37 0.7197545295149036 0.4325153374233129 0.022793687901811806 0.36809815950920244
37 0.7907656341320864 0.4110429447852761 0.022793687901811806 0.3619631901840491
37 0.82583284628872 0.3895705521472393 0.02104032729398013 0.3558282208588957
51 0.8600233781414378 0.3895705521472393 0.02162478082992402 0.3496932515337423
48 0.896843950905903 0.3619631901840491 0.022793687901811806 0.34355828220858897
59 0.9327878433664524 0.36503067484662577 0.022793687901811806 0.34355828220858897