54 0.043655778894472363 0.529126213592233 0.016331658291457288 0.3786407766990291
2 0.06626884422110553 0.5097087378640777 0.014447236180904523 0.34951456310679613
40 0.14007537688442212 0.5 0.013190954773869347 0.33980582524271846
14 0.16048994974874373 0.46601941747572817 0.015703517587939697 0.34951456310679613
41 0.18498743718592964 0.4563106796116505 0.01507537688442211 0.34951456310679613
37 0.20760050251256282 0.441747572815534 0.014447236180904523 0.34951456310679613
41 0.23146984924623115 0.4320388349514563 0.015703517587939697 0.34951456310679613
53 0.27795226130653267 0.4223300970873786 0.016331658291457288 0.36893203883495146
48 0.3015075376884422 0.4029126213592233 0.016331658291457288 0.34951456310679613
40 0.3514447236180904 0.39805825242718446 0.013819095477386936 0.34951456310679613
22 0.3709170854271357 0.3786407766990291 0.01507537688442211 0.36893203883495146
55 0.3951005025125628 0.36893203883495146 0.016959798994974875 0.36893203883495146
51 0.417713567839196 0.3640776699029126 0.01507537688442211 0.36893203883495146
55 0.4418969849246231 0.34951456310679613 0.017587939698492462 0.36893203883495146
54 0.4902638190954774 0.3300970873786408 0.016959798994974875 0.36893203883495146
7 0.5131909547738693 0.3058252427184466 0.01507537688442211 0.34951456310679613
5 0.5364321608040201 0.2912621359223301 0.015703517587939697 0.3592233009708738
40 0.6092964824120602 0.2815533980582524 0.014447236180904523 0.34951456310679613
22 0.6290829145728644 0.2669902912621359 0.014447236180904523 0.36893203883495146
55 0.6529522613065326 0.25728155339805825 0.016331658291457288 0.36893203883495146
51 0.6758793969849246 0.24271844660194175 0.01507537688442211 0.36893203883495146
37 0.6994346733668342 0.22330097087378642 0.013819095477386936 0.34951456310679613
54 0.7471733668341709 0.21359223300970873 0.016959798994974875 0.3786407766990291
6 0.7704145728643216 0.18932038834951456 0.016331658291457288 0.34951456310679613
8 0.7939698492462312 0.18446601941747573 0.015703517587939697 0.34951456310679613
40 0.8665201005025126 0.1796116504854369 0.014447236180904523 0.33980582524271846
30 0.887248743718593 0.16990291262135923 0.016331658291457288 0.33980582524271846
48 0.9104899497487438 0.1553398058252427 0.015703517587939697 0.3106796116504854
65 0.9334170854271356 0.16019417475728157 0.016331658291457288 0.32038834951456313
37 0.9557160804020101 0.14563106796116504 0.013819095477386936 0.2912621359223301