54 0.042085427135678394 0.4174757281553398 0.01507537688442211 0.36893203883495146
2 0.06501256281407035 0.4029126213592233 0.013190954773869347 0.33980582524271846
40 0.13881909547738694 0.42718446601941745 0.01256281407035176 0.3300970873786408
14 0.15923366834170855 0.4029126213592233 0.014447236180904523 0.33980582524271846
41 0.18373115577889448 0.4029126213592233 0.014447236180904523 0.33980582524271846
37 0.20634422110552764 0.4029126213592233 0.013190954773869347 0.34951456310679613
41 0.23021356783919597 0.4029126213592233 0.014447236180904523 0.33980582524271846
53 0.2766959798994975 0.41262135922330095 0.014447236180904523 0.3592233009708738
48 0.30025125628140703 0.4029126213592233 0.01507537688442211 0.33980582524271846
40 0.3501884422110553 0.4223300970873786 0.013190954773869347 0.33980582524271846
22 0.3696608040201005 0.41262135922330095 0.013190954773869347 0.3592233009708738
55 0.39384422110552764 0.41262135922330095 0.01507537688442211 0.3592233009708738
51 0.4167713567839196 0.41262135922330095 0.013190954773869347 0.3592233009708738
55 0.44095477386934673 0.41262135922330095 0.015703517587939697 0.3592233009708738
54 0.4890075376884422 0.41262135922330095 0.015703517587939697 0.3592233009708738
7 0.5125628140703518 0.4029126213592233 0.013819095477386936 0.34951456310679613
5 0.5358040201005025 0.39805825242718446 0.013819095477386936 0.34951456310679613
40 0.6083542713567839 0.4223300970873786 0.013190954773869347 0.33980582524271846
22 0.628140703517588 0.41262135922330095 0.01256281407035176 0.3592233009708738
55 0.6520100502512562 0.41262135922330095 0.01507537688442211 0.3592233009708738
51 0.6749371859296482 0.41262135922330095 0.013190954773869347 0.3592233009708738
37 0.6984924623115578 0.4029126213592233 0.01256281407035176 0.34951456310679613
54 0.7462311557788944 0.4174757281553398 0.01507537688442211 0.36893203883495146
6 0.7694723618090452 0.4029126213592233 0.01507537688442211 0.33980582524271846
8 0.7930276381909548 0.4029126213592233 0.014447236180904523 0.33980582524271846
40 0.865891959798995 0.4320388349514563 0.013190954773869347 0.33980582524271846
30 0.8866206030150754 0.4223300970873786 0.01507537688442211 0.3592233009708738
48 0.9098618090452262 0.41262135922330095 0.01507537688442211 0.33980582524271846
65 0.9324748743718593 0.4223300970873786 0.014447236180904523 0.3592233009708738
37 0.9554020100502513 0.41262135922330095 0.013190954773869347 0.33980582524271846