54 0.04316607061405234 0.662263369053506 0.0172448530686522 0.38321637624331906
2 0.06579740863771612 0.6440923237856986 0.015338503721662728 0.3535817627017206
40 0.13962586853746942 0.6348784415436167 0.01407491323581531 0.34353409153806563
14 0.16006967771703998 0.601551156205433 0.01659478512869787 0.35392069600129755
41 0.18457812877244426 0.5935972487510687 0.01596664442518028 0.35375122935150904
37 0.20720946679610802 0.5754262034832612 0.015338503721662691 0.3535817627017206
41 0.2310897771479947 0.5673028293791086 0.01659478512869787 0.35392069600129766
53 0.2775904619053268 0.5555715168032649 0.01723754398983994 0.3735076383792415
48 0.301164010984267 0.5376546715101402 0.017222925832215456 0.354090162651086
40 0.35111581507153966 0.5317097944401723 0.014710363018145104 0.3534122960519321
22 0.3706064495776155 0.5126914159234222 0.015981262582804835 0.37316870507966454
55 0.394800830281261 0.5046527751441637 0.0178656846933576 0.37367710502903
51 0.4174212046867064 0.5010448366724728 0.015981262582804835 0.3731687050796644
55 0.4413088241174054 0.48321272470424237 0.018493825396875187 0.37384657167881846
54 0.48969758552469633 0.4671354431457254 0.0178656846933576 0.37367710502903
7 0.5126503029789311 0.43934039333873454 0.01596664442518028 0.35375122935150904
5 0.5359061271667064 0.42619318365275444 0.016602094207510146 0.36362943386537533
40 0.6087923760111833 0.4167251014359898 0.015338503721662691 0.3535817627017206
22 0.6285934263296118 0.4026458251761729 0.015353121879287248 0.3729992384298759
55 0.6524737366814984 0.3945224510720201 0.017237543989840013 0.3735076383792415
51 0.6754191450569211 0.37643613912910695 0.015981262582804835 0.3731687050796644
37 0.6986786237841024 0.35843456051108796 0.014703053939332968 0.3437035581878544
54 0.746735042142604 0.36654439028787095 0.017836448378108487 0.33484215357271946
6 0.7696767959786204 0.3533124472769966 0.017179071359342074 0.2958377354666201
8 0.793235726899936 0.35481307771202725 0.01654362157701235 0.28595953095275384
40 0.8661110121261946 0.3599081022913791 0.015265412933540484 0.2564943840609439
30 0.8865328940693286 0.35570703054542835 0.017135216886468404 0.23758530828215413
48 0.9101027886088624 0.3426445541843426 0.016477839867702276 0.19858089017605496
65 0.9330262697478484 0.3536844558336623 0.017113289650031713 0.20845909468992113
37 0.9550258125285884 0.34019831284810526 0.014571490520712535 0.16894627663445635