54 0.041613964954828296 0.40990664483078953 0.015492017881452432 0.3716433522646412
2 0.06455754698836619 0.39122008219368676 0.013574703060607807 0.34217822449369684
40 0.13833666905977288 0.40221778818769216 0.012935598120326283 0.3323565152367155
14 0.15877865251600437 0.37427437325812657 0.014830984467642984 0.3424041672795044
41 0.18327613995319034 0.36986848893488095 0.014830984467642912 0.3424041672795044
37 0.2058892052798235 0.3658015187903465 0.013585667297371743 0.3518869623577745
41 0.22975855201349182 0.36150860586000455 0.014830984467642912 0.3424041672795044
53 0.2762299998370294 0.3628574606492058 0.014852912941170854 0.36182164300765973
48 0.2997962404557029 0.3489122955512382 0.0154591251711605 0.342517138672408
40 0.3497114979118232 0.35934854554354667 0.013574703060607736 0.34217822449369684
22 0.3691948239576324 0.3461376944994532 0.01359663153413575 0.36159570022185217
55 0.3933782410430596 0.3417882958726594 0.015481053644688514 0.3619346144005635
51 0.4163053767214515 0.3376648400316731 0.01359663153413575 0.36159570022185217
55 0.44048879380687866 0.33331544140487923 0.016109194348206103 0.36204758579346713
54 0.4885415576259741 0.3246731298477436 0.016109194348206103 0.36204758579346713
7 0.5121077982446476 0.3107279647497759 0.01421380800088933 0.3519999337506783
5 0.5353544863931804 0.3016936542802989 0.014213808000889474 0.3519999337506783
40 0.6078773270575518 0.3129173030601117 0.013574703060607736 0.34217822449369684
22 0.6276747234551199 0.29964996631956636 0.012968490830618162 0.3614827288289485
55 0.6515440701887882 0.29535705338922447 0.015481053644688514 0.36193461440056346
51 0.6744712058671801 0.29123359754823813 0.01359663153413575 0.3615957002218523
37 0.6980374464858538 0.2772884324502704 0.012957526593854298 0.35177399096487083
54 0.7457596935980443 0.2832657133857031 0.015492017881452378 0.37164335226464107
6 0.7690173459833411 0.26452266505214844 0.015459125171160786 0.342517138672408
8 0.7925726223652507 0.2602862378182584 0.014830984467643197 0.3424041672795044
40 0.865404051262999 0.2763077698336582 0.01357470306060802 0.34217822449369684
30 0.8861436587158433 0.26287097600375725 0.015481053644688514 0.36193461440056335
48 0.9093958289827581 0.24898229660224142 0.0154591251711605 0.34251713867240813
65 0.9319979300726272 0.25462406432178464 0.014852912941170925 0.3618216430076597
37 0.9549360299877832 0.24079187061672064 0.013574703060607736 0.34217822449369684