54 0.10140679953106682 0.24989486088587382 0.015826494724501757 0.33317881809407485
2 0.1228018757327081 0.22227618385666742 0.014654161781946073 0.3087975914252187
40 0.19196951934349354 0.19507413297479656 0.01406799531066823 0.3006392361553067
14 0.21101992966002345 0.16379855444459293 0.015240328253223915 0.3088914305660984
41 0.2335873388042204 0.14725854602581614 0.015826494724501757 0.2945170920516323
37 0.25498241500586166 0.14547560234910156 0.01406799531066823 0.2909512046982031
41 0.27754982415005863 0.1336589330815365 0.015826494724501757 0.267317866163073
53 0.32063305978898005 0.12413849777221285 0.015240328253223915 0.2482769955444257
48 0.34261430246189917 0.11030569947238975 0.015826494724501757 0.2206113989447795
40 0.3892145369284877 0.10247295620224516 0.01406799531066823 0.2049459124044903
22 0.4070926143024619 0.09300085296001717 0.014654161781946073 0.18600170592003434
55 0.42936694021101995 0.0832003127247102 0.015826494724501757 0.1664006254494204
51 0.45076201641266117 0.07738511098347947 0.01406799531066823 0.15477022196695894
55 0.473915592028136 0.07156990924224876 0.015826494724501757 0.14313981848449753
54 0.5190504103165299 0.05384419909257328 0.015826494724501757 0.10768839818514656
7 0.5407385697538101 0.0379952717604921 0.015826494724501757 0.0759905435209842
5 0.5621336459554513 0.03225044937492117 0.015826494724501757 0.06450089874984234
40 0.6298358733880423 0.014640625654689527 0.013481828839390387 0.029281251309379055
22 0.6483001172332943 0.007090812303839889 0.012895662368112544 0.014181624607679778
55 0.6702813599062134 0.0013929094887088203 0.015240328253223915 0.0027858189774176405
54 0.05949589683470106 0.6840237142974831 0.016412661195779603 0.14778878626721267
4 0.08118405627198125 0.6724871499559014 0.015826494724501757 0.1557594632553652
3 0.10316529894490035 0.6609036660438798 0.015240328253223915 0.17179465637255018
40 0.17145369284876905 0.6378746319378447 0.014654161781946073 0.17976533336070266
30 0.19021101992966002 0.6187427471716292 0.015826494724501757 0.212211076158591
48 0.21248534583821804 0.6071123436891678 0.015826494724501757 0.2283401084166555
65 0.235052754982415 0.5994672787007826 0.015240328253223915 0.22824626927577574
55 0.2564478311840563 0.5879776339296408 0.015826494724501757 0.24446914067472003
54 0.3007033997655334 0.5607314884706417 0.015826494724501757 0.2686626890618168
5 0.32209847596717467 0.5573063598285322 0.015240328253223915 0.2766333660499693
0 0.343200468933177 0.5418313765633139 0.015826494724501757 0.2928562374489136