54 0.10011871462495292 0.4113553227196138 0.014197583547957977 0.30757764447953984
2 0.12150697039305262 0.3935137841059052 0.013601186426367795 0.2833371781100967
40 0.19038153076819916 0.3880009211802016 0.012425443267041295 0.27517882601637156
14 0.20942341554280208 0.36631479643136244 0.014187352897645637 0.2833840960924429
41 0.2319857093618429 0.3524116799174771 0.014773519368923413 0.28343101407478943
37 0.25338078556348415 0.35069917356183306 0.013018430171860764 0.2913547762567823
41 0.2759447844909103 0.3408283151124638 0.014773519368923413 0.28343101407478943
53 0.3190280201298317 0.3373798434100024 0.014194173331187197 0.2995131283505076
48 0.34100244236920935 0.3194913868139473 0.014773519368923547 0.28343101407478943
40 0.3876060870525686 0.32382592334643967 0.013015019955090018 0.28329026012775016
22 0.4057721323370256 0.3102746917001525 0.013021840388631512 0.2994192923858146
55 0.4283361312644517 0.30040383325078324 0.01478033980246504 0.29956004633285394
51 0.4497295023577076 0.294659068830623 0.013025250605402258 0.30748380851484686
55 0.4722952063935192 0.2888204684457699 0.01478033980246504 0.29956004633285394
54 0.5174249093567569 0.27311100961154766 0.01478033980246504 0.29956004633285394
7 0.5391079534688809 0.2592782700711819 0.014773519368923547 0.28343101407478943
5 0.5607927026893903 0.24947778859533237 0.014773519368923547 0.2834310140747894
40 0.6284949301219812 0.24405876163432155 0.013015019955090018 0.2832902601277501
22 0.646954058642077 0.23048407099686113 0.012435673917353668 0.29937237440346826
55 0.6689335962066107 0.22469238859435445 0.014197583547957944 0.3075776444795398
51 0.6906200505355056 0.21892416518302102 0.013021840388631512 0.2994192923858147
37 0.712594472774883 0.20103570858696598 0.012428853483812174 0.28324334214540375
54 0.7571448297003845 0.20150219999315463 0.014783750019235787 0.3076245624618862
6 0.7788244635957378 0.17960494432375665 0.014773519368923547 0.2834310140747894
8 0.8008040011602715 0.17381326192125002 0.014187352897645703 0.2833840960924429
40 0.868802722045272 0.17643529209809822 0.013015019955090018 0.28329026012775016
30 0.8881411002722848 0.16279022448711816 0.01478033980246504 0.29956004633285394
48 0.9095310611487697 0.1489809439379257 0.014773519368923547 0.2834310140747893
65 0.930926137350411 0.14851250087876766 0.014194173331187197 0.2970250017575353
37 0.9520230149912572 0.13756387304406867 0.013015019955090018 0.27512774608813734
54 0.05752635479437579 0.882522270914773 0.014749647851527985 0.22697940117156362
4 0.07921280912327058 0.8767540475034395 0.014753058068298765 0.23504391730059587
3 0.10119234668780429 0.870962365100933 0.014170301813791702 0.24306151544728177
40 0.16918936246441948 0.869552137213265 0.01299455865446527 0.23490316335355674
30 0.18881911881868566 0.8518513525465956 0.01476669893538192 0.26730198181672493
48 0.21050557314758042 0.8460831291352622 0.014770109152152665 0.2753664979457572
65 0.2330729822917774 0.8442767868149254 0.014183942680874823 0.2753195799634108
55 0.2547594366206722 0.8385085634035918 0.014187352897645571 0.283384096092443
54 0.2984254285141007 0.8269486575897518 0.01478033980246504 0.29956004633285394
5 0.31981879960735654 0.8212038931695914 0.014183942680874957 0.2753195799634108
0 0.34179492695511954 0.8073476946380526 0.014773519368923547 0.28343101407478943