54 0.09982520363591517 0.31455767018005354 0.013870628644356564 0.3075307264971933
2 0.12123562719827878 0.30074838963086103 0.013253767451634015 0.28329026012775016
40 0.19008460863888807 0.31539681702773803 0.01207120293526345 0.27513190803402504
14 0.20915548210304777 0.2977429503434151 0.013839933922911858 0.28333717811009657
41 0.23173312282105962 0.2878720918940459 0.014426100394189633 0.283384096092443
37 0.25312308323579347 0.2901918436029179 0.012677832554171053 0.29130785827443595
41 0.2756904923799904 0.28838550128258095 0.0144261003941897 0.2833840960924429
53 0.318763496445097 0.2930015457091517 0.013860397070541685 0.29946621036816107
48 0.3407549706918309 0.2831776052421289 0.014426100394189633 0.283384096092443
40 0.38733474201078966 0.29557665790365356 0.012667600980356105 0.2832433421454037
22 0.4055161341942177 0.2860576843218825 0.012688064127986 0.2993723744034682
55 0.4280835433384147 0.2842513420015455 0.014446563541819528 0.2995131283505075
51 0.44947861954005597 0.28253883564590143 0.012698295701800812 0.30743689053250045
55 0.47204602868425294 0.28073249332556444 0.014446563541819528 0.2995131283505075
54 0.5171808469726468 0.2771198086848906 0.014446563541819528 0.2995131283505076
7 0.5388792379837418 0.267319327209041 0.014426100394189633 0.2833840960924429
5 0.560567397421022 0.26558336186222364 0.014426100394189633 0.283384096092443
40 0.6282491617059831 0.2762933671592774 0.012667600980356105 0.2832433421454037
22 0.6467236371250501 0.2667509345863331 0.012101897656708155 0.2993254564211218
55 0.6687048797979691 0.26499151024834255 0.013870628644356498 0.3075307264971933
51 0.6903930392352494 0.26325554490152525 0.012688064127986 0.2993723744034682
37 0.7123845134819835 0.25343160443450247 0.01208143450907853 0.2831964241630573
54 0.756917817938377 0.26196261196972337 0.01445679511563434 0.3075776444795397
6 0.7786213247363797 0.24812987242935766 0.0144261003941899 0.28338409609244297
8 0.8006025674092988 0.2463704480913671 0.013839933922912058 0.28333717811009657
40 0.8685671833560838 0.26512151052627986 0.012667600980356372 0.2832433421454037
30 0.8879209084820675 0.25550870097981593 0.014446563541819528 0.2995131283505075
48 0.9093262162575236 0.24573167849513958 0.0144261003941899 0.2833840960924429
65 0.93071106088535 0.25208368826852773 0.013860397070541685 0.29946621036816107
37 0.9518232854251673 0.24233012477502455 0.012667600980356372 0.28324334214540375
54 0.05581452718483108 0.8180296008736881 0.01445679511563439 0.30757764447953984
4 0.07752314976974105 0.8001646032688065 0.014415868820374787 0.2753195799634108
3 0.09950950822956763 0.7943729208662996 0.013839933922911858 0.2833371781100967
40 0.16747412417635268 0.8131239833012124 0.012667600980356172 0.2832433421454039
30 0.18683296508924385 0.7994789156902323 0.014456795115634408 0.30757764447953984
48 0.2088295551228853 0.7856227171586936 0.014436331968004581 0.29144861222147533
65 0.23138161690635992 0.7959131490319049 0.013860397070541618 0.2994662103681612
55 0.25307489213054757 0.7901449256205714 0.013860397070541685 0.2994662103681612
54 0.29674429424074683 0.7866495359357636 0.01445679511563434 0.30757764447953984
5 0.318149602016203 0.7768725134510872 0.013829702349096978 0.2752726619810644
0 0.34013596047602956 0.7710808310485807 0.014426100394189633 0.283384096092443