54 0.1004128534891073 0.5362321030369588 0.016235757677097697 0.3251143019650426
2 0.12185908755982308 0.49248439374968794 0.015032730013097337 0.3007330752961864
40 0.19081550052548882 0.41694216566406334 0.014436331968004581 0.29257472002627455
14 0.20962910126236176 0.36958447444623505 0.015618896484375214 0.30082691443706616
41 0.2322374367018183 0.333713603006237 0.01620506295565299 0.30092075357794584
37 0.25365809183799676 0.31012718404154677 0.01445679511563434 0.30870375228433905
41 0.2762664272774533 0.27425631260154876 0.016205062955653056 0.30092075357794584
53 0.3191179691236253 0.21901895854313594 0.015639359632004975 0.3169559466951307
48 0.3411452538787114 0.17920966817950149 0.016205062955653056 0.3009207535779459
40 0.3877966462143745 0.1408732469560281 0.014446563541819528 0.2817464939120562
22 0.40570541830979334 0.12535275661702594 0.015022498439282423 0.2507055132340519
55 0.4280053231528886 0.10748770025268668 0.016164136660393402 0.21497540050537337
51 0.4494157467152522 0.09562411141468177 0.014385174098930113 0.19124822282936355
55 0.4722967022427179 0.07972826451216074 0.015526812320041092 0.15945652902432148
54 0.516891396142001 0.043904312642602535 0.015455191303336864 0.08780862528520507
7 0.5386051345138184 0.02200699821374716 0.015404033434262264 0.04401399642749432
5 0.560308641311821 0.008174199913924042 0.015373338712817557 0.016348399827848085
54 0.059440440919468866 0.9580295844028205 0.01590834731502095 0.06704978583601057
4 0.08085086448183249 0.9425076815671624 0.015352875565187796 0.0911494950822276
3 0.10285257030238139 0.9228596815261086 0.014807635389169542 0.12331372045747686
40 0.17148008952405605 0.8755901794625368 0.014282858360781112 0.17160697809079065
30 0.1899852596645677 0.8403761820086968 0.015496117598596384 0.20405272088867898
48 0.2122902802945704 0.8126167462681708 0.015516580746226145 0.2201817531467437
65 0.2348781525863972 0.7928749070862373 0.014930414274948303 0.22008791400586397
55 0.2563090392963906 0.7612239719925148 0.016123210365133814 0.23640462454568775
54 0.3003329140851182 0.7057989396523426 0.016153905086578588 0.26059817293278453
5 0.3217484534343893 0.6862447787521685 0.01557797018911556 0.26856884992093705
0 0.3428862569087438 0.6546407632288859 0.016184599808023163 0.2847917213198813