54 0.10199296600234467 0.1493925266421027 0.015240328253223915 0.2685688499209371
2 0.12338804220398593 0.14072088109066389 0.014654161781946073 0.2442814623929606
40 0.19196951934349354 0.16782909283165506 0.013481828839390387 0.27635184862733025
14 0.2116060961313013 0.17097270405112552 0.015240328253223915 0.2766333660499694
41 0.23417350527549824 0.1705532529104784 0.015826494724501757 0.2686626890618168
37 0.2555685814771395 0.18204289768162027 0.01406799531066823 0.2845102038972422
41 0.2781359906213365 0.1856557046054893 0.015826494724501757 0.2847917213198813
53 0.3212192262602579 0.20868191371821285 0.015240328253223915 0.3088914305660984
48 0.343200468933177 0.20816862343668605 0.015826494724501757 0.29285623744891365
40 0.3898007033997655 0.2438546415882363 0.01406799531066823 0.29257472002627444
22 0.4079718640093787 0.24273139689099135 0.01406799531066823 0.30870375228433894
55 0.4305392731535756 0.2503764618793765 0.015826494724501757 0.3089852697069781
51 0.45193434935521687 0.2578338485860022 0.01406799531066823 0.31676826841337125
55 0.47450175849941384 0.26951117163890354 0.015826494724501757 0.3089852697069781
54 0.5196365767878077 0.28480130161567385 0.015826494724501757 0.3089852697069781
7 0.5413247362250879 0.2882733498282233 0.015826494724501757 0.2928562374489136
5 0.5630128956623681 0.2957776561052889 0.015826494724501757 0.2928562374489136
40 0.6307151230949589 0.34290639945754114 0.01406799531066823 0.29257472002627444
22 0.6491793669402111 0.33779781626621985 0.013481828839390387 0.3086099131434593
55 0.6711606096131302 0.3453490421137253 0.015240328253223915 0.3169559466951306
51 0.6928487690504103 0.35688560645530704 0.01406799531066823 0.30870375228433894
37 0.7148300117233294 0.36040457423829636 0.013481828839390387 0.29248088088539476
54 0.7590855803048066 0.3957152358263278 0.015826494724501757 0.3089852697069781
6 0.7810668229777257 0.39116968748028474 0.015826494724501757 0.27672720519084903
8 0.8030480656506448 0.40275317139230643 0.015240328253223915 0.26856884992093705
40 0.8707502930832356 0.4498819147445586 0.01406799531066823 0.2764456877682099
30 0.8900937866354045 0.4610431225226215 0.015826494724501757 0.27672720519084903
48 0.9114888628370457 0.4644682511647311 0.015826494724501757 0.2525336568037523
65 0.9328839390386869 0.48402241206490515 0.015240328253223915 0.2605043337919049
37 0.9539859320046893 0.4874006211365749 0.01406799531066823 0.24418762325208088
54 0.05920281359906213 0.6102842048417545 0.015826494724501757 0.31704978583601034
4 0.0805978898007034 0.5975803012257995 0.015826494724501757 0.2847917213198813
3 0.1025791324736225 0.605131527073305 0.015240328253223915 0.2927623983080338
40 0.1708675263774912 0.656386367630953 0.01406799531066823 0.29257472002627455
30 0.1899179366940211 0.6513716235805116 0.015826494724501757 0.31704978583601034
48 0.21189917936694022 0.6508583332989847 0.015826494724501757 0.30092075357794584
65 0.23446658851113716 0.6665679144164022 0.015240328253223915 0.3088914305660986
55 0.25615474794841736 0.6740722206934677 0.015240328253223915 0.3088914305660983
54 0.2998241500586166 0.6891277528180387 0.015826494724501757 0.31704978583601034
5 0.3212192262602579 0.6925528814601484 0.015240328253223915 0.28469788217900155
0 0.343200468933177 0.6960718492431376 0.015826494724501757 0.2928562374489136