54 0.03013745717501468 0.45294117647058824 0.017011016746671236 0.49411764705882355
3 0.057420721555323365 0.4294117647058823 0.014977692292875513 0.4588235294117647
40 0.1419972954499473 0.45294117647058824 0.014965931181397848 0.4235294117647059
19 0.1672511557469528 0.40588235294117647 0.01697965378273076 0.4
60 0.1945442210534929 0.4117647058823529 0.01631756044676911 0.43529411764705883
43 0.22284218747545315 0.4 0.014958090440412701 0.4
64 0.2494613983345539 0.40588235294117647 0.017003176005686165 0.47058823529411764
60 0.2767466229001089 0.38823529411764707 0.016333241928739327 0.4823529411764706
52 0.33064713795427203 0.36470588235294116 0.01632932155824681 0.47058823529411764
55 0.3572585080723876 0.34705882352941175 0.018346964530072202 0.4588235294117647
54 0.44115338677858706 0.34705882352941175 0.01699533526470098 0.4470588235294118
0 0.4680958035646835 0.31176470588235294 0.016321480817261626 0.4470588235294118
9 0.49605292239243154 0.28823529411764703 0.017003176005686165 0.47058823529411764
1 0.5223391263983052 0.3058823529411765 0.01631756044676911 0.43529411764705883
8 0.5502962452260531 0.2823529411764706 0.01698357415322343 0.4117647058823529
7 0.6048784554686408 0.2823529411764706 0.015643705999329755 0.43529411764705883
3 0.6314898255867564 0.2647058823529412 0.0176613489711553 0.4235294117647059
5 0.6584440034843305 0.2647058823529412 0.01631756044676911 0.43529411764705883
4 0.713357260394899 0.24705882352941178 0.016991414894208464 0.43529411764705883
2 0.7406464053309464 0.2411764705882353 0.01496201081090537 0.4117647058823529
1 0.767596662858028 0.22941176470588234 0.016325401187754142 0.4588235294117647
6 0.7958946292799883 0.21764705882352942 0.017665269341647815 0.43529411764705883