54 0.02998652291105121 0.31176470588235294 0.016172506738544475 0.49411764705882355
3 0.05727762803234501 0.29411764705882354 0.014150943396226415 0.4588235294117647
40 0.14184636118598382 0.3411764705882353 0.014150943396226415 0.4235294117647059
19 0.16711590296495957 0.3058823529411765 0.016172506738544475 0.4
60 0.19440700808625336 0.3176470588235294 0.01549865229110512 0.43529411764705883
43 0.2227088948787062 0.3176470588235294 0.014150943396226415 0.4
64 0.24932614555256064 0.32941176470588235 0.016172506738544475 0.47058823529411764
60 0.27661725067385445 0.3176470588235294 0.01549865229110512 0.4823529411764706
52 0.3305256064690027 0.31176470588235294 0.01549865229110512 0.47058823529411764
55 0.35747978436657685 0.3058823529411765 0.01752021563342318 0.4588235294117647
54 0.4410377358490566 0.32941176470588235 0.016172506738544475 0.4470588235294118
0 0.4683288409703504 0.3 0.01549865229110512 0.4470588235294118
9 0.49629380053908356 0.28823529411764703 0.016172506738544475 0.47058823529411764
1 0.5225741239892183 0.31176470588235294 0.01549865229110512 0.43529411764705883
8 0.5505390835579514 0.3 0.016172506738544475 0.4117647058823529
7 0.605121293800539 0.31176470588235294 0.014824797843665768 0.43529411764705883
3 0.6317385444743935 0.3058823529411765 0.016846361185983826 0.4235294117647059
5 0.6586927223719676 0.31176470588235294 0.01549865229110512 0.43529411764705883
4 0.7136118598382749 0.31176470588235294 0.016172506738544475 0.43529411764705883
2 0.7409029649595688 0.31176470588235294 0.014150943396226415 0.4117647058823529
1 0.7678571428571429 0.31176470588235294 0.01549865229110512 0.4588235294117647
6 0.7961590296495957 0.29411764705882354 0.016846361185983826 0.47058823529411764