49 0.17296916406745144 0.49784766842151906 0.04133407200827235 0.06117384933607006
45 0.2713703014003605 0.495295361043535 0.041334072008272396 0.06117384933607006
43 0.36896291673295145 0.4903947584860111 0.041334072008272396 0.06117384933607006
40 0.46498394139876975 0.48470381556940756 0.041334072008272216 0.06117384933607006
13 0.5126765540658607 0.48810607152133595 0.041334072008272216 0.06117384933607006
40 0.6079254193984516 0.4831918334251927 0.041334072008272216 0.06117384933607006
12 0.656381100731997 0.4850361345566608 0.041334072008272396 0.06117384933607006
54 0.7477418973981333 0.4816616705628184 0.04129770934118149 0.05804884933607006
3 0.7938447380649061 0.48271108615566716 0.04129770934118149 0.05804884933607006
66 0.8860140567313607 0.48168491734136454 0.04129770934118149 0.05804884933607006
40 0.12556909476445005 0.7209942769309714 0.04129770934118149 0.05804884933607006
11 0.17166284476445007 0.72126244252382 0.04129770934118149 0.05804884933607006
64 0.270036710097041 0.716366385145836 0.042805665340545127 0.05337043969514958
57 0.3692190974299501 0.7138186229473916 0.042805665340545127 0.05337043969514958
40 0.46684807542963186 0.7120430203898678 0.04280566534054522 0.05337043969514958
33 0.5160213720957684 0.7084231167008758 0.04280566534054522 0.05337043969514958
40 0.6120605780951319 0.7042946737842722 0.04280566534054522 0.05337043969514958
29 0.6573548967615865 0.7029957941975813 0.04280566534054522 0.05337043969514958
40 0.7487338747612684 0.7011838302037388 0.04280566534054522 0.05337043969514976
27 0.7955725120941775 0.6983315409761273 0.04280566534054522 0.05337043969514958
40 0.8853708087603138 0.6949479866232053 0.04280566534054486 0.05337043969514958
22 0.9345622867599956 0.6928905829342134 0.04280566534054522 0.05337043969514958
63 0.23764347545349446 0.8864788972460843 0.04129770934118149 0.05804884933607006
40 0.3820383654519036 0.875601005460949 0.04129770934118149 0.05804884933607006
36 0.42970370611867637 0.8766595114128772 0.04129770934118149 0.05804884933607006
40 0.5249434807844946 0.870964023316734 0.04129770934118149 0.05804884933607006
35 0.5733809807844945 0.8712458244482022 0.04129770934118149 0.05804884933607006
40 0.71236166478354 0.8650236164062882 0.04129770934118149 0.05804884933607006
34 0.7600088241167674 0.8645196223582164 0.04129770934118149 0.05804884933607006
40 0.8497889394493583 0.8595735680052945 0.04129770934118149 0.05804884933607006
32 0.8990076894493584 0.8598599143163025 0.03815452800763595 0.056468168617910666