54 0.0847810670081334 0.3711972631226644 0.016587963097789784 0.06660513969271434
1 0.10827257494618696 0.3666080644368239 0.01422753214042618 0.06159142274537801
54 0.18023134096607574 0.3603272753022336 0.01599358256922224 0.06327874196500131
9 0.2046007467714554 0.3540941740371501 0.015986746106459733 0.059961992379595014
3 0.2527673963576256 0.34908100993184055 0.015986746106459733 0.059961992379595014
0 0.27684986659286537 0.34615983418101 0.016574290172264666 0.05997164052190173
1 0.3232521748659301 0.34028853825242866 0.014815076206231115 0.06160107088768463
0 0.3479221891669748 0.33737701064390485 0.015986746106459733 0.059961992379595014
0 0.3952075226544376 0.33234937432513517 0.015986746106459733 0.059961992379595014
0 0.41928999288967733 0.3294281985743046 0.015990164337840986 0.061620367172298164
59 0.46716628867432636 0.3260685851905449 0.01658454486640843 0.06494676490001118
48 0.4915374035953966 0.3206646713218129 0.01540262027203605 0.06161071902999144
65 0.5153312291448059 0.3202262336888837 0.01658454486640843 0.06494676490001118
37 0.5379397118684615 0.3147933753932316 0.014224113909044926 0.05993304795267486
37 0.5861097796860129 0.3114385860806252 0.014220695677663672 0.05827467315997171
37 0.6096047058554477 0.3085077621874879 0.014815076206231115 0.06160107088768463
51 0.6331030502562638 0.30723531308705376 0.013646824537383752 0.0648985241884775
48 0.6577730645573086 0.30432378547852995 0.0165742901722644 0.05997164052190173
59 0.681565180991027 0.30305616044924916 0.016581126635027175 0.06328839010730804
54 0.08058128951316441 0.4714565770139046 0.016584544866408497 0.06494676490001118
2 0.10172262118799823 0.4668287857588372 0.014811657974849795 0.05994269609498167
40 0.1710425662588367 0.4629921421729214 0.014220695677663538 0.058274673159971514
14 0.19012407547197197 0.4566722076270773 0.015986746106459733 0.05996199237959492
41 0.21332522960850434 0.45373655966278664 0.015990164337840986 0.06162036717229807
37 0.23447168863041004 0.45159633059677406 0.014815076206231115 0.06160107088768482
41 0.2567898175525444 0.4478170230226718 0.015399202040654796 0.05995234423728829
53 0.30026295107503764 0.44604342336431463 0.015406038503417305 0.06326909382269459
48 0.32228559884857894 0.44143010432270746 0.016577708403645922 0.06163001531460488
40 0.3689885156173086 0.43888038205068575 0.014224113909044926 0.05993304795267486
22 0.3874876081117109 0.43503836155158976 0.01481849443761237 0.06325944568038779
55 0.4098091552652265 0.43291742877019057 0.015997000800603494 0.06493711675770437
51 0.43124767720434404 0.42995283637897974 0.01481849443761237 0.06325944568038797
55 0.4538629963907621 0.427836727668734 0.01599358256922224 0.06327874196500122
54 0.4993856976808101 0.4227801469230441 0.016581126635027175 0.06328839010730804
7 0.5211145734214488 0.4181620038102835 0.016574290172264666 0.05997164052190173
5 0.5425530953605664 0.4151974114190727 0.015399202040654796 0.05995234423728829
40 0.6106979522997951 0.4113414715485434 0.014224113909044926 0.05993304795267486
22 0.6291987539098879 0.4083286384457989 0.014230950371807702 0.06324979753808116
55 0.6518123639806154 0.40538334233920154 0.01599358256922224 0.06327874196500141
51 0.673250885919733 0.4024187499479907 0.014818494437612637 0.06325944568038788
37 0.6952752428089648 0.39863461830273506 0.01422753214042618 0.06159142274537801
54 0.7396262741987841 0.3952171160651349 0.01658454486640843 0.06494676490001118
6 0.761650631088016 0.3914329844198792 0.015990164337840986 0.061620367172298164
8 0.7836784062086292 0.3893072275673267 0.015986746106459733 0.059961992379595104
40 0.8521170351807602 0.38545611176795075 0.014815076206231115 0.061601070887684725
30 0.8712036717409674 0.3816237394111614 0.01599358256922251 0.06327874196500131
48 0.8926387754487037 0.3770007722272475 0.015990164337840986 0.061620367172298164
65 0.9140824247348931 0.3765237420250913 0.01658454486640843 0.06494676490001118
37 0.9358130095912226 0.3727347863086823 0.01422753214042618 0.06159142274537801
54 0.036151834667463814 0.5793468671206499 0.016000419031984847 0.06659549155040771
4 0.058171064209623737 0.5730751732863394 0.01657087194088333 0.05831326572919858
3 0.07990335818164376 0.5701154049662819 0.016574290172264635 0.05997164052190173
40 0.14834540538515614 0.5679226639596092 0.014224113909044859 0.059933047952674665
30 0.1677223957468845 0.56243674088127 0.01717208893221343 0.06495641304231799
48 0.1900388155533282 0.5578282459108161 0.016577708403645922 0.06163001531460488
65 0.2126558438554369 0.5565413245969218 0.016584544866408497 0.06494676490001118
55 0.2343881378274569 0.5535815562768646 0.01599358256922224 0.06327874196500122
54 0.27814991603578076 0.5493252185006061 0.01599358256922224 0.06327874196500122
5 0.29958501974351703 0.5447022513166921 0.015399202040654796 0.05995234423728829
0 0.32161279486413014 0.5425764944641396 0.016574290172264666 0.05997164052190173
54 0.0827609459390966 0.6738072461506092 0.01599700080060356 0.06493711675770455
3 0.10713206086016688 0.6684033322818772 0.01598332787507841 0.058303617586891766
40 0.1811506493417542 0.6638146864380636 0.014811657974849861 0.05994269609498167
19 0.20287439773532104 0.6567089811362483 0.015986746106459667 0.05996199237959492
60 0.2269637044333234 0.657104554970824 0.016584544866408497 0.06494676490001118
43 0.25074727528858876 0.6516909929597854 0.015399202040654796 0.05995234423728829
64 0.2745393917223074 0.6504233679305045 0.01599358256922224 0.06327874196500122
60 0.2986235710732378 0.6483313795760255 0.01599358256922224 0.06327874196500122
52 0.34590719544500986 0.6424745558609043 0.016581126635027175 0.06328839010730804
55 0.36969589364734723 0.6395485560389205 0.015406038503417305 0.06326909382269459
54 0.44165124143585466 0.6316093921116269 0.016581126635027175 0.06328839010730822
0 0.46514274937390826 0.6270201934257865 0.016574290172264666 0.05997164052190192
9 0.48981276367495297 0.6241086658172627 0.01540262027203605 0.06161071902999144
1 0.5130139178114853 0.6211730178529721 0.014811657974849861 0.05994269609498167
8 0.5370980971624157 0.619081029498493 0.015399202040654796 0.05995234423728829
7 0.5849692655999928 0.6132338539256785 0.016574290172264666 0.05997164052190173
3 0.6081704197365251 0.6102982059613878 0.015986746106459733 0.05996199237959492
5 0.6319608270545531 0.6082013935357555 0.015986746106459733 0.05996199237959492
4 0.6798337046078208 0.6031834053592926 0.016574290172264666 0.05997164052190173
2 0.7024473146785484 0.6002381092526952 0.014815076206231115 0.06160107088768482
1 0.7268235569466905 0.597321757573018 0.01422753214042618 0.06159142274537801
6 0.7514935712477352 0.5944102299644941 0.0165742901722644 0.05997164052190173
54 0.08208643283895722 0.7741244488956898 0.015990164337840986 0.06162036717229807
4 0.10645925687571817 0.7695497224233093 0.015990164337840986 0.06162036717229807
40 0.18076990827451733 0.7641367132542974 0.014220695677663606 0.05827467315997171
30 0.20220501198225357 0.7595137460703836 0.01599358256922224 0.06327874196500122
43 0.2265761269033239 0.7541098322016515 0.015986746106459667 0.05996199237959492
19 0.2491965734368139 0.7544812856804606 0.013643406306002498 0.06324014939577434
40 0.3240930597857274 0.7482487372574037 0.014811657974849861 0.05994269609498167
24 0.3452326823448706 0.7427917586059849 0.015997000800603494 0.06493711675770437
55 0.3690230896628985 0.7406949461803525 0.015997000800603494 0.06493711675770455
53 0.44068466541850354 0.7327509581819056 0.015997000800603494 0.06493711675770437
48 0.4644699453894595 0.7281665835672186 0.016577708403645922 0.06163001531460488
40 0.5149918985859213 0.7256795742201906 0.013636569843239991 0.059923399810368046
12 0.5367156469794881 0.7185738689183753 0.015395783809273544 0.05829396944458514
43 0.5602139913803044 0.7173014198179412 0.015399202040654796 0.05995234423728829
51 0.583418563748218 0.7160241466463537 0.01481849443761237 0.06325944568038797
65 0.6077948060163602 0.7131077949666764 0.01599358256922224 0.06327874196500122
54 0.6791626097390628 0.7051589828970763 0.015997000800603494 0.06493711675770437
9 0.7029478897100188 0.7005746082823892 0.015986746106459733 0.05996199237959492
2 0.7264445249951443 0.6984729717856035 0.014224113909044659 0.05993304795267486
6 0.7508207672632865 0.6955566201059262 0.015986746106459733 0.05996199237959492
4 0.7989857077337661 0.6897142686042651 0.015990164337840986 0.06162036717229807
5 0.8221868618702983 0.6867786206399745 0.015986746106459733 0.05996199237959492
7 0.8697659673906636 0.6817558083923582 0.015990164337840986 0.06162036717229807
8 0.8932626026757892 0.6796541718955725 0.015983327875078477 0.058303617586891766
54 0.08170569177172032 0.8744464757119236 0.015993582569222273 0.06327874196500122
5 0.10607851580848127 0.8698717492395434 0.01598332787507841 0.05830361758689214
40 0.1803908763229711 0.8652879274668831 0.014224113909044926 0.059933047952674665
21 0.20094466393199995 0.8606504880695088 0.014230950371807435 0.06324979753808097
51 0.2250254250515491 0.8569001249223267 0.01482191266899369 0.06491782047309112
37 0.2491061861710982 0.8531497617751446 0.01422753214042618 0.06159142274537782
59 0.2737796187035242 0.851896608959324 0.015406038503417305 0.06326909382269459
43 0.2975648986744802 0.8473122343446369 0.015986746106459733 0.05996199237959492
53 0.3448553595090149 0.8447721602149219 0.01658454486640843 0.06494676490001138
48 0.36863893036428025 0.8393585982038833 0.015986746106459733 0.05996199237959492
51 0.391255958666389 0.838071676889989 0.01481849443761237 0.06325944568038779
37 0.415924263851743 0.8343309618851136 0.014811657974849861 0.05994269609498167
54 0.4881750927888437 0.8272258094253251 0.01599358256922224 0.06327874196500141
7 0.5125479168256046 0.8226510829529448 0.015986746106459733 0.05996199237959492
4 0.5595377691644743 0.8167894351666701 0.015986746106459733 0.05996199237959492
5 0.5836219485154047 0.8146974468121911 0.015399202040654796 0.05995234423728829
8 0.6306118008542743 0.8088357990259166 0.015399202040654529 0.05995234423728829
5 0.6781909063746395 0.8038129867783003 0.015986746106459466 0.059961992379595104
0 0.7022733766098794 0.8008918110274699 0.015986746106459733 0.05996199237959492
53 0.7498576094773166 0.7983565609689082 0.015997000800603494 0.06493711675770437
61 0.7977287779148936 0.7925093853960937 0.015997000800603494 0.06493711675770437