49 0.1671875 0.49140625 0.0390625 0.0609375
45 0.265625 0.48984375 0.0390625 0.0609375
43 0.36328125 0.4859375 0.0390625 0.0609375
40 0.459375 0.48125 0.0390625 0.0609375
13 0.50703125 0.48515625 0.0390625 0.0609375
40 0.60234375 0.48125 0.0390625 0.0609375
12 0.65078125 0.48359375 0.0390625 0.0609375
54 0.7421875 0.48125 0.0390625 0.0578125
3 0.78828125 0.4828125 0.0390625 0.0578125
66 0.88046875 0.4828125 0.0390625 0.0578125
40 0.11328125 0.71328125 0.0390625 0.0578125
11 0.159375 0.7140625 0.0390625 0.0578125
64 0.2578125 0.7109375 0.040625 0.053125
57 0.35703125 0.709375 0.040625 0.053125
40 0.4546875 0.70859375 0.040625 0.053125
33 0.50390625 0.70546875 0.040625 0.053125
40 0.6 0.70234375 0.040625 0.053125
29 0.64609375 0.7015625 0.040625 0.053125
40 0.7375 0.70078125 0.040625 0.053125
27 0.784375 0.6984375 0.040625 0.053125
40 0.87421875 0.69609375 0.040625 0.053125
22 0.9234375 0.69453125 0.040625 0.053125
63 0.2203125 0.88046875 0.0390625 0.0578125
40 0.365625 0.87109375 0.0390625 0.0578125
36 0.41328125 0.87265625 0.0390625 0.0578125
40 0.50859375 0.86796875 0.0390625 0.0578125
35 0.55703125 0.86875 0.0390625 0.0578125
40 0.69609375 0.8640625 0.0390625 0.0578125
34 0.74375 0.86484375 0.0390625 0.0578125
40 0.83359375 0.8609375 0.0390625 0.0578125
32 0.8828125 0.86171875 0.0359375 0.05625