54 0.09326627364849205 0.35779298959567873 0.01482191266899369 0.0654002929074717
1 0.11676119981792689 0.35563412159755053 0.013049025777435021 0.060338327410316354
54 0.18902399256486202 0.356707045289376 0.014815076206231115 0.06208354332206539
9 0.21310475368441112 0.3537479369345782 0.014811657974849861 0.06042516852936224
3 0.26098617681613206 0.3544487458759542 0.014220695677663538 0.058737846696977195
0 0.28536583731565557 0.3539916732300521 0.014808239743468473 0.05876679373665909
1 0.33118914710136865 0.35376198013618976 0.013049025777435056 0.060338327410316354
0 0.35586428874948534 0.3541485684064801 0.014811657974849861 0.06042516852936224
0 0.4031564586997106 0.35399124291182266 0.014808239743468607 0.05876679373665909
0 0.4272423471663317 0.3535196967460796 0.014811657974849861 0.06042516852936224
59 0.4748334164965315 0.3558644069603178 0.015406038503417305 0.06377086515445045
48 0.49920965876467366 0.3537489595217125 0.014224113909044926 0.060396221489680345
65 0.5230086116611549 0.35657968942153473 0.01481849443761237 0.06374191811476855
37 0.5456188035005011 0.3527190260711805 0.013045607546053802 0.058679952617613204
37 0.5937957077808151 0.354263495928749 0.013042189314672548 0.057021577824910054
37 0.6170019892644194 0.3545777165998346 0.013636569843239724 0.06036727444999835
51 0.6405054610123074 0.35656478558346427 0.012468318174392628 0.06362612995604076
48 0.6651771844290428 0.35529299906105155 0.014808239743468607 0.05876679373665909
59 0.6892699093584265 0.3581382024807148 0.014815076206231115 0.06208354332206539
54 0.09053364720234479 0.457150741959458 0.01481849443761237 0.06374191811476855
2 0.11167839710855988 0.4548760858026021 0.01363315161185867 0.058708899657295296
40 0.18101030598923287 0.459121023881424 0.0124580634802488 0.058651005577931306
14 0.19980146140084695 0.45507220477313703 0.014220695677663606 0.058737846696977195
41 0.22300774288445124 0.4553864254442227 0.014224113909044926 0.06039622148968016
37 0.24415591102204767 0.4547701440800698 0.013049025777435056 0.060338327410316354
41 0.26647916729125387 0.4542117567952808 0.014220695677663606 0.058737846696977195
53 0.3099574281608191 0.45635383773174537 0.01422753214042618 0.062054596282383495
48 0.3319834941657416 0.4541226021344123 0.015399202040654796 0.06045411556904414
40 0.3786966656286152 0.4580822665818307 0.013045607546053802 0.058679952617613204
22 0.3971974672387082 0.4556773487464059 0.013055862240197563 0.06365507699572266
55 0.41923036970639327 0.45676286273447914 0.014230950371807435 0.06371297107508665
51 0.4409660819097945 0.45617552841000814 0.013639988074621245 0.0620256492427016
55 0.46358481932759393 0.4564608020414119 0.014815076206231115 0.06208354332206539
54 0.5088222941631926 0.45703134930421907 0.01540262027203605 0.06211249036174729
7 0.5305545881352126 0.45478564018704504 0.014811657974849861 0.06042516852936224
5 0.551702756272809 0.45416935882289217 0.014224113909044926 0.060396221489680345
40 0.6201533490547747 0.45837087634219126 0.013049025777434789 0.060338327410316354
22 0.6383620877476557 0.45678067238327713 0.012464899943011374 0.06196775516333761
55 0.660685344016862 0.4562222850984881 0.014815076206231115 0.06208354332206539
51 0.6821289933030514 0.4564496646505279 0.013643406306002765 0.06368402403540474
37 0.7041567684236646 0.4550476164495464 0.013049025777435056 0.060338327410316354
54 0.7485163453919372 0.45723311794553384 0.015409456734798559 0.06542923994715379
6 0.7705424113968596 0.45500188234820077 0.014811657974849594 0.06042516852936224
8 0.7925753138645447 0.456087396336274 0.014808239743468607 0.05876679373665909
40 0.860732134613608 0.46027444033573206 0.013049025777435056 0.060338327410316354
30 0.8801142523224083 0.4579129430598302 0.014815076206231115 0.06208354332206539
48 0.9015544833772164 0.4564819478191668 0.014811657974849861 0.06042516852936224
65 0.9230015508947872 0.4583677021639096 0.01481849443761237 0.06374191811476855
37 0.944148009916693 0.45692223340340526 0.013049025777434789 0.060338327410316354
54 0.0478599880912964 0.5603444073993256 0.01482191266899369 0.0654002929074717
4 0.06959057294762579 0.5572695108857998 0.015392365577892171 0.05713736598363803
3 0.09132628515102709 0.556682176561329 0.014808239743468541 0.05876679373665909
40 0.15977687793299272 0.5608836940806281 0.013045607546053734 0.058679952617613204
30 0.179158995641793 0.5585221968047263 0.015406038503417305 0.06377086515445045
48 0.20118506164671549 0.5562909612073932 0.014811657974849861 0.06042516852936224
65 0.2238055081802055 0.5574054222351483 0.015406038503417305 0.06377086515445045
55 0.24554292949929749 0.5576472753070291 0.014815076206231115 0.06208354332206539
54 0.28931154417038385 0.5581454549706314 0.01481849443761237 0.06374191811476855
5 0.31075006610950145 0.5558852723336164 0.014220695677663672 0.05873784669697701
0 0.33278125946149595 0.5561415989253381 0.014808239743468607 0.05876679373665909
54 0.09535725192439916 0.6596895694668571 0.014818494437612403 0.06374191811476855
3 0.11973520330823202 0.6584033094246035 0.01480482151208722 0.05710841894395594
40 0.19405952763255638 0.6620651099443704 0.013049025777435056 0.060338327410316354
19 0.215492922224602 0.6573173651183007 0.014808239743468473 0.05876679373665909
60 0.23958564715398561 0.660162568537964 0.01481849443761237 0.06374191811476855
43 0.2633726362406323 0.6571889866633251 0.014220695677663606 0.058737846696977195
64 0.2871698800214228 0.6591905291667958 0.014815076206231115 0.06208354332206539
60 0.31125576848804387 0.6587189830010527 0.014815076206231115 0.06208354332206539
52 0.35854964755395985 0.6593908449027467 0.014815076206231115 0.06208354332206539
55 0.382047991954776 0.6588903516973217 0.01422753214042618 0.062054596282383495
54 0.45401530355311803 0.6591196144729546 0.014815076206231115 0.06208354332206539
0 0.47751022972255286 0.6569607464748265 0.014808239743468607 0.05876679373665909
9 0.5018915993377671 0.6573328612252759 0.014224113909044926 0.060396221489680345
1 0.5250978808213713 0.6576470818963615 0.013633151611858603 0.058708899657295296
8 0.5494775413208948 0.6571900092504595 0.014220695677663672 0.058737846696977195
7 0.5973572553369252 0.6570616307954839 0.015395783809273544 0.05879574077634118
3 0.6205635368205294 0.6573758514665694 0.014808239743468607 0.05876679373665909
5 0.6440635903370362 0.6577045456574959 0.014220695677663672 0.05873784669697701
4 0.6919433043530665 0.6575761672025204 0.014808239743468607 0.05876679373665909
2 0.7145620417708659 0.6578614408339241 0.013636569843239991 0.06036727444999845
1 0.7389417022703895 0.6574043681880218 0.01246148171163012 0.060309380370634456
6 0.7636151348028155 0.6569617690619608 0.015395783809273544 0.05879574077634118
54 0.09644708013736523 0.7608938523812722 0.014815076206231115 0.06208354332206539
4 0.12053125948829566 0.7595931188191776 0.014811657974849828 0.06042516852936224
40 0.19485387469692933 0.762425731942593 0.013045607546053668 0.058679952617613204
30 0.21629239663604688 0.760165549305578 0.014815076206231115 0.06208354332206539
43 0.24066863890418913 0.7580501018669727 0.014808239743468541 0.05876679373665909
19 0.2632907945533698 0.7599937502910794 0.012464899943011374 0.06196775516333742
40 0.33819924471211776 0.7620261230578254 0.013045607546053802 0.058679952617613204
24 0.3593422855026422 0.7589222795046178 0.01481849443761237 0.06374191811476855
55 0.3828440481348396 0.7600801610918958 0.01481849443761237 0.06374191811476855
53 0.4545175877002792 0.7602949503476878 0.01481849443761237 0.06374191811476855
48 0.4783062859026164 0.7581505558694006 0.015399202040654796 0.06045411556904414
40 0.5288367846775315 0.7614691886784002 0.012458063480248867 0.058651005577931306
12 0.5502718883852679 0.757550631248682 0.014220695677663538 0.05873784669697701
43 0.5737736510174652 0.7587085128359601 0.014220695677663538 0.058737846696977195
51 0.5972754136496627 0.7598663944232381 0.013055862240197563 0.06365507699572266
65 0.6216567832648767 0.7602385091736876 0.014815076206231115 0.06208354332206539
54 0.692449006731609 0.7604098778699567 0.014230950371807435 0.06371297107508665
9 0.7165297678511581 0.7574507695151589 0.014220695677663672 0.058737846696977195
2 0.739737758450453 0.758594177582596 0.013045607546053802 0.058679952617613204
6 0.764411190982879 0.7581515784565349 0.014808239743468607 0.05876679373665909
4 0.8122909049989092 0.7580232000015593 0.014811657974849594 0.06042516852936224
5 0.8354971864825137 0.7583374206726449 0.014808239743468607 0.05876679373665909
7 0.8830831284656414 0.7581945686978283 0.014811657974849861 0.06042516852936224
8 0.9065848910978389 0.7593524502851065 0.014804821512087354 0.05710841894395594
54 0.09753519923464068 0.8612689478993357 0.014815076206231115 0.06208354332206539
5 0.12161937858557109 0.8599682143372411 0.01480482151208722 0.05710841894395594
40 0.1959437029098954 0.8636300148570082 0.013045607546053734 0.058679952617613204
21 0.2165009087503056 0.8613264116604703 0.013055862240197563 0.06365507699572266
51 0.2405867972169266 0.8608548654947271 0.013055862240197563 0.06365507699572266
37 0.2643737863035733 0.8578812836200883 0.013049025777435056 0.060338327410316354
59 0.2890540552987619 0.8607554340794334 0.014230950371807435 0.06371297107508646
43 0.3128427535010992 0.8586110396011463 0.014808239743468607 0.05876679373665909
53 0.360433822831299 0.8609557498153845 0.01481849443761237 0.06374191811476855
48 0.38392874900073376 0.8587968818172562 0.014808239743468607 0.05876679373665909
51 0.40655090464991445 0.8607405302413631 0.013052444008816309 0.061996702203019505
37 0.43122091895095915 0.8586395563225987 0.013633151611858737 0.058708899657295296
54 0.5034854208135849 0.8605416674107758 0.014815076206231115 0.06208354332206539
7 0.5275696001645153 0.8592409338486813 0.014808239743468607 0.05876679373665909
4 0.5745679980818382 0.8590691348341826 0.014808239743468607 0.05876679373665909
5 0.5986538865484593 0.8585975886684396 0.014220695677663538 0.05873784669697701
8 0.6456539935814728 0.8592549770502927 0.014220695677663672 0.05873784669697738
5 0.6932399355646006 0.8591121250754761 0.014808239743468607 0.05876679373665909
0 0.7170320519983192 0.858626105389892 0.014808239743468607 0.05876679373665909
53 0.764623121328519 0.8609708156041302 0.014818494437612637 0.06374191811476855
61 0.8127983164931424 0.8616860980653472 0.01481849443761237 0.06374191811476855