54 0.0863689776733255 0.3598673300165838 0.01645123384253819 0.06799336650082918
1 0.10987074030552292 0.351575456053068 0.01410105757931845 0.06301824212271974
54 0.1818448883666275 0.3358208955223881 0.015863689776733254 0.06467661691542288
9 0.20593419506462984 0.32587064676616917 0.01527614571092832 0.06135986733001658
3 0.25440658049353704 0.3150912106135987 0.01527614571092832 0.06135986733001658
0 0.2784958871915394 0.30845771144278605 0.015863689776733254 0.06135986733001658
1 0.32461809635722677 0.296849087893864 0.014688601645123384 0.06301824212271974
0 0.3492949471210341 0.291044776119403 0.01527614571092832 0.06135986733001658
0 0.39659224441833135 0.27943615257048093 0.01527614571092832 0.06135986733001658
0 0.4206815511163337 0.2736318407960199 0.015863689776733254 0.06301824212271974
59 0.46856639247943593 0.2645107794361526 0.01645123384253819 0.06633499170812604
48 0.4929494712103408 0.25538971807628524 0.01527614571092832 0.06301824212271974
65 0.5167450058754407 0.25207296849087896 0.01645123384253819 0.06633499170812604
37 0.5393654524089306 0.24378109452736318 0.013513513513513514 0.06135986733001658
37 0.5875440658049353 0.2330016583747927 0.013513513513513514 0.05970149253731343
37 0.6107520564042304 0.22719734660033167 0.014688601645123384 0.06301824212271974
51 0.6342538190364277 0.2230514096185738 0.013513513513513514 0.06633499170812604
48 0.6592244418331374 0.21724709784411278 0.015863689776733254 0.06135986733001658
59 0.6830199764982373 0.21227197346600332 0.01645123384253819 0.06467661691542288
54 0.08254994124559342 0.4601990049751244 0.01645123384253819 0.06633499170812604
2 0.10370152761457109 0.4519071310116086 0.01410105757931845 0.06135986733001658
40 0.17303172737955347 0.439469320066335 0.013513513513513514 0.05970149253731343
14 0.1918331374853114 0.4311774461028192 0.01527614571092832 0.06135986733001658
41 0.2153349001175088 0.42454394693200664 0.015863689776733254 0.06301824212271974
37 0.23648648648648649 0.42039800995024873 0.014688601645123384 0.06301824212271974
41 0.258813160987074 0.41376451077943616 0.014688601645123384 0.06135986733001658
53 0.30229142185663926 0.4054726368159204 0.01527614571092832 0.06467661691542288
48 0.32403055229142186 0.39800995024875624 0.01645123384253819 0.06301824212271974
40 0.3707403055229142 0.38971807628524047 0.013513513513513514 0.06135986733001658
22 0.3892479435957697 0.38308457711442784 0.014688601645123384 0.06467661691542288
55 0.4115746180963572 0.3781094527363184 0.015863689776733254 0.06633499170812604
51 0.43331374853113985 0.3723051409618574 0.014688601645123384 0.06467661691542288
55 0.45593419506462984 0.3673300165837479 0.015863689776733254 0.06467661691542288
54 0.5011750881316098 0.35572139303482586 0.01645123384253819 0.06467661691542288
7 0.5229142185663925 0.3490878938640133 0.015863689776733254 0.06135986733001658
5 0.5443595769682726 0.34328358208955223 0.014688601645123384 0.06135986733001658
40 0.6125146886016452 0.3308457711442786 0.013513513513513514 0.06135986733001658
22 0.6307285546415982 0.324212271973466 0.01410105757931845 0.06467661691542288
55 0.6536427732079906 0.31840796019900497 0.015863689776733254 0.06467661691542288
51 0.6750881316098707 0.31343283582089554 0.014688601645123384 0.06467661691542288
37 0.6971210340775558 0.3067993366500829 0.01410105757931845 0.06301824212271974
54 0.7414806110458284 0.29767827529021557 0.01645123384253819 0.06633499170812604
6 0.763219741480611 0.2902155887230514 0.015863689776733254 0.06301824212271974
8 0.7852526439482961 0.28524046434494194 0.01527614571092832 0.06135986733001658
40 0.8537015276145711 0.2728026533996683 0.014688601645123384 0.06301824212271974
30 0.8730904817861339 0.26616915422885573 0.015863689776733254 0.06467661691542288
48 0.8945358401880141 0.25870646766169153 0.015863689776733254 0.06301824212271974
65 0.9159811985898942 0.2562189054726368 0.01645123384253819 0.06633499170812604
37 0.9374265569917744 0.24875621890547264 0.01410105757931845 0.06301824212271974
54 0.038484136310223266 0.5737976782752903 0.015863689776733254 0.06799336650082918
4 0.060517038777908344 0.5646766169154229 0.015863689776733254 0.05970149253731343
3 0.08225616921269095 0.5588723051409619 0.015863689776733254 0.06135986733001658
40 0.15070505287896593 0.5472636815920398 0.013513513513513514 0.06135986733001658
30 0.1700940070505288 0.538971807628524 0.017038777908343124 0.06633499170812604
48 0.19212690951821387 0.5315091210613598 0.01645123384253819 0.06301824212271974
65 0.2147473560517039 0.527363184079602 0.01645123384253819 0.06633499170812604
55 0.23678025851938894 0.521558872305141 0.015863689776733254 0.06467661691542288
54 0.2805522914218566 0.511608623548922 0.015863689776733254 0.06467661691542288
5 0.3019976498237368 0.5041459369817579 0.014688601645123384 0.06135986733001658
0 0.3237367802585194 0.49917081260364843 0.015863689776733254 0.06135986733001658
54 0.0854876615746181 0.6616915422885572 0.015863689776733254 0.06633499170812604
3 0.10987074030552292 0.6533996683250415 0.01527614571092832 0.05970149253731343
40 0.18390129259694477 0.6384742951907131 0.01410105757931845 0.06135986733001658
19 0.2056404230317274 0.6293532338308457 0.01527614571092832 0.06135986733001658
60 0.22972972972972974 0.6252072968490879 0.01645123384253819 0.06633499170812604
43 0.2535252643948296 0.6169154228855721 0.014688601645123384 0.06135986733001658
64 0.2773207990599295 0.6127694859038143 0.015863689776733254 0.06467661691542288
60 0.30141010575793187 0.6077943615257048 0.015863689776733254 0.06467661691542288
52 0.3487074030552291 0.5953565505804311 0.01645123384253819 0.06467661691542288
55 0.37220916568742657 0.5895522388059702 0.01527614571092832 0.06467661691542288
54 0.44447708578143363 0.572139303482587 0.01645123384253819 0.06467661691542288
0 0.467978848413631 0.5646766169154229 0.015863689776733254 0.06135986733001658
9 0.49236192714453586 0.5588723051409619 0.01527614571092832 0.06301824212271974
1 0.5155699177438308 0.5522388059701493 0.01410105757931845 0.06135986733001658
8 0.5396592244418331 0.5472636815920398 0.014688601645123384 0.06135986733001658
7 0.5875440658049353 0.5356550580431177 0.015863689776733254 0.06135986733001658
3 0.6107520564042304 0.5290215588723052 0.01527614571092832 0.06135986733001658
5 0.6345475910693302 0.5232172470978441 0.01527614571092832 0.06135986733001658
4 0.6824324324324325 0.5124378109452736 0.015863689776733254 0.06135986733001658
2 0.7050528789659224 0.5066334991708126 0.014688601645123384 0.06301824212271974
1 0.7294359576968272 0.5 0.01410105757931845 0.06301824212271974
6 0.7541128084606346 0.494195688225539 0.015863689776733254 0.06135986733001658
54 0.0854876615746181 0.7620232172470979 0.015863689776733254 0.06301824212271974
4 0.10957696827262045 0.753731343283582 0.015863689776733254 0.06301824212271974
40 0.18390129259694477 0.7388059701492538 0.013513513513513514 0.05970149253731343
30 0.2053466509988249 0.7313432835820896 0.015863689776733254 0.06467661691542288
43 0.22972972972972974 0.7230514096185738 0.01527614571092832 0.06135986733001658
19 0.25235017626321976 0.7197346600331676 0.013513513513513514 0.06467661691542288
40 0.327262044653349 0.7039800995024875 0.01410105757931845 0.06135986733001658
24 0.3484136310223267 0.6956882255389718 0.015863689776733254 0.06633499170812604
55 0.3719153936545241 0.6907131011608624 0.015863689776733254 0.06633499170812604
53 0.44388954171562867 0.6733001658374793 0.015863689776733254 0.06633499170812604
48 0.46768507638072854 0.6658374792703151 0.01645123384253819 0.06301824212271974
40 0.518213866039953 0.6567164179104478 0.012925969447708578 0.06135986733001658
12 0.5396592244418331 0.6467661691542289 0.014688601645123384 0.05970149253731343
43 0.5631609870740305 0.642620232172471 0.014688601645123384 0.06135986733001658
51 0.5863689776733255 0.6384742951907131 0.014688601645123384 0.06467661691542288
65 0.6107520564042304 0.6318407960199005 0.015863689776733254 0.06467661691542288
54 0.68213866039953 0.6135986733001658 0.015863689776733254 0.06633499170812604
9 0.7059341950646298 0.6061359867330016 0.01527614571092832 0.06135986733001658
2 0.7294359576968272 0.6011608623548922 0.013513513513513514 0.06135986733001658
6 0.7538190364277321 0.5953565505804311 0.01527614571092832 0.06135986733001658
4 0.8017038777908343 0.5829187396351575 0.015863689776733254 0.06301824212271974
5 0.8252056404230317 0.5771144278606966 0.01527614571092832 0.06135986733001658
7 0.8727967097532315 0.5663349917081261 0.015863689776733254 0.06301824212271974
8 0.8962984723854289 0.560530679933665 0.01527614571092832 0.05970149253731343
54 0.0854876615746181 0.8615257048092869 0.015863689776733254 0.06467661691542288
5 0.10957696827262045 0.8540630182421227 0.01527614571092832 0.05970149253731343
40 0.18390129259694477 0.8399668325041459 0.013513513513513514 0.06135986733001658
21 0.20475910693301996 0.8325041459369817 0.01410105757931845 0.06467661691542288
51 0.22884841363102232 0.8258706467661692 0.014688601645123384 0.06633499170812604
37 0.2526439482961222 0.818407960199005 0.01410105757931845 0.06301824212271974
59 0.2773207990599295 0.8134328358208955 0.01527614571092832 0.06467661691542288
43 0.3011163337250294 0.8059701492537313 0.01527614571092832 0.06135986733001658
53 0.3484136310223267 0.7976782752902156 0.01645123384253819 0.06633499170812604
48 0.3719153936545241 0.7885572139303483 0.01527614571092832 0.06135986733001658
51 0.3945358401880141 0.7844112769485904 0.014688601645123384 0.06467661691542288
37 0.4195064629847238 0.7777777777777778 0.01410105757931845 0.06135986733001658
54 0.4917743830787309 0.7611940298507462 0.015863689776733254 0.06467661691542288
7 0.5158636897767332 0.753731343283582 0.01527614571092832 0.06135986733001658
4 0.5628672150411281 0.7412935323383084 0.01527614571092832 0.06135986733001658
5 0.5869565217391305 0.736318407960199 0.014688601645123384 0.06135986733001658
8 0.6342538190364277 0.724709784411277 0.014688601645123384 0.06135986733001658
5 0.681551116333725 0.7122719734660033 0.01527614571092832 0.06135986733001658
0 0.7056404230317274 0.7064676616915423 0.01527614571092832 0.06135986733001658
53 0.7532314923619271 0.6981757877280266 0.015863689776733254 0.06633499170812604
61 0.8011163337250293 0.685737976782753 0.015863689776733254 0.06633499170812604