54 0.09588672979180787 0.3149861867322783 0.014955232717564238 0.06491782047309093
1 0.11938165572984014 0.3137137376318441 0.013172090437653973 0.05991375166806142
54 0.19167350425342522 0.32070477091003236 0.014941559329233932 0.061601070887684725
9 0.2157525559101798 0.3186127825555534 0.014934722635068745 0.05994269609498148
3 0.26365107066161236 0.32271585573895784 0.014340341875098691 0.05827467315997171
0 0.2880341493925172 0.3231162536446869 0.014927885940903626 0.058284321302278425
1 0.3341666135994524 0.3263611950048196 0.01317209043765394 0.05991375166806142
0 0.3588468827103422 0.32759560437805363 0.014934722635068745 0.05994269609498148
0 0.4061544350488872 0.3308598420227997 0.014927885940903694 0.058284321302278425
0 0.43025057844105474 0.3329137906500786 0.014934722635068745 0.059942696094981575
59 0.4778621578537499 0.3386704145550328 0.015535940089204054 0.06326909382269459
48 0.5022383998904896 0.33741243766805873 0.01434717856926381 0.05993304795267486
65 0.5260476079439198 0.3411199370168874 0.014948396023399119 0.06325944568038788
37 0.5486612177832446 0.3398330157029932 0.013165253743488887 0.05825537687535827
37 0.5968569229146622 0.34477010035390254 0.013158417049323568 0.05659700208265512
37 0.6200683318610397 0.34598038937136977 0.013759634503458875 0.059923399810368136
51 0.6432865775015824 0.34884905318154014 0.012598219760179377 0.063220853111161
48 0.6679668466124723 0.3500834625547742 0.014927885940903694 0.058284321302278425
59 0.692069826698805 0.35379578597475625 0.014941559329233798 0.06160107088768463
54 0.0921841229810823 0.41442113729832025 0.014948396023399084 0.06325944568038788
2 0.11332887265589482 0.41311009562865925 0.013752797809293756 0.058265025017664986
40 0.1826898375446204 0.421711262988017 0.012577709677683886 0.058245728733051554
14 0.20147757426204801 0.41870325395642594 0.014340341875098691 0.05827467315997171
41 0.22469240155550813 0.4207427303702447 0.01434717856926381 0.05993304795267486
37 0.24584740627156837 0.4219192508896384 0.01317209043765394 0.05991375166806142
41 0.2681740807721559 0.42228588029729397 0.014340341875098691 0.05827467315997171
53 0.31167285172421655 0.427974967206101 0.014354015263428997 0.06159142274537801
48 0.3336989174977365 0.42667839774990013 0.015522266700873682 0.05995234423728829
40 0.38014224547298703 0.434074100162944 0.013165253743488887 0.05825537687535827
22 0.39893681888457977 0.43272446592405606 0.013185763825984312 0.06323050125346773
55 0.42068278601352754 0.43473982198210803 0.014360851957594182 0.06324979753808116
51 0.4424219164483101 0.4350968032474569 0.013766471197624062 0.061581774603071196
55 0.4650526180230479 0.4379558189153205 0.014941559329233798 0.06160107088768482
54 0.5103037661312756 0.4411862880619931 0.015529103395038867 0.06161071902999144
7 0.5320394782189757 0.4407140819309904 0.014934722635068745 0.05994269609498167
5 0.5534848366208558 0.44106623912518583 0.01434717856926381 0.05993304795267486
40 0.6216707133779715 0.4496481101999302 0.01317209043765394 0.05991375166806142
22 0.6401749331037444 0.4491228392862404 0.012591383066014056 0.06156247831845776
55 0.662508444298497 0.45114784348659914 0.014941559329233798 0.06160107088768463
51 0.6839572210474598 0.4523291880771463 0.013773307891789247 0.06324014939577434
37 0.7059867051680623 0.45186180601729675 0.01317209043765394 0.05991375166806142
54 0.7503667922188303 0.45756536513956403 0.015542776783369105 0.06492746861539775
6 0.7723928579923504 0.45626879568336315 0.014934722635069012 0.05994269609498167
8 0.7944325971542004 0.45828897581256844 0.014927885940903694 0.058284321302278515
40 0.8626184739113161 0.46687084688731273 0.013172090437654207 0.05991375166806142
30 0.8820074280828789 0.46718923558343467 0.014941559329233798 0.06160107088768482
48 0.9034493681376766 0.46671220538127867 0.014934722635068745 0.05994269609498167
65 0.9249049815808045 0.4695519247645287 0.014948396023399119 0.06325944568038797
37 0.9460531496026996 0.4690700704912193 0.01317209043765394 0.05991375166806142
54 0.048238166009801235 0.5140243775127031 0.01495523271756422 0.06491782047309112
4 0.07026081343623858 0.5118986206601507 0.015508593312543409 0.05663559465188199
3 0.09200678056518634 0.5139139767182025 0.014927885940903626 0.058284321302278515
40 0.160192657322302 0.522495847792947 0.013165253743488821 0.05825537687535827
30 0.17957477479969977 0.5211558616963657 0.015535940089204054 0.06326909382269459
48 0.20160084057321964 0.5198592922401648 0.014934722635068745 0.05994269609498167
65 0.22423496049503996 0.5235474953043799 0.015535940089203986 0.06326909382269459
55 0.24597750927690518 0.5247336639660803 0.014941559329233932 0.06160107088768482
54 0.289756378873538 0.5271108253606345 0.014948396023399119 0.06325944568038797
5 0.3112017372754181 0.52746298255483 0.014340341875098759 0.05827467315997171
0 0.3332380580901858 0.5286539752876838 0.01492788594090356 0.058284321302278515
54 0.09478083186664535 0.6167718064350247 0.014948396023399051 0.06325944568038797
3 0.11916049225046761 0.6163430169444024 0.014921049246738474 0.056625946509575364
40 0.19351900004561767 0.6258553809097189 0.01317209043765394 0.05991375166806142
19 0.21494726671208494 0.6220616011221565 0.014927885940903626 0.05828432130227833
60 0.2390502467984176 0.6257739245421386 0.014948396023399051 0.06325944568038797
43 0.26284236311643494 0.6253354869092094 0.014340341875098691 0.05827467315997171
64 0.2866481528227825 0.6282137988616864 0.014941559329233932 0.06160107088768482
60 0.31074429621495 0.6302677474889653 0.014941559329233798 0.06160107088768482
52 0.35804843020641247 0.6327027977373598 0.014941559329233932 0.06160107088768463
55 0.381557029532775 0.634747098222332 0.014354015263428997 0.06159142274537801
54 0.45354485098220987 0.6392457452403122 0.014941559329233932 0.06160107088768482
0 0.4770466136144073 0.6396316709325811 0.014927885940903694 0.058284321302278515
9 0.5014331106923947 0.6408612562346618 0.01434717856926381 0.059933047952674665
1 0.5246445196387722 0.6420715452521291 0.013752797809293824 0.058265025017664895
8 0.5490344350638423 0.6441303179505613 0.014340341875098759 0.05827467315997171
7 0.5969295314681922 0.6474042037376141 0.015515430006708495 0.05829396944458514
3 0.6201409404145697 0.6486144927550813 0.014927885940903694 0.058284321302278515
5 0.6436461213938498 0.649829605843702 0.014340341875098759 0.05827467315997171
4 0.6915412177981997 0.6531034916307549 0.014927885940903694 0.058284321302278515
2 0.7141719193729374 0.6559625072986185 0.013759634503458875 0.059923399810368046
1 0.7385549981038423 0.6563629052043476 0.012584546371849005 0.059904103525754794
6 0.7632386855618146 0.6584265019739332 0.015515430006708629 0.05829396944458514
54 0.09490409817781703 0.7179278447187637 0.014941559329233932 0.06160107088768482
4 0.1189899865287368 0.7174942311569878 0.01493472263506878 0.05994269609498167
40 0.1933450759768043 0.7261774077259527 0.013165253743488821 0.05825537687535827
30 0.2147835976845193 0.7248711901274452 0.014941559329233932 0.06160107088768482
43 0.23915983972125895 0.723613213240471 0.014927885940903626 0.058284321302278515
19 0.26179737799016184 0.7281306037010379 0.01259138306601419 0.06156247831845776
40 0.3367297564627866 0.7343358662232548 0.013165253743488887 0.05825537687535827
24 0.3578745061375991 0.7330248245535937 0.014948396023399119 0.06325944568038797
55 0.3813865238110442 0.7358983124349174 0.014948396023399119 0.06325944568038797
53 0.4530805732275766 0.7403921353817442 0.014948396023399119 0.06325944568038797
48 0.4768726895455939 0.7399536977488151 0.015522266700873682 0.05995234423728829
40 0.5274254076343965 0.7465877497616544 0.012577709677683952 0.058245728733051644
12 0.5488605109950289 0.7444523447667952 0.014340341875098759 0.058274673159971514
43 0.5723691103213914 0.7464966452517674 0.014340341875098759 0.05827467315997171
51 0.5958845463419191 0.7501993205294427 0.013185763825984312 0.06323050125346773
65 0.6202710434199066 0.7514289058315233 0.014941559329233798 0.06160107088768482
54 0.6910837767377315 0.75590825656489 0.014360851957594182 0.06324979753808116
9 0.7151696650886514 0.7554746430031142 0.014340341875098759 0.05827467315997171
2 0.7383844923821113 0.7575141194169329 0.013165253743488887 0.05825537687535827
6 0.7630647614930013 0.7587485287901671 0.014927885940903694 0.058284321302278515
4 0.8109564395502686 0.7611932271808683 0.014934722635068745 0.05994269609498167
5 0.8341746851908113 0.7640618909910387 0.014927885940903694 0.058284321302278515
7 0.8817760095622588 0.7673309527069383 0.014934722635068745 0.05994269609498167
8 0.9052846088886214 0.7693752531919104 0.014921049246738373 0.056625946509575364
54 0.09502394614190611 0.8182546956061509 0.014941559329233932 0.06160107088768482
5 0.11910983449282589 0.8178210820443751 0.014921049246738474 0.05662594650957518
40 0.19346834228797596 0.8273334460096916 0.013165253743488821 0.05825537687535827
21 0.21402554789698353 0.8260127561977239 0.013185763825984246 0.06323050125346773
51 0.23811485459498588 0.8264083300322996 0.013185763825984246 0.06323050125346773
37 0.2619069709130032 0.8259698923993705 0.01317209043765394 0.05991375166806142
59 0.2865974950651408 0.8296918639616592 0.014360851957594182 0.06324979753808116
43 0.3103930297302407 0.8300826137250815 0.014927885940903694 0.058284321302278515
53 0.35800119079585335 0.8350100502336841 0.014948396023399119 0.06325944568038779
48 0.3814995350809681 0.8345667885296015 0.014927885940903694 0.058284321302278515
51 0.4041302366557059 0.8374258041974653 0.013178927131819125 0.06157212646076457
37 0.4288070874195131 0.8378310261743478 0.013752797809293824 0.058265025017664895
54 0.5010955175960157 0.8439928720561843 0.014941559329233932 0.06160107088768463
7 0.5251814059469354 0.8435592584944085 0.014927885940903694 0.05828432130227833
4 0.5721951862525779 0.8468186720680012 0.014927885940903694 0.05828432130227833
5 0.5962913296447455 0.8488726206952802 0.014340341875098759 0.058274673159971514
8 0.6433016916033055 0.8513028468725213 0.014340341875098759 0.058274673159971514
5 0.690903015974753 0.8545719085884207 0.014927885940903694 0.058284321302278515
0 0.714705387334018 0.8566210331445463 0.014927885940903694 0.058284321302278515
53 0.7623135483996306 0.861548469653149 0.014948396023399119 0.06325944568038797
61 0.810502416836883 0.8648271795113551 0.014948396023399119 0.06325944568038797