54 0.08490011750881316 0.3462994863577401 0.017038777908343124 0.0668946029031566
1 0.10840188014101057 0.3422108592619467 0.014688601645123384 0.061842290774008414
54 0.18037602820211515 0.3357010474046286 0.01645123384253819 0.06355855637999071
9 0.20475910693301996 0.3290959127131409 0.01645123384253819 0.06024180679458432
3 0.2529377203290247 0.3241968142314412 0.01645123384253819 0.060241806794584414
0 0.27702702702702703 0.3217472649905913 0.017038777908343124 0.060261103732344
1 0.3237367802585194 0.31523803406058765 0.01527614571092832 0.061861587711768196
0 0.3484136310223267 0.31276918788197816 0.01645123384253819 0.060241806794584414
0 0.39571092831962396 0.3078990348069178 0.01645123384253819 0.060241806794584414
0 0.4198002350176263 0.3046202981697164 0.01645123384253819 0.061900181587287564
59 0.46768507638072854 0.3013892229495997 0.017038777908343124 0.06523622811045346
48 0.4920681551116334 0.29561327565446366 0.015863689776733254 0.06188088464952778
65 0.5158636897767332 0.29566093707154834 0.017038777908343124 0.06523622811045346
37 0.5384841363102233 0.28994288058969137 0.014688601645123384 0.060183915981305264
37 0.586662749706228 0.28670215690069484 0.014688601645123384 0.05852554118860211
37 0.6101645123384254 0.2842719045976046 0.01527614571092832 0.061861587711768196
51 0.6336662749706228 0.282670839690866 0.01410105757931845 0.06513974342165513
48 0.6583431257344301 0.27937280611590487 0.017038777908343124 0.060261103732344
59 0.68213866039953 0.278591280136638 0.017038777908343124 0.0635778533177503
54 0.0799059929494712 0.44679518528723794 0.017038777908343124 0.06523622811045346
2 0.10105757931844889 0.4419545585461317 0.01527614571092832 0.060203212919065045
40 0.17038777908343125 0.4380191450977868 0.014688601645123384 0.05852554118860211
14 0.18948296122209166 0.4324168702424879 0.01645123384253819 0.06024180679458423
41 0.21269095182138661 0.4291670790119259 0.01645123384253819 0.06190018158728738
37 0.23384253819036427 0.4268140144598745 0.01527614571092832 0.061861587711768196
41 0.25616921269095183 0.42359316863595203 0.015863689776733254 0.06022250985682473
53 0.299647473560517 0.42133600784538444 0.015863689776733254 0.06353925944223093
48 0.3216803760282021 0.4164664356976387 0.017038777908343124 0.06191947852504715
40 0.3683901292596945 0.41410314174939294 0.014688601645123384 0.060183915981305264
22 0.3871915393654524 0.410168890155677 0.01527614571092832 0.06351996250447126
55 0.4095182138660399 0.4086064191244577 0.01645123384253819 0.06521693117269386
51 0.4309635722679201 0.4054145187071748 0.01527614571092832 0.06351996250447134
55 0.4535840188014101 0.40301321181072414 0.01645123384253819 0.06355855637999071
54 0.4991186839012926 0.39820094954894286 0.017038777908343124 0.0635778533177503
7 0.5208578143360753 0.3933410258700771 0.017038777908343124 0.060261103732344
5 0.5423031727379554 0.39014912545279407 0.015863689776733254 0.06022250985682463
40 0.6104582843713279 0.38708149327632013 0.014688601645123384 0.06018391598130536
22 0.6289659224441834 0.3839860775478356 0.014688601645123384 0.06350066556671156
55 0.6515863689776733 0.38075558325503334 0.01645123384253819 0.06355855637999071
51 0.6730317273795534 0.37756368283775044 0.01527614571092832 0.06351996250447134
37 0.6950646298472385 0.3743524854827079 0.014688601645123384 0.06184229077400851
54 0.7394242068155111 0.3704080044927976 0.017038777908343124 0.06523622811045346
6 0.7614571092831962 0.367196807137755 0.01645123384253819 0.061900181587287564
8 0.7834900117508813 0.364814797179064 0.01645123384253819 0.060241806794584414
40 0.8522326674500588 0.3608986806684788 0.01527614571092832 0.061861587711768196
30 0.8713278495887191 0.356954780605883 0.01645123384253819 0.06355855637999071
48 0.8927732079905993 0.35210450539589694 0.01645123384253819 0.061900181587287564
65 0.9142185663924794 0.3522293545640204 0.017038777908343124 0.06523622811045346
37 0.935957696827262 0.348198618281506 0.014688601645123384 0.06184229077400851
54 0.03466509988249119 0.5544170362277346 0.01645123384253819 0.06687530596539683
4 0.05669800235017626 0.5487182766836374 0.017038777908343124 0.05860272893964085
3 0.07843713278495887 0.5455167277974746 0.017038777908343124 0.060261103732344
40 0.14688601645123384 0.5432686345484723 0.014688601645123384 0.060183915981305264
30 0.1662749706227967 0.5376567112242936 0.01762632197414806 0.06691389984091639
48 0.18860164512338426 0.5336066780040196 0.017038777908343124 0.06191947852504715
65 0.21122209165687428 0.5320345585039205 0.017038777908343124 0.06523622811045346
55 0.23296122209165687 0.5288330096177577 0.01645123384253819 0.06355855637999053
54 0.27673325499412454 0.5249078255656072 0.01645123384253819 0.06355855637999053
5 0.2981786133960047 0.5200575503556212 0.015863689776733254 0.06022250985682482
0 0.3202115158636898 0.5176755403969301 0.017038777908343124 0.060261103732344
54 0.08049353701527615 0.6490976130592627 0.01645123384253819 0.06521693117269367
3 0.10487661574618096 0.6441508531604782 0.01645123384253819 0.058583432001881076
40 0.17890716803760282 0.6392318768137043 0.01527614571092832 0.060203212919065045
19 0.20064629847238544 0.6318843909457837 0.01645123384253819 0.06024180679458423
60 0.2247356051703878 0.6327515912903402 0.017038777908343124 0.06523622811045346
43 0.24853113983548766 0.6269949409329639 0.015863689776733254 0.06022250985682482
64 0.27232667450058756 0.6253842275573455 0.01645123384253819 0.06355855637999053
60 0.2964159811985899 0.623763865712847 0.01645123384253819 0.06355855637999071
52 0.3437132784958872 0.6180645252414353 0.017038777908343124 0.0635778533177503
55 0.36750881316098705 0.6147954370731137 0.015863689776733254 0.06353925944223093
54 0.4394829612220917 0.6066272504230924 0.017038777908343124 0.0635778533177503
0 0.46327849588719155 0.6025289748584192 0.017038777908343124 0.060261103732344
9 0.4879553466509988 0.5992309412834581 0.015863689776733254 0.06188088464952797
1 0.5111633372502937 0.5968103374492476 0.01527614571092832 0.060203212919065045
8 0.5352526439482961 0.5943607882083979 0.015863689776733254 0.06022250985682482
7 0.5831374853113983 0.5886421507992263 0.017038777908343124 0.060261103732344
3 0.6063454759106933 0.5853923595686644 0.01645123384253819 0.06024180679458423
5 0.6301410105757932 0.583781646193046 0.01645123384253819 0.06024180679458423
4 0.6780258519388954 0.578892196180226 0.017038777908343124 0.060261103732344
2 0.7006462984723855 0.5756617018874237 0.01527614571092832 0.061861587711768196
1 0.7250293772032902 0.5723733167813425 0.014688601645123384 0.061842290774008414
6 0.7497062279670975 0.569904470602733 0.017038777908343124 0.060261103732344
54 0.07873090481786134 0.7494871788310823 0.01645123384253819 0.061900181587287564
4 0.10340775558166862 0.7445307704634181 0.01645123384253819 0.061900181587287564
40 0.17773207990599296 0.7396021456477644 0.014688601645123384 0.05852554118860211
30 0.1991774383078731 0.7347518704377783 0.01645123384253819 0.06355855637999053
43 0.2235605170387779 0.7298051105389939 0.01645123384253819 0.060241806794584414
19 0.24618096357226793 0.7298913658315979 0.01410105757931845 0.06348136862895197
40 0.3210928319623972 0.7232850692854813 0.01527614571092832 0.060203212919065045
24 0.34224441833137487 0.7184444425443751 0.01645123384253819 0.06521693117269386
55 0.36603995299647474 0.7160045417724051 0.01645123384253819 0.06521693117269367
53 0.43772032902467684 0.7078460035912635 0.01645123384253819 0.06521693117269367
48 0.4615158636897767 0.7037477280265904 0.017038777908343124 0.06191947852504715
40 0.5120446533490012 0.7012590039829066 0.01410105757931845 0.060164619043545677
12 0.5340775558166863 0.6939018696461062 0.015863689776733254 0.05856413506412148
43 0.5575793184488836 0.6923008047393676 0.015863689776733254 0.06022250985682463
51 0.5807873090481787 0.6915385756978604 0.01527614571092832 0.06351996250447134
65 0.6051703877790834 0.688250190591779 0.01645123384253819 0.06355855637999071
54 0.6765569917743831 0.680930488275869 0.01645123384253819 0.06521693117269367
9 0.700352526439483 0.6760030253148442 0.01645123384253819 0.06024180679458423
2 0.7238542890716804 0.6735727730117541 0.014688601645123384 0.060183915981305264
6 0.7482373678025852 0.6711135753020243 0.01645123384253819 0.06024180679458423
4 0.7964159811985899 0.665385289423973 0.01645123384253819 0.061900181587287564
5 0.8196239717978848 0.6621354981934111 0.01645123384253819 0.060241806794584414
7 0.8672150411280846 0.6572556966494711 0.01645123384253819 0.06190018158728738
8 0.8907168037602821 0.6548254443463808 0.01645123384253819 0.058583432001881264
54 0.07755581668625147 0.8498574476651424 0.01645123384253819 0.06355855637999053
5 0.10193889541715628 0.8449106877663579 0.01645123384253819 0.058583432001881264
40 0.17655699177438308 0.8408016018781759 0.014688601645123384 0.060183915981305264
21 0.19712103407755582 0.8359802720748294 0.014688601645123384 0.06350066556671156
51 0.22121034077555818 0.8318723480412763 0.01527614571092832 0.0651783372971745
37 0.2452996474735605 0.828593611404075 0.014688601645123384 0.061842290774008414
59 0.2699764982373678 0.8269539526218169 0.015863689776733254 0.06353925944223093
43 0.2937720329024677 0.8228556770571437 0.01645123384253819 0.060241806794584414
53 0.341069330199765 0.8204730861711383 0.017038777908343124 0.06523622811045346
48 0.36486486486486486 0.8147164358137619 0.01645123384253819 0.060241806794584414
51 0.3874853113983549 0.8131443163136628 0.01527614571092832 0.06351996250447134
37 0.41216216216216217 0.8098462827387016 0.01527614571092832 0.060203212919065045
54 0.48443008225616924 0.802497635016152 0.01645123384253819 0.06355855637999071
7 0.5088131609870741 0.7983800625137192 0.01645123384253819 0.06024180679458423
4 0.5558166862514688 0.7918611831148357 0.01645123384253819 0.06024180679458423
5 0.5801997649823737 0.7902311728014575 0.015863689776733254 0.06022250985682482
8 0.6272032902467685 0.7845414807989256 0.015863689776733254 0.06022250985682463
5 0.6747943595769683 0.7788324918586339 0.01645123384253819 0.06024180679458423
0 0.6988836662749707 0.7763829426177841 0.01645123384253819 0.060241806794584414
53 0.7464747356051704 0.7739907032628988 0.01645123384253819 0.06521693117269367
61 0.7943595769682726 0.7682720658537272 0.01645123384253819 0.06521693117269386