54 0.09921875 0.4509852621984443 0.040625 0.054923849336070064
3 0.14375 0.4530699369646752 0.040625 0.054923849336070064
66 0.23671875 0.4595603105994379 0.040625 0.054923849336070064
40 0.3296875 0.46683193423420066 0.040625 0.054923849336070064
28 0.375 0.4689120638208918 0.040625 0.054923849336070064
26 0.51171875 0.47749165740142524 0.040625 0.054923849336070064
40 0.46875 0.4753978922761147 0.040625 0.054923849336070064
54 0.7359375 0.4949371908735 0.040625 0.054923849336070064
6 0.77734375 0.4993837963578902 0.040625 0.054923849336070064
54 0.86328125 0.5066963266085113 0.040625 0.054923849336070064
4 0.90546875 0.5080133869133615 0.0390625 0.05491475897699054
40 0.09140625 0.6674369639938423 0.040625 0.054923849336070064
40 0.22890625 0.676012012394836 0.040625 0.054923849336070064
40 0.3703125 0.6822205848981306 0.040625 0.054923849336070064
40 0.59765625 0.6949604376520462 0.040625 0.054923849336070064
40 0.86484375 0.8801247362494315 0.040625 0.054923849336070064
40 0.73515625 0.8746292360530399 0.040625 0.054923849336070064
40 0.6015625 0.8660314617543472 0.040625 0.054923849336070064
40 0.4640625 0.8574564133533535 0.040625 0.054923849336070064
40 0.3265625 0.84575636495236 0.040625 0.054923849336070064
40 0.1890625 0.8387438165513663 0.040625 0.054923849336070064
40 0.05078125 0.8301733133299125 0.040625 0.054923849336070064
27 0.1375 0.6687312984009937 0.040625 0.054923849336070064
22 0.27578125 0.6773018016224475 0.040625 0.054923849336070064
21 0.4140625 0.6858723048439013 0.040625 0.054923849336070064
51 0.5078125 0.6915768832991243 0.0375 0.05490566861791084
18 0.64296875 0.7001655672387372 0.040625 0.054923849336070064
54 0.73125 0.7019957119507388 0.040625 0.054923849336070064
2 0.7765625 0.70563834153743 0.040625 0.054923849336070064
42 0.8625 0.709044621788051 0.040625 0.054923849336070064
44 0.90546875 0.7119196369133615 0.040625 0.054923849336070064
14 0.9078125 0.8829997513747421 0.040625 0.054923849336070064
16 0.7796875 0.8751514108192708 0.040625 0.054923849336070064
20 0.64609375 0.8681161365205782 0.040625 0.054923849336070064
25 0.5109375 0.859527452580965 0.040625 0.054923849336070064
31 0.37265625 0.8493944493595112 0.040625 0.054923849336070064
34 0.09609375 0.8338159429166035 0.040625 0.054923849336070064
32 0.23515625 0.8423819009585175 0.0453125 0.05495112041330898