54 0.10859375 0.459375 0.0390625 0.0546875
3 0.153125 0.45625 0.0390625 0.0546875
66 0.24609375 0.45390625 0.0390625 0.0546875
40 0.3390625 0.45078125 0.0390625 0.0546875
28 0.384375 0.4484375 0.0390625 0.0546875
26 0.521875 0.4421875 0.0390625 0.0546875
40 0.47890625 0.4453125 0.0390625 0.0546875
54 0.74609375 0.43671875 0.0390625 0.0546875
6 0.7875 0.43671875 0.0390625 0.0546875
54 0.8734375 0.434375 0.0390625 0.0546875
4 0.91640625 0.43203125 0.0375 0.053125
40 0.1140625 0.6765625 0.0390625 0.0546875
40 0.25078125 0.6703125 0.0390625 0.0546875
40 0.3921875 0.66328125 0.0390625 0.0546875
40 0.61953125 0.65078125 0.0390625 0.0546875
40 0.89765625 0.8078125 0.0390625 0.0546875
40 0.7671875 0.81640625 0.0390625 0.0546875
40 0.63359375 0.821875 0.0390625 0.0546875
40 0.49609375 0.82734375 0.0390625 0.0546875
40 0.35859375 0.83046875 0.0390625 0.0546875
40 0.221875 0.8375 0.0390625 0.0546875
40 0.0828125 0.84375 0.0390625 0.0546875
27 0.159375 0.67265625 0.0390625 0.0546875
22 0.29765625 0.6671875 0.0390625 0.0546875
21 0.4359375 0.6609375 0.0390625 0.0546875
51 0.52890625 0.6578125 0.0359375 0.053125
18 0.665625 0.65234375 0.0390625 0.0546875
54 0.75390625 0.64453125 0.0390625 0.0546875
2 0.79921875 0.64375 0.0390625 0.0546875
42 0.884375 0.6375 0.0390625 0.0546875
44 0.9265625 0.6359375 0.0390625 0.0546875
14 0.93984375 0.8078125 0.0390625 0.0546875
16 0.81171875 0.8125 0.0390625 0.0546875
20 0.67734375 0.81953125 0.0390625 0.0546875
25 0.5421875 0.825 0.0390625 0.0546875
31 0.40390625 0.8296875 0.0390625 0.0546875
34 0.128125 0.8421875 0.0390625 0.0546875
32 0.2671875 0.8375 0.04375 0.0546875