54 0.10496547927277551 0.44737553401495384 0.041279528007636034 0.056722714672181596
3 0.14951491060632094 0.446331202020999 0.041279528007636034 0.056722714672181596
66 0.24247456993954825 0.44819424136695296 0.04127952800763594 0.056722714672181596
40 0.33544331993954823 0.44927603071290695 0.04127952800763594 0.056722714672181596
28 0.380764910606321 0.4490220393857248 0.041279528007636034 0.056722714672181596
26 0.5190643419398664 0.44906858740449673 0.04127952800763594 0.056722714672181596
40 0.47529616060632096 0.4501220100652243 0.04127952800763594 0.056722714672181596
54 0.7432558199395481 0.4540213587682681 0.04127952800763594 0.056722714672181596
6 0.7846438886060028 0.4560656641072224 0.04127952800763594 0.056722714672181596
54 0.8705722979392301 0.4578468874522218 0.04127952800763594 0.056722714672181596
4 0.9135501386060028 0.45756562412472146 0.03969884667409076 0.05514203333863606
40 0.1000945239099587 0.6645357620146357 0.041279528007636034 0.056722714672181596
40 0.23761270524350414 0.6645732193666348 0.04127952800763594 0.056722714672181596
40 0.3790462272438223 0.6638748800524976 0.04127952800763594 0.056722714672181596
40 0.6064445212444587 0.6618327640833599 0.04127952800763594 0.056722714672181596
40 0.8771553685550961 0.8321929067870399 0.04127952800763594 0.056722714672181596
40 0.7466411652212324 0.8345810154359953 0.04127952800763594 0.056722714672181596
40 0.6130383245544596 0.8338077614178598 0.04127952800763594 0.056722714672181596
40 0.474747983887687 0.8329799633990879 0.04127952800763594 0.056722714672181596
40 0.33727525588800517 0.8290362560470887 0.04127952800763594 0.056722714672181596
40 0.20052923388768695 0.8297891393618624 0.04127952800763594 0.056722714672181596
40 0.06144855255414154 0.8297335006763177 0.04127952800763601 0.056722714672181596
27 0.14621554591027683 0.6627283613542263 0.041279528007636034 0.056722714672181596
22 0.2845058865770496 0.6635561593729982 0.04127952800763594 0.056722714672181596
21 0.42280531791059506 0.6636027073917701 0.04127952800763594 0.056722714672181596
51 0.5157740679105951 0.664684496737724 0.038136346674090583 0.05512385200509069
18 0.6525019085773678 0.6654941134229504 0.04127952800763594 0.056722714672181596
54 0.7408377025780041 0.6618338587682681 0.04127952800763594 0.056722714672181596
2 0.7861411119112314 0.6631423674410859 0.04127952800763594 0.056722714672181596
42 0.8721149745783222 0.6610173407860854 0.04127952800763594 0.056722714672181596
44 0.9143024745783223 0.6615082367918124 0.04127952800763594 0.056722714672181596
14 0.9193337778883233 0.833465052792767 0.04127952800763594 0.056722714672181596
16 0.7911996872215507 0.8327554334420405 0.041279528007636124 0.05672271467218124
20 0.6567974152212324 0.8335355887571321 0.04127952800763594 0.05672271467218124
25 0.5208508245544596 0.8327350627386785 0.04127952800763594 0.056722714672181596
31 0.38257866522123246 0.8303447647199066 0.041279528007636034 0.056722714672181596
34 0.10676105255414155 0.8302607593491356 0.04127952800763599 0.056722714672181596
32 0.24582355255414154 0.8318788980346803 0.04596702800763604 0.05677725867281787