54 0.08515625 0.4546875 0.0375 0.053125
3 0.1296875 0.45390625 0.0375 0.053125
66 0.22265625 0.45546875 0.0375 0.053125
40 0.315625 0.45703125 0.0375 0.053125
28 0.3609375 0.45625 0.0375 0.053125
26 0.4984375 0.45703125 0.0375 0.053125
40 0.45546875 0.4578125 0.0375 0.053125
54 0.72265625 0.46171875 0.0375 0.053125
6 0.7640625 0.46328125 0.0375 0.053125
54 0.85 0.465625 0.0375 0.053125
4 0.89296875 0.46484375 0.0359375 0.0515625
40 0.075 0.671875 0.0375 0.053125
40 0.2125 0.671875 0.0375 0.053125
40 0.35390625 0.67109375 0.0375 0.053125
40 0.58125 0.66953125 0.0375 0.053125
40 0.84765625 0.8390625 0.0375 0.053125
40 0.7171875 0.84140625 0.0375 0.053125
40 0.58359375 0.840625 0.0375 0.053125
40 0.44609375 0.83984375 0.0375 0.053125
40 0.30859375 0.83671875 0.0375 0.053125
40 0.17109375 0.8375 0.0375 0.053125
40 0.03203125 0.83671875 0.0375 0.053125
27 0.12109375 0.6703125 0.0375 0.053125
22 0.259375 0.67109375 0.0375 0.053125
21 0.39765625 0.67109375 0.0375 0.053125
51 0.490625 0.671875 0.034375 0.0515625
18 0.62734375 0.67265625 0.0375 0.053125
54 0.715625 0.66953125 0.0375 0.053125
2 0.7609375 0.6703125 0.0375 0.053125
42 0.846875 0.66875 0.0375 0.053125
44 0.8890625 0.66875 0.0375 0.053125
14 0.88984375 0.840625 0.0375 0.053125
16 0.76171875 0.83984375 0.0375 0.053125
20 0.62734375 0.840625 0.0375 0.053125
25 0.4921875 0.83984375 0.0375 0.053125
31 0.35390625 0.8375 0.0375 0.053125
34 0.07734375 0.8375 0.0375 0.053125
32 0.21640625 0.8390625 0.0421875 0.053125