54 0.09588262393505077 0.3726243264463257 0.016742050021694904 0.06496286248428634
54 0.10045990377424924 0.27409335525821005 0.019958548501963446 0.06766817146830849
2 0.12129105857409737 0.3689879310940244 0.01621945575697784 0.07008181484299032
1 0.12587767682390733 0.2743130010370143 0.01782770499711211 0.07143446933500147
40 0.20316546805469865 0.37069663940505626 0.017289546714709246 0.07012668647519661
54 0.20532414842662142 0.2677679147364483 0.021573023349172066 0.07159152004772322
23 0.2256311525599839 0.3671836410413221 0.017301997928857886 0.0752680746500038
5 0.23073569586920514 0.2654168664278489 0.015678184671037817 0.06748868493948366
37 0.2507751772631348 0.36484381064077426 0.016213230149903522 0.06751112075558673
1 0.256680732388886 0.2624007087812955 0.016200778935754882 0.0623697325807796
65 0.2785944293606142 0.36239180115971087 0.02049981958790341 0.0702613013718153
0 0.3088476665782921 0.26021321671124253 0.01727086989348629 0.06241460421298581
54 0.33157015737539325 0.36274134945290687 0.019417277416023483 0.06507504156480182
0 0.33506956424801737 0.26104188228774294 0.01781836658650063 0.06757842820389608
2 0.35619158781382704 0.3655653430432693 0.01728332110763493 0.067555992387793
0 0.3604795552888325 0.2580481604572927 0.01728332110763493 0.067555992387793
0 0.40914552620384587 0.35691746203055263 0.018334735244143318 0.05988878175778849
0 0.43537520588241396 0.36095949521630766 0.017289546714709187 0.07012668647519661
0 0.4615768703291477 0.35343340500874637 0.018353412065366337 0.06760086401999929
0 0.514017552865061 0.3538053891180454 0.016200778935754882 0.06236973258077953
0 0.539702848654152 0.3540138169887981 0.02049981958790341 0.07026130137181515
0 0.5659231899221087 0.3541998090434476 0.019411051808948983 0.06250434747739822
38 0.6188958051333504 0.35326401029294174 0.020487368373754648 0.06511991319700809
55 0.6451068079906955 0.3495939612164859 0.01727709550056067 0.0649852983003894
60 0.670260171104458 0.35111017194704347 0.018347186458291833 0.06503016993259568
55 0.6959330156794002 0.34617721164298887 0.016213230149903522 0.06751112075558673
59 0.7497097555107092 0.3458504326901793 0.016203891739292133 0.06365507962448133
48 0.7756594612356957 0.34476229560917854 0.016738937218157838 0.06367751544058455
40 0.8313104166448032 0.344999664821859 0.01460498090976928 0.06615846626357558
23 0.8543173722360284 0.34403492472942543 0.016210117346366393 0.06622577371188493
37 0.8794582841356423 0.34040974728517576 0.016738937218157838 0.06367751544058455
65 0.905411102664166 0.34060695724787676 0.018350299261829205 0.06631551697629749
55 0.9316298875303541 0.34015027578067547 0.017277095500560426 0.0649852983003894
58 0.9581130823324379 0.3383970293617207 0.016751388432306353 0.06881890361539174
40 0.04637553148705046 0.4788239678837604 0.015671959063963497 0.06491799085208007
23 0.07018661169834285 0.478468247589023 0.016738937218157748 0.06367751544058455
37 0.09559971554269518 0.4767598728022746 0.015671959063963497 0.0649179908520802
51 0.12128812413532328 0.47825364771672896 0.015684410278112137 0.07005937902688726
55 0.14723316065500416 0.47523749007017557 0.01727398269702342 0.0636999512566876
53 0.17425295733772217 0.47410448135696864 0.019426615826634873 0.06893108269590721
66 0.20020577586624597 0.47430169131966976 0.019426615826634873 0.06893108269590721
55 0.22668430146302398 0.4706204243351623 0.018356524868903466 0.06888621106370109
54 0.09612093177040672 0.5815044389559196 0.018344073654754857 0.06374482288889388
3 0.122865423704849 0.5771692805415098 0.018347186458292017 0.06503016993259568
40 0.20366196021887598 0.5757094928754932 0.01567507186750063 0.066203337895782
40 0.2298823014868326 0.5758954849301428 0.01620389173929201 0.06365507962448133
29 0.25208201965445354 0.5730363779963111 0.018347186458291954 0.06503016993259568
65 0.27803172537944015 0.5719482409153104 0.01728332110763493 0.067555992387793
54 0.3310027841889134 0.5703697686429536 0.01727398269702354 0.0636999512566876
2 0.35640810602442285 0.5654480262469507 0.016729598807546205 0.05982147430947914
0 0.38396761739131235 0.5662206022831934 0.016200778935754882 0.06236973258077953
0 0.40965291318040326 0.5664290301539461 0.016200778935754882 0.06236973258077953
4 0.4350706862300614 0.5666486759327503 0.016213230149903522 0.06751112075558673
2 0.4875035867571317 0.5638072924327947 0.015133800781560727 0.0636102079922752
0 0.5139852251574469 0.5614113724919891 0.017809028175889124 0.06372238707279067
0 0.5407406119042693 0.5615749287305356 0.019426615826634873 0.06893108269590721
5 0.5669547275651515 0.5591902266977815 0.018344073654754947 0.06374482288889388
54 0.09636839965161108 0.6836895289302127 0.016213230149903522 0.06751112075558673
4 0.12284848165015766 0.6806509354675563 0.015675071867500657 0.06620333789578171
40 0.20391721010892327 0.6811079504590408 0.016745162825232095 0.06624820952798814
13 0.22691482728953702 0.6762871692355018 0.01781525378296344 0.06629308116019428
48 0.25339957849338934 0.6751765963383979 0.018344073654754826 0.06374482288889388
37 0.2790817614789431 0.6740996771654488 0.015118236763874839 0.0571834727737662
51 0.30423668099447404 0.6762585614178573 0.016742050021694967 0.06496286248428634
54 0.3839537881401582 0.6709876042529416 0.01782147939003776 0.06886377524759787
1 0.40936377918097333 0.6679938824224912 0.016742050021694967 0.06496286248428634
8 0.46233639439221513 0.6670580836719854 0.017805915372351995 0.062437040029088876
0 0.48855206645486604 0.6653160551610823 0.017809028175889124 0.06372238707279067
0 0.5145048849833899 0.6655132651237834 0.016210117346366393 0.06622577371188493
4 0.5669377855104603 0.6626718816238278 0.016754501235843725 0.07010425065909354
6 0.5923508893548125 0.6609635068370794 0.01727398269702354 0.06369995125668747
8 0.6188356405586648 0.6598529339399756 0.017815253782963503 0.06629308116019428
4 0.6712638718804296 0.6550835298744674 0.01727709550056067 0.06498529830038956
5 0.6977579614948932 0.6578289981084691 0.017802802568814988 0.06115169298538708
8 0.7237029980145743 0.6548128404619157 0.01620077893575476 0.06236973258077953
1 0.7499217828807622 0.6543561589947143 0.016210117346366393 0.06622577371188493
54 0.09607770925041258 0.784611707676907 0.01727398269702345 0.06369995125668747
5 0.12282842679192917 0.7828472433499007 0.018340960851217697 0.06245947584519209
40 0.20469349786191895 0.7806999105298271 0.014595642499157773 0.06230242513247018
13 0.22662880609364425 0.779137368547749 0.017809028175889124 0.06372238707279097
48 0.2533841928404666 0.7793009247862952 0.016738937218157716 0.06367751544058455
59 0.27933234216368463 0.7775701141834438 0.01727086989348629 0.06241460421298566
65 0.30528204788867125 0.7764819771024429 0.018353412065366337 0.06760086401999929
43 0.33149771995132216 0.7747399485915398 0.016210117346366393 0.06622577371188493
52 0.35718612854395027 0.7762337235059942 0.0172802083040978 0.06627064534409106
38 0.3833955749995268 0.7719210009076876 0.016200778935754882 0.062369732580779824
58 0.41041537168224484 0.7707879921944806 0.01781836658650063 0.06757842820389608
43 0.4358300319283658 0.769722290929583 0.016748275628769224 0.06753355657168994
54 0.4890701698790404 0.7687752742710255 0.01727086989348629 0.06241460421298566
3 0.5152889547452285 0.7683185928038242 0.01727398269702354 0.06369995125668747
0 0.5407020585895809 0.7666102180170756 0.01727709550056067 0.06498529830038927
54 0.6193584131881449 0.7652401736154716 0.0172802083040978 0.06627064534409106
0 0.6447699606307288 0.7628891253068723 0.016203891739292133 0.06365507962448162
8 0.6712547118345811 0.7617785524097684 0.016738937218157838 0.06367751544058455
9 0.6980054293760978 0.7600140880827622 0.019411051808948983 0.06250434747739822
8 0.7236860559598829 0.758294495387962 0.017809028175889245 0.06372238707279067
53 0.7761251820940276 0.7580238059754102 0.01620700454282902 0.06494042666818342
37 0.8028758996355442 0.7562593416484039 0.016203891739292133 0.06365507962448162
52 0.8288224925569936 0.7538858575237014 0.017815253782963503 0.06629308116019428
37 0.8558422892397116 0.7527528488104946 0.01727398269702354 0.06369995125668747
65 0.8804574940710712 0.7530061483134532 0.015662620653352173 0.06106194972097452
37 0.9069406888731549 0.7512529018944987 0.018353412065366337 0.06760086401999929
56 0.9326244282604772 0.7508186562434005 0.019961661305500575 0.06895351851201043
37 0.9588385439213596 0.7484339542106463 0.016210117346366393 0.06622577371188522
59 0.04549585663937509 0.8889282001809953 0.020499819587903468 0.07026130137181515
48 0.07117803962492886 0.8878512810080461 0.016748275628769224 0.06753355657168994
40 0.12682743863226778 0.8874459766988757 0.015127575174486286 0.0610395139048716
13 0.14929001033401584 0.8826476312914399 0.016207004542829202 0.06494042666818342
58 0.17604850988437534 0.8840965345736881 0.01727398269702342 0.06369995125668747
40 0.2563146701248424 0.8845872032893273 0.016197666132217754 0.06108438553707773
20 0.2793107309036876 0.8791237485439374 0.016735824414620588 0.06239216839688274
55 0.30499602669277853 0.87933217641469 0.01727709550056067 0.06498529830038927
59 0.33175141343960085 0.8794957326532364 0.01727086989348629 0.06241460421298566
43 0.3582252698310731 0.8738864451031764 0.016735824414620588 0.06239216839688274
40 0.4122742016071207 0.875476468807868 0.01566262065335193 0.06106194972097452
28 0.4358115334719059 0.8725612723337783 0.01727086989348629 0.06241460421298566
48 0.46256380741519104 0.871439481528623 0.016200778935754882 0.062369732580779824
66 0.48851506954194623 0.8709940179694732 0.017809028175889124 0.06372238707279097
37 0.5141972525275 0.8699170987965241 0.016197666132217754 0.06108438553707773
51 0.540416037393688 0.8694604173293228 0.016200778935754882 0.06236973258077953