54 0.09794031655677882 0.3411877427883182 0.01781525378296344 0.06579947093028478
54 0.10385676649491012 0.24341537126797638 0.021031752263232013 0.06841503259977796
2 0.12335497680289974 0.3408325410967754 0.017292659518246437 0.07093338117474364
1 0.12927920874987395 0.24627353718568795 0.018900908758380675 0.07224116200949031
40 0.20497742756175397 0.3512602801119802 0.018362750475977845 0.07094833703544016
54 0.2087428007720424 0.24901910566007504 0.022646227110440603 0.07229350752192816
23 0.22744778127234497 0.3503035335155018 0.01837520169012648 0.07608972521024736
5 0.23415901741993192 0.24930657749038299 0.016751388432306353 0.06835520915699184
37 0.2525964751808016 0.350594744310984 0.01728643391117206 0.06836268708734003
1 0.26010872314491856 0.24894389786849183 0.01727398269702342 0.06322129891253284
65 0.2804219528853554 0.35149123897657564 0.021573023349172066 0.07099320461752977
0 0.3122865521467047 0.2527135143124916 0.018344073654754947 0.06323625477322938
54 0.3334085757125144 0.35782033261245666 0.02049048117729202 0.06583686058202604
0 0.3385146754235043 0.25684581037838267 0.018891570347769168 0.0683851208783849
2 0.358034675356254 0.36326040951309424 0.018356524868903466 0.06837764294803657
0 0.3639293356696252 0.2564906086868397 0.018356524868903466 0.06837764294803657
0 0.4109995085586529 0.3605920738430627 0.019407939005411854 0.06068051654652245
0 0.4372354138442953 0.3679377375182081 0.018362750475977723 0.07094833703544016
0 0.4634417474963347 0.36307260427818655 0.019426615826634873 0.0683925988087331
0 0.5158933248446281 0.36940917584441574 0.01727398269702354 0.06322129891253299
0 0.5415832898390248 0.3722636027969532 0.021573023349172066 0.0709932046175299
0 0.567542333974623 0.37575696430616745 0.02048425557021776 0.06326616649462244
38 0.6205258439982448 0.38080071089834666 0.021560572135023427 0.06585181644272271
55 0.6467415160608956 0.3797916187894305 0.018350299261829205 0.06580694886063297
60 0.6718995483799638 0.38393887071601795 0.019420390219560612 0.06582190472132965
55 0.6975786185619804 0.38229458301559915 0.01728643391117206 0.06836268708734003
59 0.7513662532056695 0.38796978623410683 0.017277095500560426 0.06450664595623463
48 0.7773206281359618 0.3895351271777684 0.017812140979426374 0.06451412388658298
40 0.8329824783574493 0.395826831161908 0.015678184671037817 0.06705490625259351
23 0.8559941031539804 0.397433300722485 0.01728332110763493 0.06707734004363838
37 0.8811396842588999 0.39643916447426536 0.01781214097942613 0.06451412388658298
65 0.9070987283944979 0.3999325259834796 0.019423503023097744 0.06710725176503145
55 0.9333221824659917 0.40213680148381786 0.018350299261829205 0.06580694886063297
58 0.9598116028751498 0.40369466449713115 0.017824592193575132 0.06965551206139017
40 0.046818749261569884 0.4421626935104927 0.016745162825232064 0.06578451506958824
23 0.07063449867816803 0.4444006196973982 0.01781214097942631 0.06451412388658298
37 0.0960522717278261 0.4453307650495571 0.016745162825232064 0.06578451506958824
51 0.12174534952575995 0.4494705390457964 0.016757614039380732 0.0709259032443953
55 0.14769661165251513 0.44975053294575607 0.018347186458292017 0.06452160181693117
53 0.17472107754053892 0.451300918028721 0.020499819587903468 0.06969290171313143
66 0.20068012167613702 0.4547942795379352 0.020499819587903468 0.06969290171313143
55 0.22716331647822074 0.453781448463845 0.019429728630172123 0.06967794585243504
54 0.09496835151894052 0.5501052439371245 0.019417277416023424 0.06453655767762785
3 0.12171906906045712 0.54908867389786 0.019420390219560584 0.0658219047213295
40 0.2025311695921699 0.5563142621993327 0.016748275628769224 0.0670698621132899
40 0.2287561800654323 0.5591612112215217 0.01727709550056061 0.06450664595623479
29 0.250960567438359 0.5588508771120686 0.019420390219560612 0.0658219047213295
65 0.2769164987704199 0.5610588915775809 0.018356524868903466 0.06837764294803657
54 0.3298984523922732 0.5654599646479094 0.018347186458292076 0.06452160181693117
2 0.35530844343308843 0.5631767423908136 0.017802802568814745 0.06065808275547758
0 0.38287418040705223 0.567290343630834 0.01727398269702354 0.06322129891253284
0 0.4085641454014489 0.5701447705833714 0.01727398269702342 0.06322129891253284
4 0.4339865876564127 0.573002936501083 0.01728643391117206 0.06836268708734003
2 0.4861628602564303 0.5761298794232319 0.01620700454282914 0.06449169009553811
0 0.5126507242638197 0.5770450689146943 0.01888223193715778 0.0645290797472795
0 0.5394107802159479 0.5798845400065352 0.02049981958790341 0.06969290171313143
5 0.5656295650821359 0.5801607949413209 0.019417277416023483 0.06453655767762785
54 0.09387820570298062 0.6523090287372881 0.017286433911172086 0.06836268708734018
4 0.12036295690683295 0.6519388711850487 0.016748275628769224 0.06706986211329004
40 0.20118128304562005 0.661735153573925 0.01781836658650063 0.06708481797398658
13 0.22445109217097245 0.6594818430382225 0.01888845754423204 0.06709977383468296
48 0.25067298984069764 0.66104344501671 0.019417277416023424 0.06453655767762785
37 0.27636139843332574 0.6632551984473964 0.016191440525143375 0.058064954877029104
51 0.3015209871541625 0.6680451238958348 0.017815253782963503 0.06579947093028478
54 0.3812536583175324 0.6714296269268987 0.018894683151306296 0.06967046792208685
1 0.4066698749654219 0.6717170987572068 0.017815253782963503 0.06579947093028478
8 0.45965338498904373 0.676760845349386 0.01887911913362053 0.06324373270357786
0 0.48587372625700037 0.6776797738060224 0.01888223193715778 0.06452907974727966
0 0.5118312139908299 0.6805304617933857 0.01728332110763493 0.06707734004363838
4 0.5642750093302803 0.6836536657503605 0.017827704997112018 0.07094085910509197
6 0.589694338781707 0.6852264846243703 0.018347186458292076 0.06452160181693117
8 0.6161837591908651 0.6867843476376835 0.01888845754423204 0.06709977383468325
4 0.6686228853250098 0.6879795310291057 0.018350299261829205 0.06580694886063326
5 0.6948541214053466 0.6933971741386984 0.01887600633008328 0.06195838565987576
8 0.7208053835321017 0.6936771680386581 0.01727398269702354 0.06322129891253299
1 0.7470288376035955 0.6958814435389963 0.01728332110763493 0.06707734004363809
54 0.09198237886518501 0.7532386833892725 0.018347186458292017 0.06452160181693117
5 0.11873776561200736 0.7541501339155606 0.019414164612486233 0.06325121063392605
40 0.20061995710145156 0.7613607663563369 0.01566884626042631 0.0631988651214881
13 0.22255993453848258 0.7623395182557595 0.01888223193715772 0.06452907974727937
48 0.24931999049061065 0.7651789893476004 0.017812140979426253 0.06451412388658298
59 0.27527436542090306 0.766744330291262 0.018344073654754826 0.06323625477322938
65 0.3012287403511954 0.7683096712349236 0.019426615826634873 0.06839259880873325
43 0.32744908161915204 0.7692285996915599 0.01728332110763493 0.06707734004363809
52 0.35314371581885445 0.7740110472096502 0.018353412065366337 0.06709229590433477
38 0.3793578314797368 0.772359281578883 0.01727398269702354 0.06322129891253268
58 0.40638385376952907 0.774552340183699 0.018891570347769168 0.06838512087838505
43 0.4318031832209558 0.7761251590577087 0.01782147939003776 0.06837016501768838
54 0.4847866932445777 0.7811689056498878 0.018344073654754826 0.06323625477322967
3 0.5110101473160714 0.7833731811502261 0.018347186458292076 0.06452160181693117
0 0.5364294767674981 0.784946000024236 0.018350299261829205 0.06580694886063326
54 0.6151013953837482 0.7922015000471019 0.018353412065366337 0.06709229590433506
0 0.6405176120316375 0.7924889718774097 0.017277095500560426 0.06450664595623479
8 0.6670085888425643 0.7946895084125739 0.01781214097942613 0.06451412388658298
9 0.6937639755893866 0.7956009589388621 0.02048425557021776 0.06326616649462244
8 0.7194508277802462 0.7971700388476977 0.01888223193715778 0.06452907974727966
53 0.7718992923250022 0.8022212633702253 0.0172802083040978 0.0657919929999363
37 0.7986562354735931 0.8037753874183644 0.017277095500560426 0.06450664595623479
52 0.8246074976003485 0.804055381318324 0.01888845754423204 0.06709977383468325
37 0.8516335198901407 0.80624843992314 0.018347186458292076 0.06452160181693117
65 0.8759858711873731 0.8091215617015483 0.016735824414620466 0.0619284739384827
37 0.9024752915965312 0.8106794247148613 0.019426615826634873 0.06839259880873325
56 0.9281637001891594 0.8128911781455478 0.02103486506676911 0.06970037964347962
37 0.9543824850553474 0.8131674330803335 0.01728332110763493 0.06707734004363809
59 0.04005201774460321 0.8516541569195658 0.021573023349172035 0.0709932046175299
48 0.06573886993546273 0.8532232368284014 0.01782147939003779 0.06837016501768838
40 0.12140072015695029 0.8595149408125411 0.016200778935754882 0.061920996008134506
13 0.14386796106400412 0.8572728471723611 0.0172802083040978 0.0657919929999363
58 0.17036360708023648 0.8614014042730779 0.018347186458292017 0.06452160181693117
40 0.25064688774015786 0.8712051645923024 0.01727086989348629 0.061935951868831184
20 0.27364761772430884 0.8683129194999231 0.017809028175889124 0.06322877684288118
55 0.2993375827187055 0.8711673464524605 0.018350299261829205 0.06580694886063297
59 0.32609763867083363 0.8740068175443014 0.018344073654754826 0.06323625477322938
43 0.3525777206693802 0.8717086394265093 0.017809028175889124 0.06322877684288088
40 0.40663754725780776 0.8793081242453957 0.016735824414620588 0.0619284739384827
28 0.43017954832789873 0.8789790953100717 0.018344073654754947 0.06323625477322967
48 0.4569364914764897 0.8805332193582106 0.01727398269702342 0.06322129891253268
66 0.4828939792103192 0.8833839073455739 0.01888223193715778 0.06452907974727966
37 0.5085808314011787 0.8849529872544096 0.01727086989348629 0.06193595186883089
51 0.5348058418744411 0.8877999362765988 0.01727398269702342 0.06322129891253268