54 0.10509902781473413 0.4670334847764936 0.04094316256778665 0.054923849336070064
3 0.14965300371243315 0.46338631001026276 0.04094316256778661 0.054923849336070064
66 0.2426444796101322 0.4600209363755 0.04094316256778665 0.054923849336070064
40 0.33564050068737106 0.45587431274073725 0.04094316256778665 0.054923849336070064
28 0.38097118140553027 0.4530129331540461 0.04094316256778656 0.054923849336070064
26 0.5185211783804682 0.4452191347530525 0.040943162567786476 0.054923849336070064
40 0.475534247662309 0.448094149878363 0.040943162567786476 0.054923849336070064
54 0.7427944705349458 0.43714860128097766 0.04094316256778665 0.054923849336070064
6 0.7842052657144858 0.4366082457965875 0.04094316256778665 0.054923849336070064
54 0.8693842416121846 0.43319742036642667 0.04094316256778683 0.054923849336070064
4 0.912371172330344 0.4303224052411162 0.03937157220870695 0.05335225897699036
40 0.11321046790266724 0.6842755269309714 0.04094316256778661 0.054923849336070064
40 0.24997921487760513 0.6764771833504379 0.04094316256778665 0.054923849336070064
40 0.39144455221162267 0.6671436108471432 0.04094316256778665 0.054923849336070064
40 0.6181025009819587 0.6520554629136879 0.040943162567786476 0.054923849336070064
40 0.8984661909716959 0.8060354775480191 0.04094316256778683 0.054923849336070064
40 0.7679338084581386 0.816213932564871 0.04094316256778665 0.054923849336070064
40 0.6342946066627405 0.8232492068635636 0.040943162567786476 0.054923849336070064
40 0.4967491548673424 0.8302617552645574 0.04094316256778665 0.054923849336070064
40 0.35921733861056376 0.8349305536655509 0.04094316256778665 0.054923849336070064
40 0.22322529645608605 0.8435146924256243 0.04094316256778665 0.054923849336070064
40 0.08411279948114815 0.8512994004675383 0.04094316256778663 0.054923849336070064
27 0.1585502389799061 0.6798516473442803 0.04094316256778661 0.054923849336070064
22 0.296881485954844 0.6720623941228264 0.04094316256778665 0.054923849336070064
21 0.43521273292978185 0.6642731409013726 0.04094316256778665 0.054923849336070064
51 0.5282087540070208 0.6601265172666098 0.037809072208706954 0.053343168617910844
18 0.6641917058024188 0.6531048785065365 0.04094316256778665 0.054923849336070064
54 0.7525274979568966 0.644243483794535 0.040943162567786476 0.054923849336070064
2 0.7978490883159762 0.6429446042078439 0.04094316256778665 0.054923849336070064
42 0.8830507901113742 0.6356275287776831 0.040943162567786476 0.054923849336070064
44 0.9252519256499937 0.6335292184728327 0.04094316256778683 0.054923849336070064
14 0.9406582361512357 0.8054996672431687 0.04094316256778683 0.054923849336070064
16 0.8124923295353774 0.81178550779864 0.04094316256778683 0.054923849336070064
20 0.6780627873808998 0.820378736917793 0.04094316256778665 0.054923849336070064
25 0.5428610855855016 0.8274049208574061 0.040943162567786476 0.054923849336070064
31 0.4045389289696434 0.8336316740788599 0.040943162567786476 0.054923849336070064
34 0.12943893501976758 0.849219270880847 0.04094316256778661 0.054923849336070064
32 0.2685423416356259 0.842997062838933 0.04563066256778665 0.05495112041330898