54 0.10036517700572607 0.4667613333465903 0.04094316256778665 0.055160214672181594
3 0.14490097218526587 0.4680607513526355 0.04094316256778665 0.055160214672181594
66 0.23789244808296495 0.47304879069858946 0.04094316256778665 0.055160214672181594
40 0.33088846916020376 0.4788180800445434 0.04094316256778665 0.055160214672181594
28 0.37620551433974364 0.48012658871736136 0.04094316256778665 0.055160214672181594
26 0.5145140354169825 0.4864231367361332 0.04094316256778665 0.055160214672181594
40 0.47154074023744263 0.48514190006363345 0.04094316256778665 0.055160214672181594
54 0.7387964179305397 0.49996965809990446 0.040943162567786476 0.055160214672181594
6 0.780220848648699 0.5035764634388589 0.04094316256778665 0.055160214672181594
54 0.8661856197259379 0.5092639367838583 0.04094316256778683 0.055160214672181594
4 0.9083731197259379 0.5097548327895852 0.03938066256778683 0.05514203333863606
40 0.10162419173825314 0.6831675833465903 0.04094316256778661 0.055160214672181594
40 0.239151462815492 0.6894550406985894 0.04094316256778665 0.055160214672181594
40 0.3805713483541114 0.6934442013844522 0.04094316256778665 0.055160214672181594
40 0.6079514597904299 0.7023395854153144 0.04094316256778665 0.055160214672181594
40 0.8832019655459664 0.88287415945254 0.04094316256778683 0.055160214672181594
40 0.7527241251868869 0.8797935181014953 0.04094316256778665 0.055160214672181594
40 0.619103104109648 0.8735515140833598 0.040943162567786476 0.055160214672181594
40 0.48157583303240925 0.8672640567313608 0.040943162567786476 0.055160214672181594
40 0.3440303812370111 0.8578515993793616 0.04094316256778665 0.055160214672181594
40 0.20651220051885186 0.8531266420273624 0.04094316256778665 0.055160214672181594
40 0.067422429441613 0.8468210033418178 0.04094316256778663 0.055160214672181594
27 0.14771794173825312 0.6837039326861809 0.04094316256778665 0.055160214672181594
22 0.286026462815492 0.6900004807049528 0.04094316256778665 0.055160214672181594
21 0.42433498389273083 0.6962970287237247 0.04094316256778665 0.055160214672181594
51 0.51810316461089 0.7005129087364513 0.03781816256778665 0.05512385200509069
18 0.6540679356881289 0.706782184754905 0.040943162567786476 0.055160214672181594
54 0.7423446405085892 0.7070281801002227 0.04094316256778665 0.055160214672181594
2 0.7884520260472085 0.7099082794398133 0.04094316256778665 0.055160214672181594
42 0.8743940712267484 0.7116895027848127 0.04094316256778683 0.055160214672181594
44 0.917371911585828 0.7137519894573124 0.04094316256778683 0.055160214672181594
14 0.9261798059050461 0.8849366461250397 0.040943162567786476 0.055160214672181594
16 0.7972508300073471 0.8795304361075406 0.04094316256778665 0.05516021467218124
20 0.6636388992891878 0.8748509320894049 0.04094316256778665 0.055160214672181594
25 0.528455378211949 0.868590746737724 0.04094316256778665 0.055160214672181594
31 0.3901377667756305 0.8607316987189522 0.04094316256778656 0.055160214672181594
34 0.11352981498023243 0.8497011026814084 0.04094316256778661 0.055160214672181594
32 0.25261958605747126 0.8560067413669529 0.04563066256778665 0.05521475867281822