54 0.09497057249866239 0.37660668380462725 0.01658640984483681 0.06426735218508997
54 0.09978598180845372 0.2782776349614396 0.019796682718031033 0.06683804627249357
2 0.12038523274478331 0.3740359897172236 0.016051364365971106 0.06940874035989718
1 0.12520064205457465 0.2795629820051414 0.01765650080256822 0.07069408740359898
40 0.20224719101123595 0.3791773778920309 0.017121455323702513 0.06940874035989718
54 0.20465489566613163 0.2763496143958869 0.021401819154628143 0.07069408740359898
23 0.2247191011235955 0.37660668380462725 0.017121455323702513 0.07455012853470437
5 0.23006955591225253 0.2750642673521851 0.015516318887105404 0.06683804627249357
37 0.24986623863028357 0.37532133676092544 0.016051364365971106 0.06683804627249357
1 0.25601926163723915 0.2731362467866324 0.016051364365971106 0.061696658097686374
65 0.27768860353130015 0.3740359897172236 0.020331728196896735 0.06940874035989718
0 0.30818619582664525 0.2731362467866324 0.017121455323702513 0.061696658097686374
54 0.3306581059390048 0.37660668380462725 0.019261637239165328 0.06426735218508997
0 0.33440342429106473 0.2750642673521851 0.01765650080256822 0.06683804627249357
2 0.3552701979668272 0.38046272493573263 0.017121455323702513 0.06683804627249357
0 0.35981808453718567 0.2731362467866324 0.017121455323702513 0.06683804627249357
0 0.40823970037453183 0.3740359897172236 0.01819154628143392 0.05912596401028278
0 0.4344569288389513 0.3791773778920309 0.017121455323702513 0.06940874035989718
0 0.4606741573033708 0.37275064267352187 0.01819154628143392 0.06683804627249357
0 0.5131086142322098 0.37532133676092544 0.016051364365971106 0.061696658097686374
0 0.5387907972177635 0.37660668380462725 0.020331728196896735 0.06940874035989718
0 0.565008025682183 0.37789203084832906 0.019261637239165328 0.061696658097686374
38 0.6179775280898876 0.3791773778920309 0.020331728196896735 0.06426735218508997
55 0.6441947565543071 0.37660668380462725 0.017121455323702513 0.06426735218508997
60 0.6693418940609952 0.3791773778920309 0.01819154628143392 0.06426735218508997
55 0.695024077046549 0.37532133676092544 0.016051364365971106 0.06683804627249357
59 0.7487961476725522 0.37724935732647813 0.016051364365971106 0.06298200514138817
48 0.7747458533975388 0.37724935732647813 0.01658640984483681 0.06298200514138817
40 0.8303905831995719 0.37982005141388175 0.014446227929373997 0.06555269922879177
23 0.8533975387907973 0.37982005141388175 0.016051364365971106 0.06555269922879177
37 0.8785446762974853 0.37724935732647813 0.01658640984483681 0.06298200514138817
65 0.9044943820224719 0.37853470437017994 0.01819154628143392 0.06555269922879177
55 0.9307116104868914 0.3791773778920309 0.017121455323702513 0.06426735218508997
58 0.9571963616907437 0.37853470437017994 0.01658640984483681 0.06812339331619537
40 0.045211342964151954 0.480719794344473 0.015516318887105404 0.06426735218508997
23 0.06902086677367576 0.4813624678663239 0.01658640984483681 0.06298200514138817
37 0.09443552701979668 0.480719794344473 0.015516318887105404 0.06426735218508997
51 0.12011771000535046 0.4832904884318766 0.015516318887105404 0.06940874035989718
55 0.14606741573033707 0.4813624678663239 0.017121455323702513 0.06298200514138817
53 0.1730872124130551 0.4813624678663239 0.019261637239165328 0.06812339331619537
66 0.19903691813804172 0.48264781491002573 0.019261637239165328 0.06812339331619537
55 0.22552166934189405 0.4800771208226221 0.01819154628143392 0.06812339331619537
54 0.09470304975922954 0.5854755784061697 0.01819154628143392 0.06298200514138817
3 0.12145532370251472 0.5822622107969152 0.01819154628143392 0.06426735218508997
40 0.20224719101123595 0.5841902313624678 0.015516318887105404 0.06555269922879177
40 0.22846441947565543 0.5854755784061697 0.016051364365971106 0.06298200514138817
29 0.2506688068485821 0.583547557840617 0.01819154628143392 0.06426735218508997
65 0.27661851257356873 0.583547557840617 0.017121455323702513 0.06683804627249357
54 0.3295880149812734 0.5841902313624678 0.017121455323702513 0.06298200514138817
2 0.3550026752273943 0.5803341902313625 0.01658640984483681 0.05912596401028278
0 0.3825575173889781 0.5822622107969152 0.016051364365971106 0.061696658097686374
0 0.40823970037453183 0.583547557840617 0.016051364365971106 0.061696658097686374
4 0.43365436062065277 0.5848329048843187 0.016051364365971106 0.06683804627249357
2 0.4860888175494917 0.5841902313624678 0.0149812734082397 0.06298200514138817
0 0.512573568753344 0.5829048843187661 0.01765650080256822 0.06298200514138817
0 0.5393258426966292 0.5841902313624678 0.019261637239165328 0.06812339331619537
5 0.5655430711610487 0.5829048843187661 0.01819154628143392 0.06298200514138817
54 0.09470304975922954 0.6876606683804627 0.016051364365971106 0.06683804627249357
4 0.12118780096308186 0.6857326478149101 0.015516318887105404 0.06555269922879177
40 0.20224719101123595 0.6895886889460154 0.01658640984483681 0.06555269922879177
13 0.2252541466024612 0.6857326478149101 0.01765650080256822 0.06555269922879177
48 0.25173889780631353 0.6857326478149101 0.01819154628143392 0.06298200514138817
37 0.27742108079186734 0.6857326478149101 0.0149812734082397 0.056555269922879174
51 0.3025682182985554 0.6889460154241646 0.01658640984483681 0.06426735218508997
54 0.3822899946495452 0.6870179948586118 0.01765650080256822 0.06812339331619537
1 0.40770465489566615 0.6850899742930592 0.01658640984483681 0.06426735218508997
8 0.4606741573033708 0.6863753213367609 0.01765650080256822 0.061696658097686374
0 0.4868913857677903 0.6857326478149101 0.01765650080256822 0.06298200514138817
0 0.5128410914927769 0.6870179948586118 0.016051364365971106 0.06555269922879177
4 0.5652755484216159 0.6863753213367609 0.01658640984483681 0.06940874035989718
6 0.5906902086677368 0.6857326478149101 0.017121455323702513 0.06298200514138817
8 0.6171749598715891 0.6857326478149101 0.01765650080256822 0.06555269922879177
4 0.6696094168004281 0.6831619537275064 0.017121455323702513 0.06426735218508997
5 0.6960941680042804 0.6870179948586118 0.01765650080256822 0.060411311053984576
8 0.722043873729267 0.6850899742930592 0.016051364365971106 0.061696658097686374
1 0.7482611021936865 0.6857326478149101 0.016051364365971106 0.06555269922879177
54 0.09416800428036383 0.788560411311054 0.017121455323702513 0.06298200514138817
5 0.12092027822364901 0.787917737789203 0.01819154628143392 0.061696658097686374
40 0.20278223649010166 0.7892030848329049 0.014446227929373997 0.061696658097686374
13 0.2247191011235955 0.788560411311054 0.01765650080256822 0.06298200514138817
48 0.25147137506688066 0.7898457583547558 0.01658640984483681 0.06298200514138817
59 0.27742108079186734 0.7892030848329049 0.017121455323702513 0.061696658097686374
65 0.30337078651685395 0.7892030848329049 0.01819154628143392 0.06683804627249357
43 0.3295880149812734 0.788560411311054 0.016051364365971106 0.06555269922879177
52 0.3552701979668272 0.7911311053984575 0.017121455323702513 0.06555269922879177
38 0.38148742643124667 0.787917737789203 0.016051364365971106 0.061696658097686374
58 0.4085072231139647 0.787917737789203 0.01765650080256822 0.06683804627249357
43 0.4339218833600856 0.787917737789203 0.01658640984483681 0.06683804627249357
54 0.4871589085072231 0.7892030848329049 0.017121455323702513 0.061696658097686374
3 0.5133761369716426 0.7898457583547558 0.017121455323702513 0.06298200514138817
0 0.5387907972177635 0.7892030848329049 0.017121455323702513 0.06426735218508997
54 0.617442482611022 0.7911311053984575 0.017121455323702513 0.06555269922879177
0 0.6428571428571429 0.7898457583547558 0.016051364365971106 0.06298200514138817
8 0.6693418940609952 0.7898457583547558 0.01658640984483681 0.06298200514138817
9 0.6960941680042804 0.7892030848329049 0.019261637239165328 0.061696658097686374
8 0.7217763509898342 0.788560411311054 0.01765650080256822 0.06298200514138817
53 0.7742108079186731 0.7904884318766067 0.016051364365971106 0.06426735218508997
37 0.8009630818619583 0.7898457583547558 0.016051364365971106 0.06298200514138817
52 0.8269127875869449 0.788560411311054 0.01765650080256822 0.06555269922879177
37 0.8539325842696629 0.788560411311054 0.017121455323702513 0.06298200514138817
65 0.8785446762974853 0.7898457583547558 0.015516318887105404 0.060411311053984576
37 0.9050294275013376 0.7892030848329049 0.01819154628143392 0.06683804627249357
56 0.9307116104868914 0.7898457583547558 0.019796682718031033 0.06812339331619537
37 0.9569288389513109 0.788560411311054 0.016051364365971106 0.06555269922879177
59 0.04333868378812199 0.890745501285347 0.020331728196896735 0.06940874035989718
48 0.06902086677367576 0.890745501285347 0.01658640984483681 0.06683804627249357
40 0.12466559657570893 0.8926735218508998 0.0149812734082397 0.060411311053984576
13 0.1471375066880685 0.8888174807197944 0.016051364365971106 0.06426735218508997
58 0.17388978063135366 0.8913881748071979 0.017121455323702513 0.06298200514138817
40 0.2541466024612092 0.8952442159383034 0.016051364365971106 0.060411311053984576
20 0.27715355805243447 0.890745501285347 0.01658640984483681 0.061696658097686374
55 0.3028357410379882 0.8920308483290489 0.017121455323702513 0.06426735218508997
59 0.3295880149812734 0.8933161953727506 0.017121455323702513 0.061696658097686374
43 0.35607276618512573 0.8888174807197944 0.01658640984483681 0.061696658097686374
40 0.4101123595505618 0.8926735218508998 0.015516318887105404 0.060411311053984576
28 0.43365436062065277 0.890745501285347 0.017121455323702513 0.061696658097686374
48 0.46040663456393793 0.890745501285347 0.016051364365971106 0.061696658097686374
66 0.48635634028892455 0.8913881748071979 0.01765650080256822 0.06298200514138817
37 0.5120385232744783 0.8913881748071979 0.016051364365971106 0.060411311053984576
51 0.5382557517388978 0.8920308483290489 0.016051364365971106 0.061696658097686374