66 0.121875 0.50078125 0.0484375 0.06875
40 0.39765625 0.51640625 0.0484375 0.06875
40 0.2328125 0.50703125 0.0484375 0.06875
54 0.8734375 0.5484375 0.04375 0.0671875
26 0.4515625 0.5203125 0.0484375 0.06875
42 0.87421875 0.7953125 0.04375 0.0671875
54 0.71640625 0.5375 0.0484375 0.06875
44 0.9234375 0.79609375 0.0390625 0.0625
54 0.71796875 0.7875 0.0390625 0.0625
2 0.7671875 0.790625 0.0390625 0.0625
40 0.5578125 0.78046875 0.0421875 0.0625
18 0.61015625 0.78125 0.046875 0.0640625
51 0.44765625 0.775 0.046875 0.0640625
40 0.2828125 0.76796875 0.046875 0.0640625
21 0.3375 0.76953125 0.046875 0.0640625
40 0.11796875 0.75859375 0.046875 0.0640625
22 0.1703125 0.76015625 0.046875 0.0640625
40 0.06875 0.95390625 0.046875 0.0640625
32 0.12265625 0.9578125 0.046875 0.0640625
40 0.2328125 0.96328125 0.046875 0.0640625
31 0.2875 0.96796875 0.046875 0.0640625
40 0.39921875 0.971875 0.046875 0.05625
25 0.45 0.971875 0.046875 0.05625
40 0.5609375 0.97578125 0.046875 0.0484375
20 0.61328125 0.9765625 0.046875 0.046875
40 0.71953125 0.98046875 0.046875 0.0390625
16 0.7734375 0.98125 0.04375 0.0375
40 0.87734375 0.98359375 0.04375 0.0328125
14 0.928125 0.984375 0.04375 0.03125
28 0.2859375 0.51015625 0.0484375 0.06875
6 0.7703125 0.54140625 0.04375 0.065625
4 0.921875 0.55546875 0.04375 0.065625