66 0.090625 0.48984375 0.05 0.0671875
40 0.365625 0.48046875 0.05 0.0671875
40 0.20078125 0.4859375 0.05 0.0671875
54 0.84140625 0.46796875 0.0453125 0.0671875
26 0.41953125 0.47890625 0.05 0.0671875
42 0.82578125 0.71484375 0.0453125 0.0671875
54 0.684375 0.471875 0.05 0.0671875
44 0.875 0.71171875 0.040625 0.0625
54 0.66953125 0.721875 0.040625 0.0625
2 0.71875 0.7203125 0.040625 0.0625
40 0.509375 0.7296875 0.04375 0.0625
18 0.56171875 0.72578125 0.0484375 0.0625
51 0.39921875 0.734375 0.0484375 0.0625
40 0.234375 0.74296875 0.0484375 0.0625
21 0.2890625 0.7390625 0.0484375 0.0625
40 0.06953125 0.74921875 0.0484375 0.0625
22 0.121875 0.7453125 0.0484375 0.0625
40 0.01640625 0.9484375 0.0328125 0.0625
32 0.06171875 0.94765625 0.0484375 0.0625
40 0.171875 0.94296875 0.0484375 0.0625
31 0.2265625 0.94296875 0.0484375 0.0625
40 0.33828125 0.93984375 0.0484375 0.0625
25 0.3890625 0.93515625 0.0484375 0.0625
40 0.5 0.9328125 0.0484375 0.0625
20 0.55234375 0.9296875 0.0484375 0.0625
40 0.65859375 0.9265625 0.0484375 0.0625
16 0.7125 0.92421875 0.0453125 0.0625
40 0.81640625 0.91875 0.0453125 0.0625
14 0.8671875 0.915625 0.0453125 0.0625
28 0.25390625 0.484375 0.05 0.0671875
6 0.73828125 0.4703125 0.0453125 0.065625
4 0.88984375 0.4703125 0.0453125 0.065625