66 0.1247884600850175 0.5000722019917898 0.04883747579950315 0.0690318011314682
40 0.4006606136758137 0.5140927536142372 0.04883747579950324 0.0690318011314682
40 0.23576232152133594 0.505676786497137 0.04883747579950324 0.06903180113146803
54 0.8766282160369456 0.5433559892744937 0.044140885440423716 0.06744203005422947
26 0.4545895895735127 0.5176853862259905 0.04883747579950324 0.0690318011314682
42 0.8788457427715255 0.7902264440949539 0.044140885440423716 0.06744203005422947
54 0.7195333335233884 0.5333320703619953 0.04883747579950324 0.06903180113146803
44 0.9280690379510652 0.7907213477839459 0.03942611436318479 0.06272725897699054
54 0.7225502909761273 0.7833229800029157 0.03942611436318479 0.06272725897699054
2 0.7717872216942865 0.7861616336919077 0.03942611436318479 0.06272725897699054
40 0.5623531343602691 0.7772234918085765 0.042551114363184796 0.06274543969514959
18 0.6147014295398089 0.7777002147794093 0.04724770472226432 0.0643352107723885
51 0.45216506810349044 0.7723956121236896 0.04724770472226432 0.0643352107723885
40 0.2872804114876321 0.7663233950065892 0.04724770472226432 0.0643352107723885
21 0.34197700184671176 0.7675677324388026 0.04724770472226432 0.0643352107723885
40 0.12238211933315442 0.7579074278894888 0.04724770472226432 0.0643352107723885
22 0.17473495969223402 0.7591654008603217 0.04724770472226432 0.0643352107723885
40 0.07429966421810663 0.9535062742004967 0.04724770472226432 0.0643352107723885
32 0.12822864011580565 0.9570989068122501 0.04724770472226432 0.0643352107723885
40 0.23841670637258433 0.961926786497137 0.04724770472226432 0.0643352107723885
31 0.29313147744982315 0.9662961239293504 0.04724770472226432 0.0643352107723885
40 0.40487295334752227 0.9695524132551576 0.04720225292686635 0.056522710772388504
25 0.45565420334752227 0.96925697658507 0.04720225292686635 0.056522710772388504
40 0.5666144292452213 0.9725178110904172 0.04715680113146821 0.048710210772388504
20 0.6189627244247611 0.97299453406125 0.04714771077238851 0.04714771077238851
40 0.7252354503224602 0.976282639643836 0.04710225897699054 0.03933521077238851
16 0.779146245502 0.9767502722555893 0.04396816861791066 0.03775453005422946
40 0.8830661310406193 0.9784895133767947 0.0439408975406721 0.033067030054229465
14 0.9338519262201592 0.978975326706707 0.04393180718159222 0.031504530054229464
28 0.2889055022394952 0.5084927142884299 0.04883747579950324 0.0690318011314682
6 0.7734623094210875 0.5369247029737485 0.044131795081343836 0.06587953005422946
4 0.9251066226528042 0.5501054381430255 0.0441317950813442 0.06587953005422928