66 0.08777517242853984 0.4893165091733822 0.05039088544042356 0.0674783914905479
40 0.36282971458301755 0.47834160597536945 0.05039088544042354 0.06747839149054773
40 0.1979541483262389 0.48476938885826915 0.05039088544042354 0.06747839149054773
54 0.8386836874556544 0.4630735916356258 0.04570338544042372 0.06745112041330899
26 0.4167450549420971 0.4764654885871226 0.05039088544042354 0.06747839149054773
42 0.8216224107210749 0.7100394952264221 0.045703385440423364 0.06745112041330899
54 0.6816297115579555 0.46789342272312745 0.05039088544042354 0.06747839149054773
44 0.8708593414392342 0.706628148915414 0.040988614363184794 0.06273634933607006
54 0.6653315041052166 0.7179797811343838 0.040988614363184794 0.06273634933607006
2 0.7145593444642963 0.7161309348233759 0.040988614363184794 0.06273634933607006
40 0.5051298023098185 0.7267240429400446 0.0441136143631848 0.06275453005422929
18 0.5574962782075176 0.7225132659108775 0.048801114363184794 0.06278180113146803
51 0.3949462812325797 0.7320524132551577 0.048801114363184704 0.06278180113146821
40 0.23005253425764177 0.7416051961380573 0.048801114363184704 0.06278180113146803
21 0.2847627601553408 0.7373807835702707 0.048801114363184704 0.06278180113146821
40 0.06517242282132331 0.748814229020957 0.048801114363184704 0.06278180113146821
22 0.11753889871902234 0.7446034519917898 0.048801114363184704 0.06278180113146821
40 0.013738229610132196 0.948342051229664 0.027476459220264392 0.0626908975406721
32 0.05620544721821186 0.947297180816355 0.048801114363184704 0.06278180113146803
40 0.16638896829545072 0.9419688105012419 0.048801114363184704 0.06278180113146803
31 0.2210764682954507 0.9416506479334554 0.048801114363184704 0.06278180113146803
40 0.33281339901360996 0.9378756872592628 0.048801114363184704 0.06278180113146803
25 0.3836219200908488 0.9328927505891752 0.048801114363184794 0.06278180113146803
40 0.49457305562946824 0.9299035850945223 0.048801114363184794 0.06278180113146803
20 0.5469349863476275 0.9264740580653552 0.048801114363184794 0.06278180113146803
40 0.6532031670657867 0.9227309136479412 0.048801114363184794 0.06278180113146803
16 0.7071230526044061 0.9200735462596942 0.04567611436318479 0.06276362041330899
40 0.8110611188611848 0.9140002873808998 0.04567611436318444 0.06276362041330899
14 0.8618605495793439 0.9105798507108123 0.04567611436318444 0.06276362041330899
28 0.2510882386853185 0.4828978166495621 0.05039088544042354 0.06747839149054773
6 0.735545051917035 0.46601730533488067 0.04569429508134384 0.06588862041330898
4 0.887107551917035 0.4651355405041578 0.04569429508134384 0.06588862041330898