66 0.121875 0.5133534519917898 0.0515625 0.07061248184962743
40 0.3984375 0.5179944584346975 0.0515625 0.07061248184962743
40 0.23359375 0.5150472413175972 0.0515625 0.07061248184962743
54 0.875 0.5300656489154141 0.0453125 0.06901362041330898
26 0.45234375 0.5192433410464506 0.0515625 0.07061248184962743
42 0.884375 0.7768861067609363 0.0453125 0.06901362041330898
54 0.71796875 0.5255104800029157 0.0515625 0.07061248184962743
44 0.93359375 0.7758185104499284 0.040625 0.06429884933607007
54 0.728125 0.7754513926688981 0.040625 0.06429884933607007
2 0.77734375 0.7767275463578901 0.040625 0.06429884933607007
40 0.5671875 0.7748251996540987 0.04375 0.06431703005422928
18 0.61953125 0.7737394226249317 0.0484375 0.06590680113146803
51 0.45703125 0.7739035699692118 0.0484375 0.06590680113146803
40 0.2921875 0.7733001028521115 0.0484375 0.06590680113146821
21 0.346875 0.7729819402843249 0.0484375 0.06590680113146821
40 0.12734375 0.7711341357350111 0.0484375 0.06590680113146803
22 0.1796875 0.7708296087058439 0.0484375 0.06590680113146803
40 0.08515625 0.9674733254301607 0.0484375 0.06434430113146802
32 0.13828125 0.9679455032214538 0.0484375 0.06278180113146803
40 0.24921875 0.9680813377268009 0.0484375 0.06121930113146803
31 0.30390625 0.9693256751590145 0.0484375 0.05809430113146803
40 0.41484375 0.9702427596643617 0.0484375 0.05496930113146803
25 0.46640625 0.9691615278147342 0.0484375 0.05653180113146803
40 0.57734375 0.9700786123200814 0.0484375 0.05028180113146803
20 0.6296875 0.9689928352909142 0.0484375 0.04871930113146803
40 0.7359375 0.9683746908734999 0.0484375 0.04090680113146803
16 0.78984375 0.9664985734852533 0.0453125 0.03932612041330898
40 0.89375 0.9651128146064586 0.0453125 0.034638620413308986
14 0.94453125 0.9632548779363711 0.0453125 0.033076120413308985
28 0.28671875 0.51630066910889 0.0515625 0.07061248184962743
6 0.771875 0.5275406126146688 0.0453125 0.06745112041330899
4 0.9234375 0.535252597783946 0.0453125 0.06745112041330899