38 0.0881940650405677 0.6653432475341718 0.024823253225684034 0.19990426005042372
61 0.12678141524760855 0.664731273043013 0.027066897330618015 0.20610132669627093
37 0.2397730758455139 0.6392045571283426 0.024816745586074437 0.19391623609832792
56 0.6995534267667467 0.5513361039217711 0.024829760865293822 0.20589228400251955
37 0.737028716380735 0.5448406268253922 0.025961344377175018 0.21797285325358687
63 0.7761916198031309 0.5292063317805562 0.02483626850490307 0.21188030795461535
48 0.8142196858938406 0.5286466179628353 0.02481674558607431 0.1939162360983281
59 0.8533695740370174 0.5249883708221909 0.024829760865293565 0.20589228400251972
53 0.16481924279773266 0.6551895232971485 0.027066897330618015 0.20610132669627076
46 0.20174500975480417 0.6397642709460636 0.024816745586074437 0.1939162360983281
53 0.27780439575602844 0.6356508313345738 0.027066897330617953 0.20610132669627076
46 0.31696729917842437 0.6200165362897377 0.025941821458346257 0.20000878139729944