38 0.0894854586129754 0.6227544910179641 0.02348993288590604 0.19760479041916168
61 0.12807606263982102 0.625748502994012 0.025727069351230425 0.20958083832335328
37 0.24105145413870246 0.6077844311377245 0.02348993288590604 0.19161676646706588
56 0.7007829977628636 0.5479041916167665 0.02348993288590604 0.20359281437125748
37 0.738255033557047 0.5419161676646707 0.024608501118568233 0.2215568862275449
63 0.7774049217002237 0.5329341317365269 0.02348993288590604 0.20958083832335328
48 0.8154362416107382 0.5329341317365269 0.02348993288590604 0.19161676646706588
59 0.854586129753915 0.5269461077844312 0.02348993288590604 0.20359281437125748
53 0.16610738255033558 0.6197604790419161 0.024608501118568233 0.20958083832335328
46 0.20302013422818793 0.6077844311377245 0.02348993288590604 0.19161676646706588
53 0.279082774049217 0.6047904191616766 0.025727069351230425 0.20958083832335328
46 0.3182326621923937 0.592814371257485 0.024608501118568233 0.20359281437125748