38 0.08892617449664429 0.6764222602992273 0.024608501118568233 0.19837121111282058
61 0.12751677852348994 0.6806181592721491 0.026845637583892617 0.20442890967343078
37 0.24049217002237136 0.6691666671218887 0.024608501118568233 0.19238318716072478
56 0.7002237136465325 0.6385746195308865 0.024608501118568233 0.20435923506491638
37 0.7376957494407159 0.6367476572474553 0.025727069351230425 0.2163701202733652
63 0.7768456375838926 0.6259909149922663 0.024608501118568233 0.210347259017012
48 0.8148769574944071 0.6301693953130597 0.024608501118568233 0.19238318716072478
59 0.8540268456375839 0.6313887009620623 0.024608501118568233 0.2043592350649162
53 0.16554809843400448 0.6758146036647986 0.026845637583892617 0.20442890967343078
46 0.20246085011185683 0.6649881868010953 0.024608501118568233 0.1923831871607246
53 0.2785234899328859 0.670351135466634 0.026845637583892617 0.20442890967343078
46 0.31767337807606266 0.659594393211445 0.025727069351230425 0.19840604841707776