38 0.09148297976323698 0.6672856425404868 0.025038019870782767 0.1991376836905381
61 0.1300735837900826 0.6696894978978727 0.027301187775635317 0.21125308552849126
37 0.24298389669014367 0.646786751792349 0.025025004151018684 0.19314965973844228
56 0.7019348889619842 0.5735927395112668 0.02505103559054666 0.2051257076426339
37 0.7393874011765216 0.566944881973628 0.026208650982501035 0.2231594564658021
63 0.7785047500202881 0.5544135159342146 0.02506405131031106 0.2111137315947297
48 0.8165295620709206 0.553788520832112 0.02502500415101862 0.19314965973844228
59 0.8556599266344513 0.5472451787447945 0.025051035590546913 0.2051257076426339
53 0.16807887226106902 0.6600824668676264 0.026182619542973122 0.2111834085616105
46 0.20495908463951115 0.6474117468944516 0.025025004151018684 0.19314965973844228
53 0.2810022008808941 0.6431677447141987 0.027301187775635317 0.21125308552849126
46 0.3201195497246606 0.6306363786747852 0.026169603823209105 0.20519538460951467