38 0.08932564855244902 0.6532626782831047 0.024823253225684034 0.1999042600504239
61 0.12791625257929468 0.649656691815898 0.02707340497022758 0.2120893506483666
37 0.24092418227622395 0.6091599160209881 0.024816745586074437 0.1939162360983281
56 0.7002070716574166 0.4644574959429442 0.024829760865293822 0.20589228400251972
37 0.7376888689110144 0.4519739948944695 0.025967852016784518 0.22396087720568267
63 0.776855026153215 0.43334568787358546 0.024836268504903322 0.21188030795461552
48 0.8148895998835343 0.42679795010376875 0.02481674558607431 0.19391623609832792
59 0.8540492494861255 0.41415766703498064 0.024829760865293822 0.20589228400251972
53 0.16596058776902833 0.6341269181179376 0.02595483673756539 0.21198482930149104
46 0.20288960854590463 0.6157076537908048 0.024816745586074437 0.1939162360983281
53 0.278962009826348 0.5996181662751233 0.02707340497022758 0.2120893506483666
46 0.3181281670685487 0.5809898592542394 0.02594832909795576 0.20599680534939524