40 0.41124396190506457 0.6541166177239485 0.024722626587793596 0.19567269453284775
40 0.4539265326397583 0.6590599943418058 0.024678157593644136 0.17900602786618108
40 0.06396938546180808 0.5837231478888063 0.024722626587793596 0.19567269453284775
40 0.5851960157147599 0.6879406249380042 0.02851463664264942 0.18475551764622145
40 0.6304263571500905 0.6930132910388516 0.027255574290380814 0.19024642846028206
25 0.10408195099879013 0.5802039016903406 0.031106876337435748 0.201551473795878
40 0.2385435589486129 0.6120239219180542 0.02851463664264942 0.18475551764622145
40 0.2799744788300628 0.62523598712775 0.02467815759364421 0.17900602786618122
22 0.6680207979825351 0.700475866468507 0.028544282638749155 0.19586662875733257
37 0.7126216082417315 0.7082939879763847 0.027240751292330945 0.18469087290472652
18 0.7559337101525595 0.7104919091872118 0.02978852199296789 0.1848201623877164
19 0.8005419319107807 0.7210878084728672 0.029803344991017756 0.19037571794327196