40 0.41337579617834397 0.6527777777777778 0.025477707006369428 0.18888888888888888
40 0.45605095541401275 0.6527777777777778 0.025477707006369428 0.17222222222222222
40 0.06560509554140127 0.6166666666666667 0.025477707006369428 0.18888888888888888
40 0.5872611464968153 0.6638888888888889 0.02929936305732484 0.17777777777777778
40 0.632484076433121 0.6694444444444444 0.02802547770700637 0.18333333333333332
25 0.10573248407643313 0.6083333333333333 0.03184713375796178 0.19444444444444445
40 0.24012738853503185 0.625 0.02929936305732484 0.17777777777777778
40 0.2821656050955414 0.6361111111111111 0.025477707006369428 0.17222222222222222
22 0.6700636942675159 0.6722222222222223 0.02929936305732484 0.18888888888888888
37 0.7146496815286624 0.675 0.02802547770700637 0.17777777777777778
18 0.7579617834394905 0.6722222222222223 0.030573248407643312 0.17777777777777778
19 0.802547770700637 0.6777777777777778 0.030573248407643312 0.18333333333333332