40 0.410828025477707 0.6916666666666667 0.024203821656050957 0.19444444444444445
40 0.4535031847133758 0.6972222222222222 0.024203821656050957 0.17777777777777778
40 0.06305732484076433 0.6222222222222222 0.022929936305732482 0.2
40 0.5847133757961783 0.725 0.0267515923566879 0.18333333333333332
40 0.629936305732484 0.7333333333333333 0.0267515923566879 0.19444444444444445
25 0.10318471337579618 0.6222222222222222 0.02929936305732484 0.2
40 0.2375796178343949 0.65 0.0267515923566879 0.18888888888888888
40 0.2802547770700637 0.6638888888888889 0.024203821656050957 0.17777777777777778
22 0.6675159235668789 0.7361111111111112 0.0267515923566879 0.19444444444444445
37 0.7121019108280254 0.7472222222222222 0.0267515923566879 0.18888888888888888
18 0.7554140127388536 0.7472222222222222 0.02802547770700637 0.18333333333333332
19 0.8 0.7611111111111111 0.02929936305732484 0.19444444444444445