40 0.4084790265277971 0.6208510599053041 0.024707803589743872 0.19011713897729235
40 0.4511541857634659 0.6186854610652244 0.024663334595594413 0.17345047231062552
40 0.06078244088110337 0.6107212965556381 0.0247078035897438 0.19011713897729218
40 0.5823421423491938 0.6203603860245815 0.02849981364459955 0.1791999620906659
40 0.6275576607864746 0.6208432754792899 0.027240751292330945 0.18469087290472652
25 0.10093206391320991 0.6003516538652149 0.03109205333938595 0.19599591824032245
40 0.23528991087668416 0.6074205225263902 0.028499813644599623 0.1791999620906659
40 0.277305892940119 0.6136205793903915 0.024663334595594413 0.17345047231062552
22 0.6651298671218445 0.6217140333829677 0.028529459640699285 0.190311073201777
37 0.709715854382991 0.6194514674306456 0.027225928294281367 0.17913531734917096
18 0.753035367792844 0.6144757684420408 0.02977369899491802 0.17926460683216083
19 0.7976065320559408 0.6177687580452743 0.02978852199296789 0.1848201623877164