40 0.41239507979780243 0.7076619946052143 0.025737100692208224 0.1950908699789952
40 0.45507394465755463 0.7115225351533643 0.025714866947707846 0.17842420331232853
40 0.06456879479960857 0.657171619391932 0.02447062659005655 0.20061410425782308
40 0.5863100751089411 0.7342960711007442 0.028270048896511534 0.1840444014213391
40 0.6315367106693301 0.7382212542023494 0.028284871392845166 0.1951555125324502
25 0.10469247771055702 0.6554119618310714 0.030840053341648927 0.20077571064146077
40 0.23910961591365623 0.6754885231924924 0.028277460144678277 0.18959995697689463
40 0.28179959764565865 0.6876823970739758 0.025714866947707703 0.17842420331232836
22 0.669116328503725 0.7391747318658114 0.028284871392845023 0.1951555125324502
37 0.7143503753122811 0.7486554705229722 0.028277460144678277 0.18959995697689463
18 0.7570218289238664 0.7469604555155667 0.029543934246829717 0.1840767226980666
19 0.8022595813565059 0.7592189719505051 0.030832642093482254 0.1952201550859052