40 0.41576926412240317 0.6688377482697805 0.024707803589743872 0.18950299314671198
40 0.4584370118590471 0.6671427332623749 0.024663334595594413 0.1728363264800453
40 0.06797632898838588 0.6516807063898316 0.0247078035897438 0.18950299314671182
40 0.5896546144408745 0.6732496025430883 0.02849981364459955 0.17848884586578354
40 0.6348775443771804 0.6743970078669156 0.027240751292330945 0.18401208014461143
25 0.10807407152731813 0.6415877154956376 0.03109205333938595 0.1952201550859052
40 0.24248379898396666 0.6505531657459476 0.028499813644599623 0.17848884586578337
40 0.2845442500415509 0.6599531012112894 0.024663334595594413 0.17283632648004515
22 0.6724571622115751 0.6753504855303777 0.028529459640698997 0.18959995697689463
37 0.7170431494727216 0.6764817302158412 0.027225928294281367 0.17845652458905603
18 0.7603404283855 0.6720250980690217 0.02977369899491802 0.17852116714251104
19 0.8049338271456714 0.6759341205322631 0.02978852199296789 0.1840767226980666