37 0.13135897444918906 0.2672882526771139 0.04235564351680983 0.040149092943823884
38 0.30006551760529765 0.2774593088970542 0.042279090533460614 0.03572431418276194
39 0.467739363686127 0.2839344683224008 0.04896010854634737 0.04167550615976381
41 0.637567915731422 0.29263917944902923 0.04890907322411452 0.038725653652389176
43 0.806299976548647 0.3013353094152822 0.042279090533460614 0.03572431418276194
45 0.12017485744919096 0.4700305444364918 0.04233012585569341 0.03867416669013665
46 0.29109990072255626 0.47874383672349574 0.042279090533460614 0.03572431418276202
47 0.4598447203703394 0.48670250356290506 0.042279090533460614 0.03572431418276202
48 0.629698790076751 0.493932288435846 0.03789312562117966 0.03568998954126011
49 0.7984180920634177 0.5033658815289427 0.04008610807732002 0.035707151862011066
50 0.11208959987496589 0.6204301165107209 0.04233012585569341 0.03867416669013665
51 0.26108481858692767 0.628971785590216 0.040162661060669416 0.04013193062307301
52 0.42984239706526906 0.6361929893027818 0.04454862597295012 0.040166255264574756
53 0.5963814754263538 0.6448719569482838 0.04235564351681002 0.04014909294382397
4 0.7191374576479804 0.6487828994177068 0.03789312562117991 0.03568998954126028
44 0.7673192775302771 0.6528477861084441 0.04233012585569347 0.03867416669013665
53 0.8779628209208992 0.6596141883211118 0.04233012585569347 0.03867416669013665
46 0.9327746234938498 0.6607807094667271 0.04011162573843657 0.03718207811569838
55 0.11043018370246338 0.7797307330693264 0.04238116117792626 0.04162401919751128
56 0.25505219633270265 0.7875006143804761 0.042381161177926195 0.04162401919751128
57 0.42380977481104404 0.7947218180930419 0.04235564351680989 0.04014909294382397
58 0.5914325855696406 0.8041468300257631 0.04457414363406667 0.0416411815182619
59 0.7525147254514908 0.8113079656157006 0.04238116117792607 0.04162401919751128
60 0.8949820321172642 0.8168482952255687 0.04018817872178572 0.04160685687676033
61 0.10015194367209795 0.9301131428228047 0.04457414363406661 0.0416411815182619
62 0.25025641244268815 0.9379259299358316 0.048934590885230944 0.04020057990607649
63 0.4157372760673772 0.9443839270404272 0.04235564351680977 0.04014909294382397
64 0.5833728456565319 0.9530714758463048 0.04018817872178597 0.04160685687676033
65 0.7466224503334059 0.9617247000106806 0.04233012585569347 0.03867416669013665
66 0.8857875244844108 0.9679767492662659 0.04235564351681002 0.04014909294382397