37 0.128662552570141 0.2745889271617714 0.04013714339955306 0.03850253825456819
38 0.29759875467629726 0.27835297893840333 0.04006059041620384 0.03407775949350624
39 0.46648392146022066 0.2791671782076606 0.04674160842909047 0.040003207118038474
41 0.6365038559638889 0.28218947642248504 0.04669057310685762 0.03705335461066376
43 0.8054145404089288 0.2844786019454296 0.04006059041620397 0.03407775949350624
45 0.1354607046578584 0.47737841573888584 0.04011162573843663 0.03702761200088087
46 0.3065643715590386 0.4796589603919028 0.04006059041620384 0.03407775949350624
47 0.47547505600407847 0.4819480859148473 0.04006059041620384 0.03407775949350624
48 0.6454694728466301 0.4834954578759845 0.035674625503923266 0.034060597753650765
49 0.8154894073502985 0.4865177560908089 0.03786760796006337 0.0340691786235785
50 0.14025648854787295 0.6278123127450643 0.04011162573843663 0.03702761200088087
51 0.28944308971820787 0.6309161292242016 0.03794416094341277 0.03849395738464045
52 0.45834101533268945 0.6324677916203025 0.04233012585569347 0.038511119124495764
53 0.6261552085496591 0.634761207578211 0.04013714339955312 0.03850253825456819
4 0.748974984924077 0.6350181419891056 0.035674625503923266 0.03406059775365093
44 0.7972588754508393 0.6370417522312278 0.04011162573843657 0.03702761200088087
53 0.9080555248081599 0.6395582708072556 0.04011162573843657 0.03702761200088087
46 0.9628800862116688 0.639343749059064 0.03789312562117991 0.035544104877265816
55 0.15178432577300704 0.7870700246635838 0.04016266106066948 0.039977464508255504
56 0.2976686944285732 0.7894492493207688 0.04016266106066954 0.039977464508255504
57 0.4665666200430548 0.7910009117168698 0.04013714339955312 0.03850253825456819
58 0.6343935720905827 0.7940317908016219 0.04235564351680977 0.03998604537818308
59 0.7956160591085731 0.7956134862424696 0.040162661060669666 0.039977464508255504
60 0.9381854364188122 0.796530655950859 0.037969678604529315 0.039968883638327596
61 0.15548361843495143 0.9375082121047262 0.04235564351680983 0.03998604537818308
62 0.30575395200279826 0.9398702750220559 0.04671609076797417 0.03852828086435124
63 0.47134964510251115 0.9406973455962047 0.04013714339955312 0.038502538254567856
64 0.6391638383194809 0.9429907615541132 0.037969678604529065 0.039968883638327596
65 0.802604825454728 0.9460388023787205 0.04011162573843657 0.03702761200088087
66 0.9429939791393851 0.9477020160838812 0.04013714339955312 0.03850253825456819