37 0.10964912280701754 0.27390723968945757 0.03508771929824561 0.03701045026102556
38 0.27850877192982454 0.2754589020855585 0.03508771929824561 0.03406059775365093
39 0.4473684210526316 0.2755356382279721 0.041666666666666664 0.038511119124495764
41 0.6173245614035088 0.27708301018910925 0.043859649122807015 0.037044773740736184
43 0.7861842105263158 0.2786346725852102 0.03728070175438596 0.0340691786235785
45 0.10197368421052631 0.4767396326162103 0.03728070175438596 0.03701903113095313
46 0.2719298245614035 0.47681207832366 0.03728070175438596 0.034069178623578666
47 0.4407894736842105 0.47836374071976107 0.03508771929824561 0.034060597753650765
48 0.6107456140350878 0.4799111126808981 0.03070175438596491 0.034043436013795614
49 0.7807017543859649 0.4807210215151916 0.03289473684210526 0.03405201688372319
50 0.09649122807017543 0.6272035626671356 0.03728070175438596 0.03701903113095313
51 0.24561403508771928 0.6288324528925856 0.03289473684210526 0.03700186939109782
52 0.4144736842105263 0.6296466521618428 0.039473684210526314 0.03850253825456819
53 0.5833333333333334 0.6304608514311001 0.03508771929824561 0.03848537651471271
4 0.706140350877193 0.6292428595883074 0.03289473684210526 0.03405201688372319
44 0.7532894736842105 0.6312707602653935 0.03728070175438596 0.0370190311309533
53 0.8651315789473685 0.6330455252796138 0.03508771929824561 0.037010450261025396
46 0.918859649122807 0.6320978308395424 0.03508771929824561 0.03553552400733808
55 0.09649122807017543 0.7864955980653656 0.03728070175438596 0.039968883638327596
56 0.24342105263157895 0.7873956060338996 0.03728070175438596 0.039968883638327596
57 0.41228070175438597 0.7882098053031568 0.03728070175438596 0.03849395738464028
58 0.5789473684210527 0.7897700485691855 0.039473684210526314 0.039977464508255504
59 0.7401315789473685 0.7906142808831895 0.03508771929824561 0.03996030276840003
60 0.8826754385964912 0.7900565243378915 0.03289473684210526 0.03995172189847245
61 0.09100877192982457 0.9376969912431348 0.039473684210526314 0.039977464508255504
62 0.2412280701754386 0.9378466647799335 0.041666666666666664 0.038511119124495764
63 0.40789473684210525 0.9379319817922748 0.03728070175438596 0.03849395738464061
64 0.5745614035087719 0.9387547619314597 0.03289473684210526 0.03995172189847245
65 0.7368421052631579 0.9403321669373438 0.03508771929824561 0.037010450261025396
66 0.8771929824561403 0.9412579175156605 0.03508771929824561 0.03848537651471271