46 0.16650625601539942 0.30220151951025703 0.06737247353224254 0.17933670370750626
48 0.3551491819056785 0.34082341874789884 0.06641000962463908 0.18113046767580182
51 0.444177093358999 0.3645554240943423 0.06448508180943215 0.19197752374306465
65 0.541385948026949 0.3884669329879494 0.0712223291626564 0.19756999629167377
55 0.6342637151106834 0.40593132347754407 0.06929740134744947 0.19571287813026156
52 0.14292589027911454 0.7363483737570945 0.07025986525505294 0.1866595860312943
48 0.32964388835418673 0.771298272800656 0.068334937439846 0.17572805770654282
63 0.4210779595765159 0.7968979553406978 0.06929740134744947 0.19208311406492581
37 0.5144369586140519 0.810743140797143 0.06448508180943215 0.18290311357972547
59 0.609720885466795 0.8364272955946735 0.068334937439846 0.19024711396788563
37 0.7011549566891242 0.8475079218733724 0.06256015399422522 0.17560134932030932
65 0.7993262752646776 0.8759777539130215 0.06929740134744947 0.1938979960975937