46 0.1637378053494783 0.3312159709618875 0.06749633992926006 0.17604355716878403
48 0.35296275672697763 0.34754990925589835 0.06654507530314747 0.17785843920145192
51 0.4420690631507347 0.3602540834845735 0.06372487926928286 0.18874773139745918
65 0.5403187766967247 0.37295825771324864 0.07049572446697988 0.19419237749546278
55 0.6337113735787335 0.37840290381125224 0.06855959737028196 0.19237749546279492
52 0.15440603334375105 0.7686025408348457 0.07042852877803422 0.18330308529945555
48 0.34167805870231605 0.7803992740471869 0.06843640527388163 0.1724137931034483
63 0.4341697877249217 0.7958257713248639 0.06853719880730007 0.18874773139745918
37 0.5280212179977504 0.7976406533575318 0.06463134676943155 0.17967332123411978
59 0.6233947391024209 0.8121597096188747 0.06756353561820572 0.1869328493647913
37 0.7153044426378063 0.8112522686025408 0.06266162182826085 0.1724137931034483
65 0.8135821543875237 0.8284936479128857 0.06854839808879096 0.19056261343012704