46 0.17613089509143406 0.3370132066821485 0.06641000962463908 0.17641451811260803
48 0.3652550529355149 0.3441455483489266 0.06544754571703561 0.17819772126155858
51 0.45476419634263715 0.35072144859996884 0.06352261790182868 0.1890236556901314
65 0.5534167468719923 0.35850573926265905 0.0712223291626564 0.19472173285787317
55 0.6467757459095284 0.35885626793423264 0.06929740134744947 0.19284349305777065
52 0.19104908565928777 0.7748907992527245 0.07025986525505294 0.1838007617781487
48 0.3782483156881617 0.7765151370540645 0.06737247353224254 0.17281643293098958
63 0.47112608277189605 0.7859242364471188 0.068334937439846 0.1891820501087177
37 0.5644850818094321 0.7835524420696908 0.06352261790182868 0.1799492455267918
59 0.6607314725697786 0.7921649765394216 0.06737247353224254 0.1873354891923326
37 0.7521655437921078 0.7861000603292233 0.061597690086621755 0.1726263596286859
65 0.8508180943214629 0.7984215560735832 0.06929740134744947 0.19102861102510277