46 0.16490442161188668 0.33939998815281447 0.06168795863916649 0.17126410758274083
48 0.3541069744264041 0.3287705935209682 0.06073669401305392 0.17306843094061558
51 0.4431404855204701 0.3288398299229889 0.05791649797918918 0.18392604711224392
65 0.5408473710644581 0.3271892123654788 0.06564980708448978 0.18945516260859166
55 0.6342567668687035 0.3200464346733965 0.06371367998779186 0.18761916322633776
52 0.17038633798720004 0.7768763067615134 0.06462014748794061 0.1785553117377915
48 0.3576919611902379 0.7616885896984114 0.06359048789139153 0.1676554608669911
63 0.450082896679425 0.7636096634948755 0.06369128142480997 0.183989399161002
37 0.5435146910466523 0.7528371217374574 0.058822965479337984 0.17486219562369745
59 0.6392854494939424 0.7529802688630293 0.06175515432811215 0.1821533997787481
37 0.7303334826551428 0.738551566353293 0.056853240538167066 0.16758155014344012
65 0.8289692342622615 0.7423561535685795 0.0627400167986974 0.18579372251887677