46 0.17658348808802782 0.32123411978221417 0.06597949358232988 0.1724137931034483
48 0.36616927980666275 0.3275862068965517 0.06502262912594009 0.17422867513611615
51 0.45517479345512873 0.33484573502722326 0.06313129801801477 0.1851179673321234
65 0.5538049461796293 0.34210526315789475 0.06988534372487994 0.19056261343012704
55 0.6471611454915586 0.3430127041742287 0.06795481645845944 0.18874773139745918
52 0.1863051550085911 0.7577132486388385 0.06985174701759822 0.17967332123411978
48 0.3734959858606446 0.7604355716878403 0.0669307585875061 0.16878402903811252
63 0.4663457556883108 0.7695099818511797 0.0679436175560321 0.1851179673321234
37 0.5597103541770605 0.7676950998185118 0.06310330076194673 0.17604355716878403
59 0.6554531151787507 0.7749546279491834 0.06697555419721507 0.18330308529945555
37 0.7473852167085225 0.7695099818511797 0.06115597514188532 0.16878402903811252
65 0.846001370804989 0.7813067150635209 0.06794921700724588 0.1869328493647913