46 0.1631376323387873 0.3203266787658802 0.06448508180943215 0.17422867513611615
48 0.35226179018286813 0.3430127041742287 0.06352261790182868 0.17604355716878403
51 0.44128970163618864 0.3584392014519056 0.06063522617901829 0.1869328493647913
65 0.5389797882579404 0.3738656987295826 0.06737247353224254 0.19237749546279492
55 0.6323387872954764 0.38294010889292196 0.06544754571703561 0.19056261343012704
52 0.1472569778633301 0.7568058076225045 0.06737247353224254 0.18148820326678766
48 0.33445620789220404 0.7749546279491834 0.06544754571703561 0.1705989110707804
63 0.42637151106833493 0.7931034482758621 0.06544754571703561 0.1869328493647913
37 0.5202117420596728 0.7985480943738656 0.061597690086621755 0.17785843920145192
59 0.6154956689124158 0.8157894736842105 0.06448508180943215 0.1851179673321234
37 0.7074109720885466 0.8185117967332124 0.059672762271414825 0.1705989110707804
65 0.8055822906641001 0.838475499092559 0.06544754571703561 0.18874773139745918