46 0.17035611164581327 0.3157894736842105 0.05774783445620789 0.16696914700544466
48 0.35948026948989414 0.3157894736842105 0.05678537054860443 0.16878402903811252
51 0.44850818094321465 0.3203266787658802 0.05389797882579403 0.17967332123411978
65 0.5461982675649664 0.323956442831216 0.06063522617901829 0.1851179673321234
55 0.6395572666025024 0.3221415607985481 0.059672762271414825 0.18330308529945555
52 0.17035611164581327 0.7531760435571688 0.06063522617901829 0.17422867513611615
48 0.3575553416746872 0.7486388384754991 0.059672762271414825 0.16333938294010888
63 0.44995187680461984 0.7558983666061706 0.059672762271414825 0.17967332123411978
37 0.5433108758421559 0.7495462794918331 0.0548604427333975 0.1705989110707804
59 0.6390760346487007 0.7549909255898367 0.05774783445620789 0.17785843920145192
37 0.7305101058710298 0.7459165154264973 0.05293551491819057 0.16333938294010888
65 0.829162656400385 0.7549909255898367 0.05871029836381136 0.18148820326678766