46 0.1794995187680462 0.3103448275862069 0.06352261790182868 0.1705989110707804
48 0.368623676612127 0.32304900181488205 0.06256015399422522 0.1724137931034483
51 0.45765158806544753 0.33303085299455537 0.06063522617901829 0.18330308529945555
65 0.5563041385948027 0.34392014519056263 0.06737247353224254 0.18874773139745918
55 0.6496631376323387 0.34754990925589835 0.06544754571703561 0.1869328493647913
52 0.18623676612127046 0.7477313974591652 0.06737247353224254 0.17785843920145192
48 0.3734359961501444 0.7558983666061706 0.06448508180943215 0.16696914700544466
63 0.46631376323387874 0.7686025408348457 0.06544754571703561 0.18330308529945555
37 0.5596727622714148 0.7695099818511797 0.06063522617901829 0.17422867513611615
59 0.6554379210779596 0.7803992740471869 0.06448508180943215 0.18148820326678766
37 0.7473532242540905 0.7776769509981851 0.05871029836381136 0.16696914700544466
65 0.8455245428296438 0.7931034482758621 0.06544754571703561 0.1851179673321234