46 0.16790451456595576 0.33223840997259924 0.06019351123428185 0.17074811982858346
48 0.3570482704892843 0.33211122350870587 0.05923664677789195 0.172531322977534
51 0.44607058249139114 0.3368564022852215 0.056382851762363385 0.18332557852238943
65 0.5437606691131428 0.34007180898252476 0.06313689746922856 0.18899197680641408
55 0.637133666778713 0.3386074556214306 0.062168834110411526 0.1871454158900289
52 0.17040490245388623 0.7697516953804265 0.06310330076194673 0.17810268461040693
48 0.35763772919004194 0.765023946067429 0.062107240147061434 0.16718171353068226
63 0.4500202656919405 0.7726023239859569 0.062157635207984174 0.18351565182469315
37 0.5434100617111515 0.7656933245268591 0.0573173184138988 0.17428284724276746
59 0.6391668213408759 0.7715676965057296 0.06022710794156346 0.18163741202459083
37 0.7306372889960936 0.7627804572465294 0.055369992793837176 0.16695996134466132
65 0.8292730411718079 0.7714721889255536 0.0612007707515945 0.1852988549736438