52 0.10686063997157252 0.27917649470935335 0.07638438375550834 0.18983922397807565
37 0.3168117008144945 0.2723542524377306 0.07072294978474016 0.17161788291404406
51 0.4235620512080535 0.2816559104327229 0.07517570718048727 0.17894857895367514
48 0.5345168922095402 0.2747375398296651 0.07840069055599638 0.17357703576600714
52 0.6396165560249109 0.2831017810126943 0.07968575691188512 0.19171405760200178
52 0.0928158182925571 0.710883355381501 0.0763461888650746 0.18621603557227856
37 0.3033521199777728 0.70769484141918 0.07181704168845995 0.17163896272105328
47 0.41277085907237243 0.7107086192215505 0.07730659865227647 0.1735559559589978
48 0.52104776265021 0.7091723317096653 0.0773256960974933 0.17536755016189637
52 0.6261474264655806 0.7175365728926946 0.0785534701177313 0.18806978938919555
48 0.7321788539003279 0.7105233431580953 0.07396703060546611 0.16805793392927462
50 0.8372785177156985 0.7188875843411245 0.0719507238049779 0.18432012214134313