52 0.11050328227571116 0.29257246376811596 0.06783369803063458 0.18478260869565216
37 0.3200218818380744 0.28442028985507245 0.061269146608315096 0.16666666666666666
51 0.42778993435448576 0.2916666666666667 0.06564551422319474 0.17391304347826086
48 0.5388402625820569 0.28442028985507245 0.06892778993435449 0.16666666666666666
52 0.6438730853391685 0.2916666666666667 0.0711159737417943 0.18478260869565216
52 0.11050328227571116 0.7246376811594203 0.06783369803063458 0.18115942028985507
37 0.32056892778993434 0.720108695652174 0.06236323851203501 0.16666666666666666
47 0.43052516411378555 0.7210144927536232 0.06783369803063458 0.16847826086956522
48 0.5388402625820569 0.7192028985507246 0.06783369803063458 0.17028985507246377
52 0.6438730853391685 0.7264492753623188 0.06892778993435449 0.18115942028985507
48 0.75054704595186 0.7182971014492754 0.06455142231947483 0.16304347826086957
50 0.8561269146608315 0.7255434782608695 0.06236323851203501 0.1793478260869565