52 0.10519440692855038 0.2664208867602585 0.07725478351219947 0.1909551595774762
37 0.315823011495867 0.2639207640041152 0.07172067158866602 0.17278651981469584
51 0.42191173471373816 0.2758126652571273 0.07612250016551933 0.18007505481332592
48 0.5335313872348961 0.270547119316398 0.07938568015519885 0.17467189084490728
52 0.6379853378376807 0.280611617046373 0.08054342446385246 0.19279837242065165
52 0.08070036709275952 0.6982647736696244 0.0772420530312127 0.18733197117167918
37 0.29131942379933606 0.6984820422178287 0.07281476349238594 0.1727970593614549
47 0.4007127010700938 0.7040649824009728 0.07829158825147894 0.1746613512981482
48 0.5090309821586119 0.7042026004286623 0.07829795349197226 0.17647294550104675
52 0.6140287960930098 0.7151781650334662 0.07943660207914591 0.18916464446809547
48 0.7201779890955682 0.7098599213589419 0.074990216818839 0.16919495004917554
50 0.8251789856502127 0.7199296888622966 0.07285932017583979 0.18547821878174475