52 0.10393873085339168 0.27717391304347827 0.07439824945295405 0.18840579710144928
37 0.31400437636761486 0.266304347826087 0.06892778993435449 0.17028985507246377
51 0.4206783369803063 0.27355072463768115 0.07330415754923414 0.17753623188405798
48 0.5317286652078774 0.2644927536231884 0.07658643326039387 0.1721014492753623
52 0.6367614879649891 0.2708333333333333 0.07768052516411379 0.19021739130434784
52 0.08533916849015317 0.7092391304347826 0.07439824945295405 0.18478260869565216
37 0.2959518599562363 0.7019927536231884 0.0700218818380744 0.17028985507246377
47 0.40536105032822756 0.7028985507246377 0.07549234135667396 0.1721014492753623
48 0.5136761487964989 0.6992753623188406 0.07549234135667396 0.17391304347826086
52 0.6187089715536105 0.7056159420289855 0.07658643326039387 0.18659420289855072
48 0.7248358862144421 0.6965579710144928 0.07221006564551423 0.16666666666666666
50 0.8298687089715536 0.7028985507246377 0.0700218818380744 0.18297101449275363