52 0.11151392054209676 0.3023986138563685 0.07198891869541182 0.18726873389112528
37 0.3208892892653335 0.2867933341302853 0.06523339282092376 0.16908955458158584
51 0.42869553667217863 0.28937837718032317 0.06968615021667075 0.17637808958021603
48 0.5396408289510569 0.2783448450683449 0.07289203614696303 0.16916333140889872
52 0.6447118465986023 0.2809562369852802 0.07527119440657155 0.18730035253140218
52 0.12044502884119948 0.734421673060637 0.07195072380497809 0.18364554548532808
37 0.33040563840672993 0.7224343119669713 0.06632748472464355 0.16910009412834492
47 0.44033322856275586 0.7186576962133463 0.07181704168845995 0.17096438606503822
48 0.5486005834179849 0.7130852955769612 0.07183613913367691 0.17277598026793675
52 0.6536716010655303 0.7156966874938966 0.07304481570869807 0.18365608503208714
48 0.7602309770069207 0.7037995164675049 0.06847747364164959 0.16549798481606576
50 0.8658585893289342 0.70731143571251 0.06646116684116163 0.18178125354863478