54 0.026344086021505377 0.28342245989304815 0.01881720430107527 0.0962566844919786
54 0.026344086021505377 0.446524064171123 0.01881720430107527 0.10160427807486631
54 0.02661290322580645 0.6105169340463458 0.01935483870967742 0.09803921568627451
54 0.0260752688172043 0.7762923351158645 0.01935483870967742 0.0944741532976827
54 0.0260752688172043 0.9367201426024956 0.020967741935483872 0.09982174688057041
1 0.05349462365591398 0.28520499108734404 0.016666666666666666 0.09090909090909091
2 0.05295698924731183 0.44919786096256686 0.015591397849462365 0.08912655971479501
3 0.05349462365591398 0.6087344028520499 0.017741935483870968 0.08912655971479501
4 0.05349462365591398 0.7754010695187166 0.016666666666666666 0.08912655971479501
5 0.0532258064516129 0.9376114081996435 0.017204301075268817 0.0855614973262032
40 0.13790322580645162 0.28520499108734404 0.017204301075268817 0.09269162210338681
40 0.13709677419354838 0.4474153297682709 0.017204301075268817 0.09090909090909091
40 0.1381720430107527 0.6131907308377896 0.016129032258064516 0.08021390374331551
40 0.13763440860215054 0.7762923351158645 0.016666666666666666 0.0855614973262032
40 0.13763440860215054 0.9411764705882353 0.015053763440860216 0.08199643493761141
37 0.18924731182795698 0.28342245989304815 0.015591397849462365 0.09803921568627451
65 0.2174731182795699 0.28520499108734404 0.017204301075268817 0.09803921568627451
52 0.2725806451612903 0.28342245989304815 0.016129032258064516 0.09090909090909091
55 0.3002688172043011 0.2825311942959002 0.017204301075268817 0.09269162210338681
56 0.4653225806451613 0.2816399286987522 0.017741935483870968 0.0944741532976827
37 0.5198924731182796 0.2825311942959002 0.016666666666666666 0.09269162210338681
59 0.19059139784946236 0.4483065953654189 0.01827956989247312 0.0944741532976827
61 0.2174731182795699 0.44919786096256686 0.017741935483870968 0.0873440285204991
51 0.2446236559139785 0.4483065953654189 0.015591397849462365 0.08912655971479501
51 0.4099462365591398 0.446524064171123 0.017204301075268817 0.08912655971479501
37 0.43709677419354837 0.44563279857397503 0.014516129032258065 0.08377896613190731
23 0.1631720430107527 0.6105169340463458 0.017204301075268817 0.0873440285204991
37 0.18978494623655914 0.6087344028520499 0.016129032258064516 0.08377896613190731
59 0.21801075268817205 0.6114081996434938 0.01935483870967742 0.08912655971479501
37 0.2728494623655914 0.6105169340463458 0.016666666666666666 0.08912655971479501
56 0.30053763440860215 0.6096256684491979 0.016666666666666666 0.0855614973262032
59 0.4104838709677419 0.6122994652406417 0.017204301075268817 0.0873440285204991
37 0.4368279569892473 0.6087344028520499 0.016129032258064516 0.08377896613190731
38 0.46478494623655914 0.6087344028520499 0.015053763440860216 0.08021390374331551
29 0.16263440860215053 0.7745098039215687 0.016666666666666666 0.0873440285204991
37 0.18951612903225806 0.7727272727272727 0.015053763440860216 0.0873440285204991
56 0.3008064516129032 0.7736185383244206 0.017204301075268817 0.08377896613190731
61 0.3279569892473118 0.7745098039215687 0.017204301075268817 0.0873440285204991
53 0.3556451612903226 0.7736185383244206 0.015591397849462365 0.0873440285204991
60 0.38333333333333336 0.7745098039215687 0.016129032258064516 0.08199643493761141
37 0.4099462365591398 0.7709447415329769 0.015053763440860216 0.08021390374331551
37 0.271505376344086 0.9340463458110517 0.015591397849462365 0.08199643493761141
59 0.29973118279569894 0.9385026737967914 0.015591397849462365 0.0855614973262032
40 0.41317204301075267 0.9367201426024956 0.014516129032258065 0.08021390374331551
11 0.43629032258064515 0.9340463458110517 0.015053763440860216 0.0784313725490196
60 0.4922043010752688 0.9367201426024956 0.016129032258064516 0.08377896613190731
40 0.6048387096774194 0.9393939393939394 0.015591397849462365 0.08199643493761141
23 0.6301075268817204 0.9376114081996435 0.017741935483870968 0.0873440285204991
37 0.6567204301075269 0.9331550802139037 0.016129032258064516 0.08377896613190731
51 0.6844086021505377 0.9358288770053476 0.014516129032258065 0.08377896613190731
55 0.7126344086021505 0.9358288770053476 0.016129032258064516 0.0855614973262032
61 0.739516129032258 0.9376114081996435 0.016129032258064516 0.08377896613190731
52 0.8760752688172043 0.9376114081996435 0.015591397849462365 0.08199643493761141
37 0.9026881720430108 0.9367201426024956 0.014516129032258065 0.08021390374331551