54 0.026360479209868427 0.31007683687513904 0.019698915559569707 0.09878591430461142
54 0.027739349582137914 0.47314732871078324 0.019717683387745644 0.10413350788749912
54 0.02939016513007113 0.6370987153294317 0.020242805910897176 0.10058918712719457
54 0.030509602212127517 0.8028533747706633 0.02023029402544654 0.09702412473860277
54 0.031850936928045116 0.9552286794405321 0.021811917537626423 0.0881736936519846
1 0.05351101684427703 0.3090293846466386 0.017529610096985167 0.09335535420857523
2 0.05435538077930702 0.47301188370771785 0.016441829394330233 0.08974880856340924
3 0.05625937367472804 0.6324965715264831 0.018598622971464137 0.09161430627085372
4 0.057919573136749225 0.7991217549365754 0.017523354154259835 0.09157282301427923
5 0.05901398644790435 0.9577462896006234 0.018023452906510116 0.08089837747679107
40 0.1379039791380014 0.3013166210198181 0.018073500448312622 0.09515862703115828
40 0.13847326992600498 0.4635269597007451 0.018067244505587336 0.09337609583686238
40 0.14093366505820407 0.6283384994741108 0.016954440032031132 0.08263942541451268
40 0.1420437182261725 0.7914193621238985 0.017510842268809203 0.08800776062568742
40 0.14342258859844198 0.9544898539595427 0.01587291527210148 0.08081541096364249
37 0.18922929733133081 0.29398820193550873 0.016473109107956803 0.09866146453488873
65 0.21745510378294372 0.2928992664504339 0.018092268276488604 0.10050622061404597
52 0.27254699080785083 0.2863169215652625 0.016991975688383034 0.09333461258028808
55 0.30022577893677366 0.282574930917031 0.01807350044831268 0.09515862703115828
56 0.465242006721282 0.2655120638671041 0.01861739079964018 0.09696189985374132
37 0.5198056432516749 0.2616242574016637 0.01753586603971041 0.09513788540287113
59 0.19195850966783096 0.4587893708947309 0.019155025208242207 0.09698264148202847
61 0.21883710212657587 0.45686102388322597 0.01859236702873879 0.08983177507655782
51 0.24598138381825913 0.45403104046042964 0.016441829394330188 0.08974880856340914
51 0.4112633008357059 0.4360665369992112 0.018060988562861986 0.09159356464256647
37 0.4384044545560265 0.43234528797926686 0.015347792748949965 0.08435973172394724
23 0.16592115317275344 0.623808951370167 0.01805473262013664 0.08981103344827057
37 0.1925215445131093 0.6192171783813619 0.016966951917481765 0.08620448780310448
59 0.22075047893608482 0.619019508493435 0.02021152619727059 0.09167653115571507
37 0.2755766767280536 0.6133388000195551 0.017523354154259835 0.09157282301427923
56 0.30325546485697635 0.6095968093713237 0.01751084226880926 0.08800776062568742
59 0.4131891895306655 0.6017900839980121 0.01805473262013664 0.08981103344827057
37 0.439514507723995 0.5954261506290546 0.016966951917481765 0.08620448780310448
38 0.46746524102858145 0.5925650547638275 0.015872915272101423 0.08081541096364249
29 0.16703433431208453 0.7877810796171029 0.01751709821153455 0.08979029181998333
37 0.1939035428567414 0.7831789358141541 0.015897939043002813 0.08794553574082609
56 0.3049062804049096 0.7735481959899723 0.018042220734686067 0.08624597105967878
61 0.3320536900679555 0.7716094781643238 0.01805473262013664 0.08981103344827057
53 0.3597324781968783 0.7678674875160924 0.016435573451604964 0.08796627736911333
60 0.38742065023988903 0.7667992936593047 0.016960695974756416 0.08442195660880858
37 0.4140147856375196 0.7604249894762036 0.015872915272101423 0.08081541096364249
37 0.2772497647413003 0.9368474701559739 0.01641680562342904 0.08261868378622564
59 0.30548495510700113 0.938432331462343 0.016429317508879614 0.08618374617481743
40 0.418897663579791 0.9260344575194254 0.015335280863499393 0.08079466933535523
11 0.44200030329287016 0.9206862395173385 0.015866659329376195 0.07903287976934659
60 0.49791115381613116 0.9176378445783283 0.016966951917481644 0.08620448780310427
40 0.6105330505328311 0.9097274110635809 0.01641680562342904 0.08261868378622564
23 0.6355205386473805 0.9051978629596371 0.01859236702873879 0.08983177507655782
37 0.6621146740450109 0.8988235587765361 0.016966951917481887 0.08620448780310468
51 0.6898059740593845 0.8986466305168964 0.015347792748949965 0.08435973172394724
55 0.718025524568272 0.8957751638375258 0.016973207860207114 0.08798701899740018
61 0.7449072449983793 0.8947380824231688 0.016966951917481887 0.08620448780310468
52 0.8814413610124245 0.8823395840610521 0.01641680562342904 0.08261868378622543
37 0.908044880324143 0.8786390766693949 0.015335280863499515 0.08079466933535544