54 0.02903225806451613 0.22849525345848204 0.01989247311827957 0.09842292282175644
54 0.0271505376344086 0.39163315435748086 0.01989247311827957 0.10377051640464413
54 0.025806451612903226 0.5547606847933585 0.02043010752688172 0.10021582447917336
54 0.02338709677419355 0.7205827529469224 0.02043010752688172 0.09665076209058156
54 0.021774193548387097 0.8810416718229167 0.02204301075268817 0.10202946706283274
1 0.05591397849462366 0.23243305828816513 0.017741935483870968 0.09303384738638423
2 0.053763440860215055 0.39646741001587243 0.016666666666666666 0.09123057526584609
3 0.05268817204301075 0.5560246928315977 0.01881720430107527 0.09127205711833038
4 0.050806451612903224 0.7227276561191884 0.017741935483870968 0.09125131619208833
5 0.0489247311827957 0.8849742914210393 0.01827956989247312 0.08769662426661756
40 0.1403225806451613 0.24060881714677476 0.01827956989247312 0.09482674904380116
40 0.13790322580645162 0.4028658229117468 0.01827956989247312 0.09304421784950535
40 0.13709677419354838 0.5686567796759473 0.017204301075268817 0.08232828975748781
40 0.1349462365591398 0.7317998658065066 0.017741935483870968 0.08768625380349652
40 0.13333333333333333 0.8967151126682409 0.016129032258064516 0.08409008002554126
37 0.19166666666666668 0.24407476590444638 0.016666666666666666 0.10014323123732548
65 0.21989247311827956 0.2479866445763267 0.01827956989247312 0.10017434262668885
52 0.275 0.2522712656892983 0.017204301075268817 0.093023476923263
55 0.30268817204301074 0.25351971803285583 0.01827956989247312 0.09482674904380116
56 0.46774193548387094 0.2690525633947751 0.01881720430107527 0.09661965070121828
37 0.5220430107526882 0.27513527139672433 0.017741935483870968 0.09481637858068014
59 0.1913978494623656 0.40896408660837774 0.01935483870967742 0.0966300211643393
61 0.21827956989247313 0.41201062584091286 0.01881720430107527 0.08948952592403468
51 0.2454301075268817 0.4141607142447395 0.016666666666666666 0.09123057526584598
51 0.4104838709677419 0.4279110284123629 0.01827956989247312 0.09126168665520945
37 0.4376344086021505 0.4300611168161896 0.015591397849462365 0.08586224075671613
23 0.1620967741935484 0.5681745531408146 0.01827956989247312 0.08947915546091345
37 0.18870967741935485 0.5694437464106143 0.017204301075268817 0.08589335214607961
59 0.21693548387096775 0.5742468906796426 0.02043010752688172 0.09130316850769385
37 0.2717741935483871 0.5785366970241748 0.017741935483870968 0.09125131619208833
56 0.2994623655913978 0.5806764149648803 0.017741935483870968 0.08768625380349652
59 0.40940860215053765 0.5937071704081238 0.01827956989247312 0.08947915546091345
37 0.435752688172043 0.5931990177151885 0.017204301075268817 0.0858933521460794
38 0.4637096774193548 0.5953335504243333 0.016129032258064516 0.08230754883124536
29 0.15994623655913978 0.7322089048685219 0.017741935483870968 0.08946878499779243
37 0.1868279569892473 0.7334729129067612 0.016129032258064516 0.08943767360842896
56 0.29811827956989245 0.744695210997906 0.01827956989247312 0.08591409307232166
61 0.32526881720430106 0.7477365649988806 0.01827956989247312 0.08947915546091345
53 0.35295698924731184 0.7498762829395862 0.016666666666666666 0.08944804407154998
60 0.38064516129032255 0.7537985320745876 0.017204301075268817 0.0841108209517835
37 0.40725806451612906 0.7523939285529435 0.016129032258064516 0.08230754883124536
37 0.2672043010752688 0.9021542577254104 0.016666666666666666 0.08410045048866228
59 0.29516129032258065 0.9096363840174431 0.016666666666666666 0.08766551287725408
40 0.40860215053763443 0.9181434034646594 0.015591397849462365 0.08229717836812434
11 0.43172043010752686 0.9176974735504507 0.016129032258064516 0.08052501763694946
60 0.4876344086021505 0.9264228669544804 0.017204301075268817 0.08589335214607961
40 0.600268817204301 0.9394017700821184 0.016666666666666666 0.08410045048866228
23 0.6255376344086021 0.940696889509721 0.01881720430107527 0.08948952592403447
37 0.6521505376344086 0.9384010203909291 0.017204301075268817 0.0858933521460792
51 0.6798387096774193 0.9441058007202264 0.015591397849462365 0.08586224075671613
55 0.7075268817204301 0.9444629874666359 0.017204301075268817 0.08411082095178371
61 0.7344086021505376 0.9466182611020232 0.017204301075268817 0.078763227368896
52 0.8712365591397849 0.9528916342091744 0.016666666666666666 0.06092754496281558
37 0.8975806451612903 0.9532747471133869 0.015591397849462365 0.05912427284227763