54 0.34609375 0.253125 0.04375 0.065625
0 0.40234375 0.24921875 0.04375 0.065625
54 0.3375 0.05703125 0.04375 0.065625
1 0.39375 0.05390625 0.04375 0.065625
54 0.515625 0.04921875 0.04375 0.065625
2 0.5734375 0.04296875 0.04375 0.065625
38 0.353203125 0.47329687500000006 0.04375 0.065625
39 0.465421875 0.47045312499999997 0.04375 0.065625
41 0.5819062500000001 0.46903125 0.04375 0.065625
45 0.699796875 0.46618750000000003 0.04375 0.065625
46 0.8205312499999999 0.46476562499999996 0.04375 0.065625
47 0.9483750000000001 0.461921875 0.04375 0.065625
58 0.356046875 0.6536875 0.04375 0.065625
59 0.46968750000000004 0.6536875 0.04375 0.065625
60 0.58475 0.655109375 0.04375 0.065625
61 0.7012343750000001 0.655109375 0.04375 0.065625
62 0.8219687499999999 0.65653125 0.04375 0.065625
63 0.94128125 0.655109375 0.04375 0.065625
54 0.70028125 0.039281250000000004 0.04375 0.065625
3 0.764203125 0.035015625 0.04375 0.065625