54 0.02077711818672423 0.1267912794279885 0.017269293038316244 0.10573791362614428
54 0.02050728548300054 0.30969964705205505 0.017808958445763627 0.10574947988819394
54 0.021316783594171614 0.4905968105814458 0.018888289260658393 0.09782032612998699
54 0.02239611440906638 0.6714881909798119 0.017269293038316244 0.09977369891441483
54 0.022126281705342688 0.856384630174455 0.017808958445763627 0.1037614083176174
6 0.04803022126281705 0.1212370042680417 0.018888289260658393 0.09782032612998694
7 0.04803022126281705 0.3051336245463717 0.017808958445763627 0.09779719360588779
8 0.048569886670264434 0.48703060699207557 0.018888289260658393 0.09980839770056353
9 0.04937938478143551 0.6719039136626195 0.017808958445763627 0.1037614083176174
1 0.04910955207771182 0.8508361381455329 0.017269293038316244 0.09977369891441461
0 0.0779816513761468 0.8512113789111668 0.015650296815974095 0.09377478541653628
40 0.13302752293577982 0.11842128220993937 0.01834862385321101 0.1017849030090904
40 0.1332973556395035 0.4852147038502863 0.017269293038316244 0.10176177048499115
40 0.13410685375067458 0.6671059031649653 0.015650296815974095 0.09178671384595974
40 0.16270912034538587 0.8454193326282247 0.015650296815974095 0.09377478541653628
59 0.18510523475445223 0.11829917370744 0.019427954668105773 0.10379610710376616
37 0.24015110631408526 0.1091671286960733 0.01672962763086886 0.10373827579351812
65 0.26821370750134915 0.10558357571362861 0.017808958445763627 0.10376140831761735
46 0.32379924446842956 0.10439225072251848 0.01834862385321101 0.09979683143851387
61 0.3515920129519698 0.1008144808710986 0.01672962763086886 0.10175020422294159
52 0.3783054506206152 0.10123598668493103 0.017269293038316244 0.1017617704849912
61 0.4063680518078791 0.09964050527306287 0.018888289260658393 0.10179646927114001
47 0.43362115488397196 0.09905640903955742 0.017808958445763627 0.10574947988819389
48 0.4611440906637885 0.09150827917800926 0.017808958445763627 0.09580912203531118
60 0.488667026443605 0.09290647138405554 0.017808958445763627 0.10376140831761735
51 0.18510523475445223 0.29722561505932865 0.017269293038316244 0.10374984205556768
61 0.21208850512682137 0.296647301956848 0.01834862385321101 0.10377297457966701
60 0.24096060442525635 0.29404043536661717 0.018888289260658393 0.10577261241229316
55 0.26848354020507287 0.29245652021679863 0.019427954668105773 0.10379610710376622
56 0.37938478143550997 0.28510947443916185 0.017269293038316244 0.09977369891441461
59 0.434430652995143 0.28194164413952477 0.01834862385321101 0.10178490300909035
48 0.46141392336751214 0.2783812236811793 0.01672962763086886 0.10572634736409463
60 0.48920669185105237 0.27977363275620076 0.01834862385321101 0.10178490300909047
59 0.5442525634106854 0.2746177308859872 0.017269293038316244 0.10573791362614422
48 0.5709660010793308 0.27404520091453133 0.01672962763086886 0.10175020422294165
40 0.6297895304910955 0.2678142994246821 0.017269293038316244 0.10374984205556768
11 0.6540744738262277 0.2662997818471613 0.016189962223421478 0.09378635167858577
17 0.1586616297895305 0.48268301796337804 0.017269293038316244 0.10176177048499115
61 0.18591473286562332 0.480110850159296 0.017269293038316244 0.1037498420555678
59 0.21316783594171615 0.4795267539257905 0.017269293038316244 0.09977369891441461
60 0.24150026983270373 0.47494338202703285 0.017269293038316244 0.10374984205556768
55 0.26848354020507287 0.4733710331392638 0.017808958445763627 0.10177333674704075
50 0.3235294117647059 0.4692091670543385 0.015650296815974095 0.09775092855768937
55 0.3524015110631408 0.4666023004641076 0.018888289260658393 0.10378454084171661
37 0.46060442525634104 0.45732501442614243 0.016189962223421478 0.09179828010800924
41 0.48974635725849974 0.4576944720607516 0.017269293038316244 0.09778562734383807
55 0.5167296276308688 0.4561221231729827 0.01672962763086886 0.10175020422294165
38 0.5434430652995142 0.45356152163095026 0.015650296815974095 0.09377478541653617
55 0.5720453318942256 0.45394254552760904 0.01834862385321101 0.09979683143851392
50 0.6546141392336752 0.44819676429286515 0.017808958445763627 0.09978526517646433
50 0.7093901780895845 0.4450347171242529 0.016189962223421478 0.09577442324916231
55 0.7379924446842957 0.4434276694503352 0.017808958445763627 0.09978526517646433
41 0.18699406368051807 0.6590141589870854 0.017269293038316244 0.09579755577326153
37 0.21316783594171615 0.6594472310629674 0.015650296815974095 0.09576285698711283
51 0.32460874257960065 0.6550707263791459 0.015110631408526714 0.09575129072506311
37 0.35213167835941717 0.6485166323028859 0.016189962223421478 0.09378635167858577
47 0.37992444684295734 0.6459328982367543 0.01834862385321101 0.09780875986793727
52 0.5450620615218564 0.6384174789084197 0.017269293038316244 0.10176177048499115
61 0.5723151645979493 0.6358453111043377 0.017808958445763627 0.1037614083176174
51 0.5995682676740421 0.6342671790855439 0.01672962763086886 0.10373827579351796
55 0.6279007015650296 0.6356480218985158 0.018888289260658393 0.10378454084171661
23 0.18753372908796545 0.8428992130033658 0.01834862385321101 0.09780875986793727
37 0.24177010253642742 0.8387546963115149 0.016189962223421478 0.09378635167858577
52 0.270102536427415 0.8361593959833338 0.01834862385321101 0.09979683143851381
59 0.3532110091743119 0.8313960842718285 0.018888289260658393 0.09980839770056353
37 0.38019427954668106 0.8298237353840595 0.017269293038316244 0.09778562734383807
51 0.40825688073394495 0.8302163255427679 0.016189962223421478 0.10173863796089194
37 0.4347004856988667 0.8266674713464721 0.016189962223421478 0.09378635167858577
52 0.463302752293578 0.8260544594578426 0.017269293038316244 0.1037498420555679
51 0.5992984349703184 0.8181695824948988 0.01672962763086886 0.09976213265236511
37 0.627630868861306 0.8145802463814292 0.01457096600107933 0.08977550975128376
47 0.6556934700485699 0.8100026576136963 0.017269293038316244 0.09380948420268521
51 0.8202914193200216 0.8024988045474112 0.015110631408526714 0.09972743386621641
55 0.847814355099838 0.8029029609681694 0.01834862385321101 0.1037729745796669
52 0.9314624932541824 0.7981280829946145 0.017269293038316244 0.10176177048499115
55 0.9581759309228278 0.7955674814525822 0.017808958445763627 0.09978526517646433
40 0.13248785752833242 0.30133543296503074 0.01672962763086886 0.10175020422294154