54 0.021472197828193356 0.09886641009449848 0.01743255647607646 0.10374984205556774
54 0.0193325541922559 0.281716946408317 0.017972221883523844 0.1037614083176174
54 0.017999268985994125 0.4625967605446333 0.019038993972437055 0.09583225455941045
54 0.016934246642708352 0.6424883220266863 0.017423137431590293 0.09778562734383807
54 0.014797742688266282 0.8273269299110813 0.017969082202028454 0.10177333674704087
6 0.048723731063538486 0.09845647054271567 0.019038993972437048 0.09583225455941043
7 0.046855489972072416 0.2823068257728472 0.017959663157542282 0.09580912203531124
8 0.04525394190283464 0.4641748925634271 0.01904213365393245 0.09782032612998699
9 0.043926936059563645 0.6490308498408965 0.017969082202028457 0.10177333674704087
1 0.04151118035691172 0.8278994598825371 0.0174231374315903 0.09778562734383807
0 0.07039112885908516 0.8334884338286328 0.01579786184625735 0.09377478541653628
40 0.13374301050696896 0.1141946578095655 0.018505607927980453 0.09979683143851387
40 0.13000495848328913 0.4809013324845404 0.017426277113085687 0.09977369891441461
40 0.12867324311777506 0.662775182406145 0.015794722164761993 0.09178671384595974
40 0.15513586607654886 0.8462387306085929 0.01579786184625735 0.09377478541653628
59 0.18583642073311835 0.12525115995023586 0.019588078424370634 0.10180803553318965
37 0.24061559927052303 0.1284132071188481 0.016889751387133722 0.10175020422294159
65 0.26868134013928235 0.13100272431600454 0.01796908220202849 0.10177333674704081
46 0.3240111729693683 0.1411345882436843 0.018502468246485035 0.09780875986793738
61 0.3518086509751517 0.1447123580951042 0.016886611705638366 0.09976213265236505
52 0.3785283680067878 0.1492610312077131 0.01742627711308575 0.09977369891441466
61 0.40659724855704255 0.15383861997544607 0.019045273335427895 0.09980839770056348
47 0.4338566309961261 0.15839885935010461 0.017972221883523844 0.10376140831761735
48 0.4616478296389186 0.15800048606037143 0.01795652347604694 0.09382105046473464
60 0.4889103517594976 0.16454879700560648 0.01796908220202849 0.10177333674704081
51 0.18369049773419008 0.30412555312290124 0.017429416794581105 0.10176177048499115
61 0.21068004746955 0.308680009366535 0.018508747609475868 0.10178490300909035
60 0.23955842613097578 0.3132749475273424 0.019051552698418607 0.10378454084171661
55 0.26708764127378304 0.31784097003302575 0.019588078424370634 0.10180803553318968
56 0.37774102757096417 0.3341285547472322 0.01742313743159027 0.09778562734383807
59 0.4327963181750834 0.34127252818802234 0.018505607927980516 0.09979683143851381
48 0.4597842980696956 0.3448329486463678 0.01689289106862908 0.1037382757935182
60 0.487586485597722 0.35139282585365245 0.018505607927980516 0.09979683143851381
59 0.5423703736573698 0.35753698037812953 0.01743255647607646 0.10374984205556768
48 0.5690916605297537 0.36307968927602674 0.01688661170563812 0.099762132652365
40 0.6279246089860046 0.3703046265511642 0.017429416794581105 0.10176177048499115
11 0.6522142618433798 0.37380721569926156 0.016337527253704916 0.09378635167858577
17 0.15537237231481152 0.4834330183714487 0.017426277113085687 0.09977369891441461
61 0.1829000176168711 0.4870050050918438 0.017429416794581105 0.10176177048499115
59 0.2098911371929787 0.4925534971207658 0.01742313743159027 0.09778562734383807
60 0.2382267107654617 0.495148797448947 0.017429416794581105 0.10176177048499126
55 0.2652146906600739 0.49870921790729245 0.01796594252053307 0.09978526517646433
50 0.3202684114234454 0.5048591555627944 0.015804141209248123 0.09775092855768937
55 0.34914679008487115 0.5094540937236017 0.01904841301692325 0.10179646927114007
37 0.45682730711884856 0.5226959566406705 0.016334387572209313 0.09179828010800924
41 0.4859786581654934 0.5292847495030794 0.01741999775009479 0.09579755577326175
55 0.5129682079008534 0.533839205746713 0.016886611705638366 0.09976213265236511
38 0.5396847852509942 0.5363998072887453 0.01579786184625741 0.09377478541653628
55 0.5682964708901916 0.5429770338891046 0.01850246824648516 0.09780875986793727
50 0.6508809766371182 0.5546870298355779 0.017962802839037777 0.09779719360588779
50 0.705669574219009 0.5638132917159198 0.016340666935200025 0.09577442324916231
55 0.734278120176711 0.5684024467457024 0.017962802839037777 0.09779719360588779
41 0.18156359272911393 0.6658967476575837 0.01741685806859956 0.09380948420268498
37 0.20747538149032677 0.6714221071624065 0.015801001527752767 0.09576285698711283
51 0.3189429754209221 0.6907091486255521 0.015261336120305384 0.09575129072506311
37 0.3464643413599909 0.690304992204794 0.01633752725370467 0.09378635167858577
47 0.37426181936577424 0.6938827620562139 0.01849932856498968 0.09582068829736073
52 0.539437110222618 0.721278897090314 0.01742627711308575 0.09977369891441461
61 0.5666949228209539 0.7248451006796843 0.01796908220202849 0.10177333674704087
51 0.5939543052600375 0.7294053400543429 0.016889751387133722 0.10175020422294165
55 0.6220278953325352 0.7369650361779406 0.01904841301692325 0.10179646927114007
23 0.17996518434137157 0.84975288601874 0.01849932856498968 0.09582068829736073
37 0.23421097683431968 0.8568795100664557 0.016337527253704732 0.09378635167858577
52 0.26254812024755037 0.8604688461799251 0.018505607927980453 0.09979683143851381
59 0.3456738612426719 0.8731844441737365 0.019042133653932418 0.09782032612998677
37 0.3726634109780318 0.8777389004173703 0.017419997750094913 0.09579755577326153
51 0.40073386136903416 0.8833105249703915 0.01635008597968634 0.10173863796089194
37 0.4271806060154514 0.8858653433813991 0.01633752725370467 0.09378635167858577
52 0.45578915197315334 0.8904544984111817 0.017429416794581105 0.10176177048499115
51 0.591546398761124 0.9132441290224247 0.01688347202414301 0.09777406108178835
37 0.619881972333607 0.9158394293506061 0.014712251668371812 0.08977550975128376
47 0.6479445735208709 0.9164408749771858 0.01741371838710408 0.09182141263210844
51 0.8123103662665436 0.9438196606182115 0.015267615483295973 0.09972743386621619
55 0.8398427210908462 0.949740651594963 0.018508747609475868 0.10051869681007393
52 0.9232398646304392 0.9571011610736943 0.017426277113085503 0.08579767785261151
55 0.94995644198058 0.9588755881718422 0.017962802839037777 0.08224882365631574
40 0.13106370146358412 0.2970336278613344 0.016886611705638304 0.099762132652365