54 0.017808958445763627 0.16003976143141152 0.016189962223421478 0.10139165009940358
54 0.016999460334592553 0.3429423459244533 0.01672962763086886 0.10139165009940358
54 0.017269293038316244 0.5238568588469185 0.017808958445763627 0.09343936381709742
54 0.017539125742039936 0.7047713717693836 0.016189962223421478 0.09542743538767395
54 0.016999460334592553 0.889662027833002 0.01672962763086886 0.09940357852882704
6 0.04506206152185645 0.15606361829025844 0.017808958445763627 0.09343936381709742
7 0.044522396114409064 0.3399602385685885 0.01672962763086886 0.09343936381709742
8 0.044522396114409064 0.5218687872763419 0.017808958445763627 0.09542743538767395
9 0.044522396114409064 0.7067594433399602 0.01672962763086886 0.09940357852882704
1 0.04371289800323799 0.885685884691849 0.016189962223421478 0.09542743538767395
0 0.07258499730167296 0.8876739562624254 0.01457096600107933 0.09145129224652088
40 0.1300593631948192 0.15904572564612326 0.017269293038316244 0.09741550695825049
40 0.12924986508364814 0.525844930417495 0.016189962223421478 0.09741550695825049
40 0.12924986508364814 0.7077534791252486 0.01457096600107933 0.08946322067594434
40 0.15731246627091203 0.8876739562624254 0.01457096600107933 0.09145129224652088
59 0.18213707501349163 0.16202783300198806 0.01834862385321101 0.09940357852882704
37 0.23691311386940098 0.15705765407554673 0.015650296815974095 0.09940357852882704
65 0.26497571505666484 0.1550695825049702 0.01672962763086886 0.09940357852882704
46 0.3205612520237453 0.15705765407554673 0.017269293038316244 0.09542743538767395
61 0.3483540205072855 0.15606361829025844 0.015650296815974095 0.09741550695825049
52 0.3750674581759309 0.15705765407554673 0.016189962223421478 0.09741550695825049
61 0.4031300593631948 0.15705765407554673 0.017808958445763627 0.09741550695825049
47 0.43038316243928765 0.15805168986083498 0.01672962763086886 0.10139165009940358
48 0.4581759309228278 0.15308151093439365 0.01672962763086886 0.09145129224652088
60 0.4854290339989207 0.15606361829025844 0.01672962763086886 0.09940357852882704
51 0.18159740960604426 0.34095427435387676 0.016189962223421478 0.09940357852882704
61 0.2085806799784134 0.341948310139165 0.017269293038316244 0.09940357852882704
60 0.23745277927684835 0.341948310139165 0.017808958445763627 0.10139165009940358
55 0.26497571505666484 0.341948310139165 0.01834862385321101 0.09940357852882704
56 0.37560712358337833 0.341948310139165 0.016189962223421478 0.09542743538767395
59 0.4306529951430113 0.34095427435387676 0.017269293038316244 0.09741550695825049
48 0.45763626551538045 0.3399602385685885 0.015650296815974095 0.10139165009940358
60 0.4854290339989207 0.3429423459244533 0.017269293038316244 0.09741550695825049
59 0.5404749055585537 0.34095427435387676 0.016189962223421478 0.10139165009940358
48 0.5671883432271991 0.341948310139165 0.015650296815974095 0.09741550695825049
40 0.6260118726389639 0.34095427435387676 0.016189962223421478 0.09940357852882704
11 0.650296815974096 0.3399602385685885 0.015110631408526714 0.09145129224652088
17 0.15461413923367512 0.5248508946322068 0.016189962223421478 0.09741550695825049
61 0.18213707501349163 0.5238568588469185 0.016189962223421478 0.09940357852882704
59 0.20912034538586077 0.525844930417495 0.016189962223421478 0.09542743538767395
60 0.23745277927684835 0.5238568588469185 0.016189962223421478 0.09940357852882704
55 0.26443604964921746 0.5228628230616302 0.01672962763086886 0.09741550695825049
50 0.3194819212088505 0.5208747514910537 0.01457096600107933 0.09542743538767395
55 0.3483540205072855 0.5218687872763419 0.017808958445763627 0.09940357852882704
37 0.45628710199676203 0.5188866799204771 0.015110631408526714 0.08946322067594434
41 0.4854290339989207 0.5208747514910537 0.016189962223421478 0.09343936381709742
55 0.5124123043712898 0.5208747514910537 0.015650296815974095 0.09741550695825049
38 0.5391257420399352 0.5198807157057654 0.01457096600107933 0.09145129224652088
55 0.5677280086346466 0.5218687872763419 0.017269293038316244 0.09542743538767395
50 0.650296815974096 0.5218687872763419 0.01672962763086886 0.09542743538767395
50 0.7050728548300054 0.5218687872763419 0.015110631408526714 0.09343936381709742
55 0.7336751214247167 0.5228628230616302 0.01672962763086886 0.09542743538767395
41 0.18213707501349163 0.7027833001988072 0.016189962223421478 0.09145129224652088
37 0.20831084727468968 0.7047713717693836 0.01457096600107933 0.09343936381709742
51 0.3197517539125742 0.7067594433399602 0.014031300593631947 0.09343936381709742
37 0.3472746896923907 0.7027833001988072 0.015110631408526714 0.09145129224652088
47 0.3750674581759309 0.7017892644135189 0.017269293038316244 0.09343936381709742
52 0.54020507285483 0.7047713717693836 0.016189962223421478 0.09741550695825049
61 0.5674581759309228 0.7037773359840954 0.01672962763086886 0.09940357852882704
51 0.5947112790070157 0.7047713717693836 0.015650296815974095 0.09940357852882704
55 0.6230437128980032 0.7077534791252486 0.017808958445763627 0.09940357852882704
23 0.18213707501349163 0.8866799204771372 0.017269293038316244 0.09343936381709742
37 0.2363734484619536 0.885685884691849 0.015110631408526714 0.09145129224652088
52 0.2647058823529412 0.885685884691849 0.017269293038316244 0.09741550695825049
59 0.3478143550998381 0.885685884691849 0.017808958445763627 0.09542743538767395
37 0.37479762547220724 0.885685884691849 0.016189962223421478 0.09343936381709742
51 0.40286022665947113 0.8876739562624254 0.015110631408526714 0.09940357852882704
37 0.4293038316243929 0.885685884691849 0.015110631408526714 0.09145129224652088
52 0.45790609821910416 0.8866799204771372 0.016189962223421478 0.09940357852882704
51 0.5939017808958446 0.8886679920477137 0.015650296815974095 0.09542743538767395
37 0.6222342147868322 0.8866799204771372 0.013491635186184566 0.0874751491053678
47 0.650296815974096 0.8836978131212724 0.016189962223421478 0.08946322067594434
51 0.8146249325418241 0.8866799204771372 0.014031300593631947 0.09741550695825049
55 0.8421478683216406 0.8886679920477137 0.017269293038316244 0.09940357852882704
52 0.9257960064759849 0.889662027833002 0.016189962223421478 0.09741550695825049
55 0.9525094441446303 0.8886679920477137 0.01672962763086886 0.09542743538767395
40 0.12898003237992445 0.341948310139165 0.015650296815974095 0.09741550695825049