54 0.01890851728549868 0.15805168986083498 0.01689289106862908 0.10337972166998012
54 0.0191593319953703 0.34095427435387676 0.01743255647607646 0.10337972166998012
54 0.020492617201632066 0.5218687872763419 0.018499328564989665 0.09542743538767395
54 0.02209573511161753 0.7027833001988072 0.01688347202414291 0.09741550695825049
54 0.02261324284371745 0.8876739562624254 0.017429416794581074 0.10139165009940358
6 0.04617260924682536 0.15109343936381708 0.018499328564989665 0.09542743538767395
7 0.04669168681967298 0.3349900596421471 0.0174199977500949 0.09542743538767395
8 0.047753569481463365 0.5168986083499006 0.018502468246485052 0.09741550695825049
9 0.04908057532473435 0.7017892644135189 0.017429416794581074 0.10139165009940358
1 0.049337669397596755 0.8807157057654076 0.016883472024142917 0.09741550695825049
0 0.07821133853677942 0.8797216699801192 0.015258196438809967 0.09343936381709742
40 0.13117932996427428 0.14512922465208747 0.01796594252053307 0.09940357852882704
40 0.13248888765444092 0.5119284294234593 0.016886611705638304 0.09940357852882704
40 0.13382060301995496 0.6938369781312127 0.015255056757314612 0.09145129224652088
40 0.16295293607274772 0.8707753479125249 0.015258196438810028 0.09343936381709742
59 0.18326175130518982 0.14214711729622267 0.01904841301692325 0.10139165009940358
37 0.23805505840932378 0.1312127236580517 0.016350085979686277 0.10139165009940358
65 0.26612550880032615 0.12624254473161034 0.017429416794581105 0.10139165009940358
46 0.32171732513039736 0.12226640159045726 0.017962802839037652 0.09741550695825049
61 0.34951637297692834 0.11829025844930417 0.016346946298190862 0.09940357852882704
52 0.37623138048632143 0.1172962226640159 0.016886611705638366 0.09940357852882704
61 0.4042986911958285 0.1143141153081511 0.018505607927980516 0.09940357852882704
47 0.43155493395341665 0.11232604373757456 0.01743255647607646 0.10337972166998012
48 0.4590904284592147 0.10437375745526839 0.017416858068599435 0.09343936381709742
60 0.48661336423903123 0.10437375745526839 0.017429416794581105 0.10139165009940358
51 0.18378867808177587 0.3210735586481113 0.016889751387133722 0.10139165009940358
61 0.2107735182948927 0.32007952286282304 0.01796908220202849 0.10139165009940358
60 0.23965189695631847 0.31610337972166996 0.018511887290971224 0.10337972166998012
55 0.26717954225837803 0.31312127236580517 0.01904841301692325 0.10139165009940358
56 0.3778297888740638 0.30119284294234594 0.01688347202414301 0.09741550695825049
59 0.432885079478183 0.2952286282306163 0.017965942520533133 0.09940357852882704
48 0.45987462921354294 0.2912524850894632 0.016353225661181695 0.10337972166998012
60 0.48766739769708317 0.2912524850894632 0.017965942520533133 0.09940357852882704
59 0.5427258279826976 0.28330019880715707 0.01689289106862908 0.10337972166998012
48 0.5694424053328385 0.2813121272365805 0.016346946298190983 0.09940357852882704
40 0.6282784934705848 0.27335984095427435 0.016889751387133722 0.10139165009940358
11 0.6525681463279602 0.27037773359840955 0.015797861846257533 0.09343936381709742
17 0.15785944116745868 0.5079522862823062 0.016886611705638304 0.09940357852882704
61 0.18511882360654228 0.5039761431411531 0.016889751387133722 0.10139165009940358
59 0.2123734965233828 0.5029821073558648 0.01688347202414289 0.09741550695825049
60 0.24071534945885653 0.4970178926441352 0.01688975138713366 0.10139165009940358
55 0.26770332935346874 0.49403578528827036 0.017426277113085687 0.09940357852882704
50 0.32276018979833565 0.4870775347912525 0.01526447580180074 0.09741550695825049
55 0.3516369986190137 0.4840954274353877 0.018508747609475868 0.10139165009940358
37 0.4595920578789579 0.4701789264413519 0.015794722164761934 0.09145129224652088
41 0.4887355597218643 0.4691848906560636 0.016880332342647533 0.09542743538767395
55 0.5157235396164765 0.4662027833001988 0.016346946298190983 0.09940357852882704
38 0.5424432566481128 0.46222664015904574 0.015258196438810028 0.09343936381709742
55 0.5710470930835717 0.46123260437375746 0.017962802839037777 0.09741550695825049
50 0.6536300289897505 0.452286282306163 0.017423137431590394 0.09741550695825049
50 0.7084154868901459 0.4463220675944334 0.015801001527752642 0.09542743538767395
55 0.7370208931663526 0.44433399602385687 0.017423137431590394 0.09741550695825049
41 0.1867250811980231 0.6829025844930418 0.016877192661152177 0.09343936381709742
37 0.21289885345922116 0.6829025844930418 0.015261336120305384 0.09542743538767395
51 0.32435545850458264 0.672962226640159 0.014721670712858001 0.09542743538767395
37 0.35188938316963303 0.6660039761431411 0.01579786184625729 0.09343936381709742
47 0.379688431016164 0.6620278330019881 0.017959663157542296 0.09542743538767395
52 0.5448495933062785 0.647117296222664 0.016886611705638366 0.09940357852882704
61 0.5721089757453621 0.643141153081511 0.017429416794581105 0.10139165009940358
51 0.5993652185029502 0.6411530815109344 0.01635008597968634 0.10139165009940358
55 0.6276976523939378 0.6411530815109344 0.018508747609475868 0.10139165009940358
23 0.18778382417831813 0.8667992047713717 0.017959663157542296 0.09542743538767395
37 0.24202961667126624 0.8608349900596421 0.01579786184625735 0.09343936381709742
52 0.2703683299252446 0.856858846918489 0.017962802839037652 0.09741550695825049
59 0.35349093123887076 0.8479125248508946 0.01850246824648516 0.09741550695825049
37 0.3804773412927353 0.8459244532803181 0.016880332342647533 0.09542743538767395
51 0.4085415123207469 0.8449304174950298 0.015810420572238956 0.10139165009940358
37 0.43499296648940705 0.8399602385685885 0.01579786184625729 0.09343936381709742
52 0.46359837276561383 0.8379721669980119 0.016889751387133722 0.10139165009940358
51 0.5996144633720741 0.8250497017892644 0.016343806616695628 0.09741550695825049
37 0.6279547464668003 0.820079522862823 0.014172586260924429 0.08946322067594434
47 0.6560267666985503 0.8141153081510935 0.016874052979656697 0.09145129224652088
51 0.8203784308774937 0.7992047713717694 0.014727950075848836 0.09940357852882704
55 0.8479029364980579 0.7982107355864811 0.01796908220202849 0.10139165009940358
52 0.9315636333783839 0.790258449304175 0.016886611705638366 0.09940357852882704
55 0.95828335041002 0.7862823061630219 0.017423137431590394 0.09741550695825049
40 0.13116031197042222 0.32803180914512925 0.01634694629819092 0.09940357852882704