54 0.021627622583227032 0.09703881696885767 0.017595830966212842 0.10449018305706353
54 0.019776849199069337 0.280097560094458 0.018135496373660225 0.10452488497540983
54 0.018729294350546242 0.4611161787719623 0.019189708886409102 0.09664200252979648
54 0.0179484324179786 0.6411234107050051 0.017576992239603424 0.09852596834533392
54 0.016103938609357375 0.826170225401182 0.018129216798123758 0.10253681340483328
6 0.04887758587155162 0.09429233430707835 0.019189708886409113 0.09664200252979645
7 0.04729978497888585 0.2783277622587938 0.01811037807151433 0.09657259869310378
8 0.045985537214407304 0.4603577676807595 0.019195988461945573 0.09863007410037301
9 0.04495054151695715 0.6453525294994169 0.018129216798123758 0.10253681340483328
1 0.04281737627800282 0.8244524804430373 0.017576992239603424 0.09852596834533392
0 0.07170517451527897 0.8275661067379486 0.01594543686618834 0.09444571944914172
40 0.1339188445732697 0.10274328316156292 0.01866260263003468 0.10058344375260315
40 0.13076010300016994 0.4698201032797056 0.017583271815139915 0.10051403991591046
40 0.12971568793941507 0.6518327577424982 0.015939157290651863 0.09245764787856542
40 0.15646718114996866 0.8330522991957415 0.01594543686618831 0.09444571944914172
59 0.18602795426962448 0.10933490589402216 0.01974821302046589 0.10264091915987245
37 0.24081027270107028 0.10780073275244348 0.017049885983228978 0.10246740956814064
65 0.2688791534638707 0.10798430456900944 0.018129216798123744 0.10253681340483338
46 0.32422311581714147 0.11337368000610229 0.018656323054498235 0.09859537218202662
61 0.3520253036639864 0.11456863856712972 0.017043606407692473 0.1004793379975641
52 0.37875130048370487 0.11682703675013811 0.017583271815139852 0.10051403991591046
61 0.40682646082204166 0.11899868013728063 0.019202268037482 0.10061814567094954
47 0.4340921230492074 0.12122237640194268 0.01813549637366025 0.10452488497540992
48 0.46188175174497936 0.11844119182181702 0.01810409849597784 0.09458452712252718
60 0.4891536935476816 0.12265295965705561 0.018129216798123744 0.10253681340483335
51 0.18416462173439385 0.2884175058784695 0.01758955139067636 0.102502111486487
61 0.21116045125783592 0.29065855310230465 0.018668882205571124 0.1025715153231797
60 0.24004510970734383 0.29277814361192767 0.019214827188555016 0.10459428881210264
55 0.26758060463823335 0.2949844889174165 0.01974821302046589 0.10264091915987239
56 0.378255970193702 0.3017870966504491 0.01757699223960347 0.09852596834533392
59 0.4333206804799445 0.30421171569085037 0.01866260263003462 0.10058344375260315
48 0.4603133702156183 0.30545872712939726 0.017056165558765483 0.10445548113871725
60 0.488124977425768 0.3096357930462895 0.01866260263003462 0.10058344375260315
59 0.5429167152205184 0.3110837272605756 0.017595830966212866 0.10449018305706353
48 0.5696458518280052 0.3143361612288723 0.017043606407692473 0.10047933799756416
40 0.6284882199663793 0.316517866840849 0.017589551390676483 0.102502111486487
11 0.6527825826648161 0.31793838787112777 0.016485102273635692 0.09448042136748813
17 0.15613065672573337 0.4701771846880033 0.017583271815139852 0.10051403991591046
61 0.1836630118688546 0.47138949420820386 0.01758955139067636 0.102502111486487
59 0.2106619811800649 0.47462457721732737 0.01757699223960347 0.09852596834533392
60 0.23900069464658896 0.47479079807472024 0.01758955139067636 0.102502111486487
55 0.26599338438226283 0.4760378095132672 0.018122937222587236 0.10054874183425686
50 0.321054954880737 0.4774683927683801 0.015957996017261323 0.09842186259029481
55 0.3499396133302449 0.479587983278003 0.019208547613018507 0.1026062172415261
37 0.4576373997814484 0.4835993442060758 0.016478822698099308 0.09249234979691148
41 0.48679817051021645 0.4876896553271021 0.017570712664066963 0.09653789677475737
55 0.5137940000336585 0.48993070255093735 0.017043606407692473 0.10047933799756416
38 0.5405137172778405 0.4902010291633692 0.01594543686618831 0.09444571944914172
55 0.5691348225991611 0.49432604220274196 0.018656323054498235 0.09859537218202662
50 0.6517350278162931 0.49895700654863206 0.01811665764705085 0.0985606702636802
50 0.7065361849743482 0.503387048118783 0.016491381849172322 0.09646849293806467
55 0.7351510107201324 0.5055239895875792 0.01811665764705085 0.0985606702636802
41 0.18260917744479505 0.6504200413151316 0.017564433088530458 0.09454982520418083
37 0.20852881594111058 0.6537245281609478 0.015951716441724814 0.09643379101971827
51 0.3200230989710551 0.6634571903723258 0.01541205103427731 0.09639908910137197
37 0.3475428949631034 0.6606933567513732 0.016485102273635692 0.09448042136748802
47 0.3753450828099483 0.6618883153124006 0.01865004347896173 0.09660730061145019
52 0.5405580523952851 0.6751263871453339 0.017583271815139852 0.10051403991591046
61 0.5678205748346826 0.6763560476247077 0.018129216798123866 0.10253681340483328
51 0.5950862370618485 0.6785797438893698 0.0170498859832291 0.1024674095681407
55 0.6231708167634898 0.6837334946323771 0.019208547613018632 0.10260621724152588
23 0.18130120925585294 0.834438118307674 0.01865004347896173 0.09660730061145019
37 0.2355564214309243 0.8369147902255947 0.016485102273635692 0.09448042136748802
52 0.2638982746852166 0.8380750468682756 0.01866260263003468 0.10058344375260327
59 0.34704128509756416 0.8436653450811077 0.019195988461945618 0.09863007410037301
37 0.3740371146210062 0.845906392304943 0.017570712664066842 0.09653789677475737
51 0.4021154147471113 0.8490720714773737 0.016510220575781595 0.10243270764979419
37 0.42856529928756953 0.8493597490489787 0.016485102273635692 0.09448042136748802
52 0.4571801250333537 0.851496690517775 0.017589551390676483 0.102502111486487
51 0.5929687707617353 0.8626498737594316 0.017037326832155843 0.09849126642698762
37 0.6213074842282592 0.8628160946168244 0.014853546900220777 0.09040017247129606
47 0.6493700854155231 0.8610115948628139 0.017558153512993828 0.09256175363360429
51 0.8137735568896889 0.8743017195732666 0.015424610185350324 0.10037523224252505
55 0.8413153313961149 0.878496136449332 0.01866888220557125 0.1025715153231798
52 0.9247313142999543 0.8850631194882791 0.017583271815139852 0.10051403991591046
55 0.9514510315441361 0.8853334461007109 0.01811665764705085 0.0985606702636802
40 0.1315284057816646 0.2858367282055096 0.0170436064076925 0.10047933799756416