54 0.034027777777777775 0.06675392670157068 0.04513888888888889 0.13350785340314136
54 0.028819444444444446 0.27028795811518325 0.044444444444444446 0.11910994764397906
54 0.022916666666666665 0.47643979057591623 0.04583333333333333 0.13089005235602094
54 0.02013888888888889 0.6740837696335078 0.04027777777777778 0.13350785340314136
54 0.017361111111111112 0.8802356020942408 0.034722222222222224 0.13743455497382198
1 0.09791666666666667 0.05955497382198953 0.03958333333333333 0.11780104712041885
48 0.6927083333333334 0.051047120418848166 0.04513888888888889 0.10209424083769633
65 0.7590277777777777 0.05431937172774869 0.04583333333333333 0.10863874345549739
55 0.8243055555555555 0.05170157068062827 0.044444444444444446 0.10340314136125654
2 0.09131944444444444 0.2650523560209424 0.041666666666666664 0.12303664921465969
61 0.3572916666666667 0.25850785340314136 0.04375 0.12696335078534032
51 0.421875 0.2545811518324607 0.04236111111111111 0.1243455497382199
50 0.61875 0.2486910994764398 0.04027777777777778 0.12827225130890052
55 0.6875 0.2486910994764398 0.04722222222222222 0.13219895287958114
3 0.08993055555555556 0.46465968586387435 0.043055555555555555 0.11910994764397906
4 0.08368055555555555 0.6734293193717278 0.04375 0.12172774869109948
50 0.2795138888888889 0.6642670157068062 0.04375 0.13089005235602094
46 0.41458333333333336 0.6564136125654451 0.04861111111111111 0.12172774869109948
37 0.47673611111111114 0.6544502617801047 0.041666666666666664 0.1243455497382199
60 0.7440972222222222 0.6518324607329843 0.044444444444444446 0.13089005235602094
48 0.8090277777777778 0.6459424083769634 0.04513888888888889 0.12041884816753927
65 0.8753472222222223 0.6472513089005235 0.04583333333333333 0.1256544502617801
37 0.9371527777777777 0.6407068062827225 0.04027777777777778 0.12041884816753927
5 0.07847222222222222 0.8730366492146597 0.044444444444444446 0.12041884816753927
52 0.27743055555555557 0.8678010471204188 0.04791666666666667 0.12827225130890052
37 0.340625 0.8651832460732984 0.04027777777777778 0.12303664921465969
51 0.40694444444444444 0.8619109947643979 0.041666666666666664 0.12827225130890052
37 0.4722222222222222 0.8586387434554974 0.03958333333333333 0.12172774869109948
50 0.5368055555555555 0.862565445026178 0.041666666666666664 0.12958115183246074
56 0.7368055555555556 0.8520942408376964 0.04722222222222222 0.12958115183246074
65 0.8690972222222222 0.8481675392670157 0.04791666666666667 0.13481675392670156
55 0.9350694444444444 0.8475130890052356 0.04652777777777778 0.12827225130890052