54 0.03194444444444444 0.0824607329842932 0.04236111111111111 0.13219895287958114
54 0.03263888888888889 0.2859947643979058 0.041666666666666664 0.11780104712041885
54 0.03333333333333333 0.49214659685863876 0.043055555555555555 0.12958115183246074
54 0.03333333333333333 0.6897905759162304 0.04375 0.13219895287958114
54 0.035416666666666666 0.8959424083769634 0.04097222222222222 0.13612565445026178
1 0.0954861111111111 0.07264397905759162 0.03680555555555556 0.11649214659685864
48 0.690625 0.04712041884816754 0.04236111111111111 0.09424083769633508
65 0.7569444444444444 0.049738219895287955 0.043055555555555555 0.09947643979057591
55 0.8222222222222222 0.046465968586387435 0.041666666666666664 0.09293193717277487
2 0.09513888888888888 0.2787958115183246 0.03888888888888889 0.12172774869109948
61 0.3614583333333333 0.2630890052356021 0.04097222222222222 0.1256544502617801
51 0.42604166666666665 0.25719895287958117 0.03958333333333333 0.12303664921465969
50 0.6229166666666667 0.24541884816753926 0.0375 0.12696335078534032
55 0.6916666666666667 0.24280104712041886 0.044444444444444446 0.13089005235602094
3 0.1 0.47774869109947643 0.04027777777777778 0.11780104712041885
4 0.1 0.6858638743455497 0.04097222222222222 0.12041884816753927
50 0.29583333333333334 0.6714659685863874 0.04097222222222222 0.12958115183246074
46 0.4309027777777778 0.6590314136125655 0.04583333333333333 0.12041884816753927
37 0.4934027777777778 0.6551047120418848 0.03888888888888889 0.12303664921465969
60 0.7607638888888889 0.643324607329843 0.041666666666666664 0.12958115183246074
48 0.8256944444444444 0.6348167539267016 0.04236111111111111 0.11910994764397906
65 0.8920138888888889 0.6348167539267016 0.043055555555555555 0.1243455497382199
37 0.9538194444444444 0.625 0.0375 0.11910994764397906
5 0.10104166666666667 0.8854712041884817 0.041666666666666664 0.11910994764397906
52 0.3 0.8736910994764397 0.04513888888888889 0.12696335078534032
37 0.36354166666666665 0.8697643979057592 0.0375 0.12172774869109948
51 0.43020833333333336 0.8638743455497382 0.03888888888888889 0.12696335078534032
37 0.4951388888888889 0.8592931937172775 0.03680555555555556 0.12041884816753927
50 0.5600694444444444 0.8599476439790575 0.03888888888888889 0.12827225130890052
56 0.7600694444444445 0.8429319371727748 0.044444444444444446 0.12827225130890052
65 0.8923611111111112 0.8357329842931938 0.04513888888888889 0.13350785340314136
55 0.9583333333333334 0.8318062827225131 0.04375 0.12696335078534032