54 0.03960377807836344 0.05945978681592023 0.044485333934504656 0.11891957363184046
54 0.03665728090741329 0.25681439737506123 0.043782808897373356 0.11827317467052251
54 0.03341608536670553 0.46301572707895017 0.045244423120444015 0.13006850930353547
54 0.03011832567718973 0.6600547531179178 0.04595502875026218 0.13269392531114135
54 0.02826601902537087 0.8662408529008356 0.043895937194989444 0.1365977820003653
1 0.10346842518919175 0.05516756714193351 0.03888129482282794 0.11033513428386701
48 0.6984944290437775 0.0859333521465836 0.04448533393450463 0.11958969015456833
65 0.7648542764516562 0.09175062603801523 0.04526058430581783 0.13268631035065592
55 0.830160336303838 0.09561597158483487 0.04383937304618131 0.127435478335444
2 0.09916132120375672 0.25678350119314236 0.041029272897656135 0.12216941639926097
61 0.36560197453850407 0.27349667170033953 0.04313684800905011 0.1261189628513983
51 0.4302055093535546 0.27606073168408446 0.041731797934787415 0.1234859318833068
50 0.626814093058201 0.28699470310227776 0.039672706379514644 0.12738978857253075
55 0.6956044960216354 0.29278532463200996 0.04664139260201965 0.1313926397480669
3 0.10039361158850355 0.4563908310360743 0.042393920008484465 0.11825794474955142
4 0.09647009249238163 0.6645631264857892 0.043104525638302645 0.12088336075715746
50 0.2923721108635533 0.6735413620791277 0.04316108978711068 0.13004566442207877
46 0.42747387767874523 0.6772958543589302 0.04796563674941375 0.12093666548055615
37 0.49000215975314926 0.6811916597476921 0.041037353490342966 0.12347831692282134
60 0.7571614993104018 0.7018239168650843 0.043855534231555124 0.13005327938256453
48 0.8220920548659573 0.7011119180596859 0.04448533393450463 0.11958969015456833
65 0.8884640231628664 0.7088925427364579 0.0452121007496967 0.12483290720929463
37 0.950261498125735 0.7069059107296842 0.039624222823393514 0.11953638543116948
5 0.093882938432684 0.8642123386113917 0.04379088949006022 0.11958207519408257
52 0.2925829360633506 0.8764323656716885 0.04731159526840361 0.12747355313787173
37 0.3561488445080779 0.8796622983579417 0.03964038400876733 0.1221541864782899
51 0.42283571265646175 0.8822035134602301 0.041061595268403535 0.12740501849350197
37 0.48779050999007784 0.8854182162255124 0.03893785897163598 0.12083767099424393
50 0.5527776296944414 0.8938685210850356 0.04106967586109044 0.12871391901706217
56 0.7528341938432495 0.9008377161301204 0.04662523141664615 0.12877483870094647
65 0.8848432830291889 0.9098620778263489 0.04735199823183791 0.13401805575567277
55 0.9508437873258152 0.913719808412683 0.04592270637951464 0.12745832321690082