54 0.030462863387562628 0.08279198376541434 0.04694391421564473 0.135326956279233
54 0.02761888598173176 0.2862879403765992 0.04620502801569992 0.12092143555958515
54 0.024780968815287314 0.49174724777312434 0.04693583389646283 0.13270915523211257
54 0.024004164104426018 0.690030447171525 0.04208280310453362 0.13527365155583415
54 0.02359882257333259 0.8961708571915297 0.03653936802775088 0.13913943344263047
1 0.09397422885729723 0.07367199872314001 0.041339876744997874 0.11955923031262614
48 0.6883419102695139 0.05532129495112139 0.0461282649834721 0.09605232561194117
65 0.7546694350331402 0.05866632472461123 0.04683887006628045 0.10129554266666754
55 0.819935092332145 0.05545542943957171 0.045425740219845544 0.09342690960433521
2 0.09009666510398158 0.279774333940717 0.043439370716694965 0.12481767728832362
61 0.3560204054111125 0.26698405752395765 0.045534824528801074 0.12876722374046087
51 0.4202383358040644 0.2617983890128495 0.04413785532073038 0.12613419277236937
50 0.6170749542879505 0.25152267533667916 0.04206664246616975 0.1300380494615933
55 0.6858188940485641 0.2503132056394077 0.0490232073893872 0.1340409006371294
3 0.09106001166382235 0.47938547126389164 0.04481613912681104 0.120906205638614
4 0.08753775045191081 0.6881094150088318 0.04551866389043736 0.12353162164622018
50 0.2829753796479306 0.6745462201027899 0.045546945007573926 0.13269392531114163
46 0.41800644257626113 0.6635927749434061 0.05037977500154843 0.12358492636961886
37 0.48014709987526605 0.6603476123361816 0.04344341087628594 0.1261265778118839
60 0.7474738696298542 0.6521537176728541 0.04624138945201821 0.13270154027162695
48 0.8123781641480687 0.6443578630751111 0.046903512619735466 0.12223795104363089
65 0.8786955885127176 0.6444306415397004 0.04761411770254351 0.12748116809835736
37 0.9404748830309321 0.6366005196197724 0.04204240150862436 0.12218464632023206
5 0.08468165256730711 0.8876786700493361 0.046209068175290864 0.12223033608314543
52 0.283603624464322 0.8780802515164025 0.04970553135505879 0.1301218140269343
37 0.3467839283501981 0.8741920610881261 0.042050481827806074 0.12480244736735248
51 0.41308721215627886 0.8696836877202547 0.043455531355058634 0.13005327938256453
37 0.47834680921589734 0.8645094416498748 0.04135199722377065 0.1234859318833068
50 0.5429362027886171 0.8671809837603707 0.04345957151464969 0.13136217990612445
56 0.7425364584917127 0.8523545780936818 0.0490151270702054 0.13142309959000906
65 0.8748018641210382 0.8452973746630366 0.049725732153013444 0.13666631664473536
55 0.9407660060240784 0.8434029948620426 0.04831664246616975 0.13010658410596307