54 0.03125 0.0844240837696335 0.041666666666666664 0.12958115183246074
54 0.03090277777777778 0.2879581151832461 0.04097222222222222 0.11518324607329843
54 0.030208333333333334 0.49410994764397903 0.04236111111111111 0.12696335078534032
54 0.029166666666666667 0.6917539267015707 0.043055555555555555 0.12958115183246074
54 0.029861111111111113 0.8979057591623036 0.04027777777777778 0.13350785340314136
1 0.09513888888888888 0.07918848167539266 0.03611111111111111 0.11387434554973822
48 0.6902777777777778 0.08049738219895287 0.041666666666666664 0.11649214659685864
65 0.7565972222222223 0.0831151832460733 0.04236111111111111 0.12958115183246074
55 0.821875 0.0831151832460733 0.04097222222222222 0.1243455497382199
2 0.09340277777777778 0.2846858638743455 0.03819444444444445 0.11910994764397906
61 0.3597222222222222 0.28664921465968585 0.04027777777777778 0.12303664921465969
51 0.42430555555555555 0.28534031413612565 0.03888888888888889 0.12041884816753927
50 0.6211805555555555 0.2859947643979058 0.03680555555555556 0.1243455497382199
55 0.6899305555555556 0.2879581151832461 0.04375 0.12827225130890052
3 0.096875 0.48429319371727747 0.03958333333333333 0.11518324607329843
4 0.09583333333333334 0.6924083769633508 0.04027777777777778 0.11780104712041885
50 0.2916666666666667 0.6904450261780105 0.04027777777777778 0.12696335078534032
46 0.4267361111111111 0.68717277486911 0.04513888888888889 0.11780104712041885
37 0.4892361111111111 0.68717277486911 0.03819444444444445 0.12041884816753927
60 0.7565972222222223 0.6930628272251309 0.04097222222222222 0.12696335078534032
48 0.8215277777777777 0.6891361256544503 0.041666666666666664 0.11649214659685864
65 0.8878472222222222 0.6930628272251309 0.04236111111111111 0.12172774869109948
37 0.9496527777777778 0.68782722513089 0.03680555555555556 0.11649214659685864
5 0.0954861111111111 0.8920157068062827 0.04097222222222222 0.11649214659685864
52 0.29444444444444445 0.893324607329843 0.044444444444444446 0.1243455497382199
37 0.3579861111111111 0.893324607329843 0.03680555555555556 0.11910994764397906
51 0.42465277777777777 0.8920157068062827 0.03819444444444445 0.1243455497382199
37 0.4895833333333333 0.8913612565445026 0.03611111111111111 0.11780104712041885
50 0.5545138888888889 0.8965968586387435 0.03819444444444445 0.1256544502617801
56 0.7545138888888889 0.8926701570680629 0.04375 0.1256544502617801
65 0.8868055555555555 0.893979057591623 0.044444444444444446 0.13089005235602094
55 0.9527777777777777 0.8946335078534031 0.043055555555555555 0.1243455497382199