54 0.028048720896100676 0.09922843577923483 0.04386361482424199 0.13230656286066686
54 0.031041364170019195 0.3027053498337891 0.04308028386024204 0.11788581015788129
54 0.03335572418486699 0.508822911879087 0.0445418980833127 0.12971160875716967
54 0.03527033812502796 0.7064440439930554 0.04525250371313087 0.1323522567479135
54 0.03932080925098687 0.9125044886792951 0.042498967713413695 0.13618757054410072
1 0.09188912622886837 0.08927311382452799 0.03821109215644406 0.11641698102895778
48 0.6869189271164845 0.05581595244190554 0.04378280889737343 0.11163190488381108
65 0.7532383715609291 0.05800297392869829 0.04455805926868632 0.11600594785739658
55 0.8185040284496765 0.054627168190360155 0.04313684800905011 0.10925433638072031
2 0.0931577792807061 0.2947704960234809 0.04032674786052486 0.12172112395406857
61 0.35943682076171624 0.279464190526136 0.042434322971918764 0.1257163663556192
51 0.4239999526133324 0.27406717346026666 0.04102927289765622 0.12305287142125207
50 0.6208385899462415 0.26170001258703407 0.03897018134238345 0.12691103216106278
55 0.6895885899462415 0.25943816516832524 0.04593886756488846 0.13106620316797657
3 0.09994562522100844 0.4941950503174262 0.04169139497135315 0.11784011627063466
4 0.10192488390266431 0.7022873866198762 0.04240200060117129 0.1204807642613782
50 0.2977056933835331 0.6873366951149582 0.042458564749979326 0.12964306792629968
46 0.4327306945681997 0.675694011700641 0.0472631117122824 0.1206406928667416
37 0.495214533382826 0.6710199857274217 0.04033482845321178 0.12303002447762863
60 0.7625594833085633 0.6596061113853225 0.04315300919442393 0.1296659148699231
48 0.827453676197028 0.6515798698005211 0.04378280889737343 0.11921755762506485
65 0.8937812012341594 0.650706887208054 0.04450957571256519 0.12447600666292898
37 0.9555423135299372 0.6414745563459973 0.03892169778626232 0.1190576290197016
5 0.10489328539852226 0.9018375991037499 0.04308836445292891 0.11919471068144143
52 0.3038192963611081 0.8900563476614275 0.04660907023127234 0.12716234854091923
37 0.3673488421387445 0.8860025015345532 0.03893785897163598 0.12167543006682187
51 0.43364808510147174 0.8805483671096256 0.04035907023127234 0.12695672604830927
37 0.4985584391753102 0.8751399265719445 0.03823533393450462 0.12034368259963824
50 0.563856418434805 0.8762645651802526 0.040367150823959086 0.12826562657186977
56 0.7634445514710879 0.8592248647000661 0.04592270637951464 0.12844840212085631
65 0.8957160166560375 0.8516002706309228 0.04664947319470672 0.13370685115872027
55 0.9616801582855729 0.8481209104631471 0.045220181342383446 0.12711665465367267