54 0.03576388888888889 0.06819274444196055 0.04375 0.1344673709012465
54 0.034722222222222224 0.2717039302008563 0.043055555555555555 0.12005423470560632
54 0.03333333333333333 0.47782530178863364 0.044444444444444446 0.13186480029060393
54 0.03159722222222222 0.6747767544932505 0.04513888888888889 0.13449783177420216
54 0.03194444444444444 0.8815906524340025 0.04236111111111111 0.13836361159897131
1 0.09965277777777778 0.06174054145656237 0.03819444444444445 0.11863872112670112
48 0.6947916666666667 0.06890297316206702 0.043055555555555555 0.09649402528152258
65 0.7611111111111111 0.07493863167816334 0.04375 0.10174485781224127
55 0.8263888888888888 0.07506139218352192 0.04236111111111111 0.09516989432148451
2 0.09722222222222222 0.2678390673896228 0.04027777777777778 0.12392001453037547
61 0.36354166666666665 0.2664809868993008 0.04236111111111111 0.1278924074104898
51 0.4284722222222222 0.2639783311393 0.04097222222222222 0.12524414549041363
50 0.6253472222222223 0.26306055778653237 0.03888888888888889 0.12912515575166067
55 0.6940972222222223 0.2645683709978405 0.04583333333333333 0.13320416168711988
3 0.10034722222222223 0.466860483934925 0.041666666666666664 0.12002377383265074
4 0.09826388888888889 0.6749299758715648 0.04236111111111111 0.1226568053162488
50 0.29444444444444445 0.6713791710351988 0.04236111111111111 0.13181910898117027
46 0.42951388888888886 0.6658336375270012 0.04722222222222222 0.12276341837159378
37 0.49201388888888886 0.6658954762864483 0.04027777777777778 0.12522891505393569
60 0.759375 0.6684869430215237 0.043055555555555555 0.1318343394176482
48 0.8243055555555555 0.6633664862144025 0.04375 0.12137836566564447
65 0.890625 0.6674387939451585 0.044444444444444446 0.1266291981963631
37 0.9524305555555556 0.6609408996503267 0.03888888888888889 0.12127175261029947
5 0.09756944444444444 0.8745220752780187 0.043055555555555555 0.12136313522916653
52 0.2965277777777778 0.8736499932346847 0.04652777777777778 0.1292926905529172
37 0.36006944444444444 0.8730802273870686 0.03888888888888889 0.1238895536574196
51 0.4267361111111111 0.8706156477182625 0.04027777777777778 0.12915561662461633
37 0.49166666666666664 0.870076342743602 0.03819444444444445 0.12256542269738174
50 0.5565972222222222 0.8741181896014023 0.04027777777777778 0.13046451714817653
56 0.7569444444444444 0.8680409663367832 0.04583333333333333 0.13058636063999945
65 0.8892361111111111 0.8683245634386949 0.04652777777777778 0.13583719317071824
55 0.9552083333333333 0.8678081041187512 0.04513888888888889 0.12926222967996132