54 0.026172512367306104 0.10561449615793794 0.04359538135001547 0.12978014958803977
54 0.02905322926697382 0.30791959135067193 0.04032860706031141 0.13228371591704352
54 0.031279067319228304 0.5102018395997825 0.04032479708663037 0.1309748153934833
54 0.033503000384642274 0.7118296375871133 0.04032098711294933 0.1296659148699231
54 0.03541092394739276 0.9173727136733126 0.04161931488673265 0.12578490718648902
6 0.08706100528201219 0.102503659820666 0.0403019372445441 0.12312141225212209
7 0.08994743714220146 0.3067721057987403 0.040964436039319416 0.12576206024286576
8 0.0934906528366445 0.511717848982218 0.039669918239217165 0.13095196844986004
9 0.0953909564520329 0.714643124021297 0.040991105855086744 0.13492436390778736
1 0.09596626247787066 0.9122871030788886 0.041615504913051604 0.12447600666292882
0 0.15785231355842075 0.9144461392512926 0.039654678344492954 0.12571636635561903
41 0.3362252618411809 0.10530686951331888 0.04035146690239761 0.1401371190584048
55 0.398111312921731 0.10746590568572276 0.044273120039514974 0.13765639967302434
46 0.46130140673658604 0.10770728496003294 0.041642174728819044 0.1336383103278504
46 0.7097993545272985 0.10656094613838188 0.041642174728818745 0.1336383103278504
61 0.7713560611973013 0.10805410857719398 0.04490513904484217 0.1298258434752864
58 0.8319190196751414 0.10558629902989049 0.04162693483409473 0.1284027082336096
55 0.8954384579005434 0.10649355203779244 0.0409758659603628 0.12968876181354647
48 0.2752495761575373 0.3034210369174387 0.03898074962867448 0.11914901679419479
59 0.3387728243566205 0.30563719044890086 0.04228562365518896 0.1297344557007931
41 0.400649350502968 0.30452397531240427 0.03834873062334758 0.1269795729919327
65 0.6501391414990029 0.30668415821508865 0.04032860706031143 0.13228371591704352
55 0.7126762614532851 0.30755714080755564 0.040975865960362505 0.12968876181354647
52 0.27880041179934245 0.5109845811480368 0.03834873062334758 0.1269795729919327
37 0.34035521348250486 0.5118232933250688 0.04163836475513789 0.13232940980429023
51 0.4032083429394507 0.5087809978186669 0.03834873062334758 0.1269795729919327
37 0.464437610185747 0.5102627367856674 0.03770147172329636 0.12957452709542983
50 0.526316041318935 0.5098039719109508 0.03900741944444181 0.12831132045911633
59 0.7119551446921801 0.5097365778103613 0.03900741944444181 0.12831132045911633
37 0.8363611708454477 0.5068785442192113 0.03964324842344972 0.12178966478493856
37 0.34256009667951365 0.7069065886945984 0.03964324842344972 0.12178966478493841
46 0.4054322760048646 0.7104087958059975 0.04163074480777573 0.12971160875716967
51 0.5917319731860444 0.7123275994343715 0.040987295881405664 0.13361546338422717
61 0.7164692487366998 0.7107898898385935 0.04228562365518896 0.1297344557007931
41 0.4698658896008542 0.9128981529139834 0.040968246013000496 0.1270709607664261
55 0.7177222934520371 0.9163101189811697 0.04032098711294928 0.1296659148699231
56 0.7805735179221424 0.9126133732129876 0.041623124860413724 0.12709380771004924
51 0.8421340345658263 0.9154154361753599 0.04030955719190626 0.12573921329924248
55 0.9665495856532967 0.9158296538931104 0.04229705357623197 0.133661157271474