54 0.03881120579986802 0.059463594296163005 0.04618822692390107 0.11892718859232601
54 0.03971204626257187 0.2560914124689112 0.042959552371007466 0.1353117263582619
54 0.03997324777258667 0.4583203508392063 0.04295574239732642 0.13400282583470155
54 0.04088742314317418 0.6598872239872358 0.04295193242364538 0.13269392531114135
54 0.040830710163684975 0.8653922211466744 0.0442502601974287 0.12878245366143193
6 0.09937797425138904 0.05582963236419916 0.042894782818429684 0.11165926472839832
7 0.10028262468777394 0.2534236778386581 0.04359538135001549 0.12877483870094641
8 0.1021886432636839 0.45825137985485975 0.0423008635499132 0.1339952108742161
9 0.10278109417108637 0.6617854112684723 0.04493180886060924 0.13795237228683888
1 0.10139176365468444 0.8594522352075207 0.04424645022374764 0.12747355313787173
0 0.16328543468259663 0.8613504224887572 0.042285623655188995 0.12875960877997525
41 0.3489020550105534 0.0596183919661867 0.044235020302704625 0.1192367839323734
55 0.4107919160647845 0.060577004307411905 0.04751703448713278 0.12115400861482381
46 0.4736564754427734 0.05889116323981728 0.0435801414552914 0.11778232647963456
46 0.7225294873282054 0.059663525809576255 0.04419311059221298 0.1091489458080288
61 0.7840957189324109 0.06156552057105556 0.04745607490823581 0.1052603190397759
58 0.8449994517418412 0.06085732924590001 0.04350394198167041 0.09736122613550138
55 0.9082047854514204 0.06339473686794557 0.04284144318689517 0.0947358101278954
48 0.28626059740576876 0.2486432280136433 0.04161169493937056 0.12220749120168874
59 0.34978956056537347 0.24986792763188587 0.04491656896588519 0.13271677019259812
41 0.41166989668540205 0.24718496308066168 0.04097967593404351 0.1300532793825644
65 0.6611882624840446 0.2475559144445701 0.04295955237100751 0.1353117263582619
55 0.7237310973988487 0.24748313597998076 0.04360681127105843 0.13270154027162703
52 0.2878448915184937 0.4554380882954281 0.04097967593404358 0.13005327938256453
37 0.3494073131490182 0.4560311825333472 0.04426931006583397 0.135326956279233
51 0.41226615756648555 0.4520278950178344 0.04097967593404351 0.13005327938256453
37 0.47350304476014393 0.45327924699777644 0.04033241703399259 0.13266346546919935
50 0.5353871908538536 0.4519051829701124 0.04163836475513789 0.1313697948666102
59 0.7213708785323699 0.449088083930438 0.04163836475513774 0.1313697948666102
37 0.8457921445803619 0.4456778906528443 0.04227419373414595 0.12483290720929463
37 0.34997499922749387 0.6510573605438184 0.04227419373414595 0.12483290720929463
46 0.41285479850020695 0.6542530259078867 0.04426169011847181 0.13270915523211257
51 0.5995009849734987 0.6540461129548472 0.044273120039514974 0.1366358568027932
61 0.724249690445197 0.6506321121970109 0.04491656896588489 0.13271677019259803
41 0.4756569299381851 0.8557547355518126 0.04359919132369657 0.1300837392245067
55 0.7235380986182945 0.8561447243169348 0.0429519324236452 0.13269392531114163
56 0.7867243824594686 0.8521376293211793 0.04425407017110965 0.13009135418499215
51 0.8482906140636742 0.8540396240826588 0.042940502502602486 0.128767223740461
55 0.9727195000590282 0.8532472318521854 0.04558287773434143 0.13665108672376441