54 0.021611001964636542 0.12172774869109948 0.043222003929273084 0.12958115183246074
54 0.020301244269810084 0.32329842931937175 0.04060248853962017 0.13219895287958114
54 0.019646365422396856 0.525523560209424 0.03929273084479371 0.13089005235602094
54 0.01899148657498363 0.7270942408376964 0.03798297314996726 0.12958115183246074
54 0.018664047151277015 0.9319371727748691 0.03732809430255403 0.1256544502617801
6 0.08055009823182711 0.11387434554973822 0.043222003929273084 0.12303664921465969
7 0.07956777996070727 0.3174083769633508 0.04387688277668631 0.1256544502617801
8 0.0802226588081205 0.5229057591623036 0.04387688277668631 0.13089005235602094
9 0.07825802226588081 0.7257853403141361 0.04453176162409954 0.13481675392670156
1 0.07531106745252128 0.9234293193717278 0.04453176162409954 0.1243455497382199
0 0.13719711853307137 0.9214659685863874 0.043222003929273084 0.1256544502617801
41 0.3300589390962672 0.09882198952879581 0.04453176162409954 0.1400523560209424
55 0.3922724296005239 0.0975130890052356 0.04780615586116568 0.13743455497382198
46 0.45514079895219384 0.09358638743455497 0.04518664047151277 0.13350785340314136
46 0.7039947609692206 0.07395287958115183 0.045841519318926 0.13350785340314136
61 0.7658808120497708 0.07198952879581152 0.04846103470857891 0.12958115183246074
58 0.8264571054354944 0.06479057591623037 0.04518664047151277 0.12827225130890052
55 0.8899803536345776 0.06282722513089005 0.04453176162409954 0.1256544502617801
48 0.26588081204977076 0.30170157068062825 0.04191224623444663 0.11910994764397906
59 0.32940406024885394 0.299738219895288 0.045841519318926 0.12958115183246074
41 0.39129011132940406 0.293848167539267 0.04191224623444663 0.12696335078534032
65 0.6411263916175508 0.2787958115183246 0.04453176162409954 0.13219895287958114
55 0.7033398821218074 0.27486910994764396 0.04453176162409954 0.12958115183246074
52 0.26555337262606415 0.5085078534031413 0.04191224623444663 0.12696335078534032
37 0.32711198428290766 0.5058900523560209 0.045841519318926 0.13219895287958114
51 0.3903077930582842 0.4986910994764398 0.042567125081859856 0.12696335078534032
37 0.45121152586771446 0.4954188481675393 0.04191224623444663 0.12958115183246074
50 0.5134250163719711 0.4908376963350785 0.043222003929273084 0.12827225130890052
59 0.6994106090373281 0.47774869109947643 0.042567125081859856 0.12827225130890052
37 0.8238375900458416 0.46596858638743455 0.043222003929273084 0.12172774869109948
37 0.3258022265880812 0.7002617801047121 0.042567125081859856 0.12172774869109948
46 0.3889980353634578 0.699607329842932 0.045841519318926 0.12958115183246074
51 0.5753110674525213 0.6884816753926701 0.04518664047151277 0.13350785340314136
61 0.7003929273084479 0.6780104712041884 0.04649639816633923 0.12958115183246074
41 0.4495743287491814 0.8972513089005235 0.04453176162409954 0.12696335078534032
55 0.6974459724950884 0.8835078534031413 0.04453176162409954 0.12958115183246074
56 0.7612966601178782 0.8756544502617801 0.04518664047151277 0.12696335078534032
51 0.8228552717747217 0.8743455497382199 0.043222003929273084 0.1256544502617801
55 0.9472822527832351 0.8658376963350786 0.045841519318926 0.13350785340314136