54 0.02556291657833895 0.1053136441256922 0.04359538135001547 0.12927746011643926
54 0.027266351610563833 0.30759208154341705 0.04032860706031141 0.1318191089811704
54 0.02831490779537549 0.509855288524664 0.04032479708663037 0.13051020845761005
54 0.02936536896702767 0.711464045244131 0.04032098711294933 0.12920130793404985
54 0.0300769607939301 0.9169918883160396 0.04161931488673265 0.1253050672363251
6 0.0864818892824934 0.1014944726238923 0.0403019372445441 0.12265680531624891
7 0.0881796093541967 0.3057362608269575 0.040964436039319416 0.12528983679984715
8 0.09053030328647273 0.5106477297282807 0.039669918239217124 0.13049497802113227
9 0.09124951506073724 0.7135577717530688 0.040991105855086744 0.1344521404647686
1 0.09067420903489949 0.9112017508106603 0.041615504913051604 0.12399616671276488
0 0.1525602601154496 0.912641027057818 0.039654678344492954 0.12525937592689157
41 0.3356804356047916 0.1013996013476969 0.04035146690239761 0.13967251212253162
55 0.39756648668534167 0.10283887759485462 0.044273120039514974 0.13714609369427838
46 0.4607680104212397 0.10234526392962774 0.041642174728819044 0.13315847037768633
46 0.7093231078171678 0.09830846064627387 0.041642174728818745 0.13315847037768633
61 0.7708836244608519 0.09908567141341255 0.04490513904484217 0.12930792098939498
58 0.8314732527544592 0.09591333495515383 0.04162693483409473 0.12792286828344548
55 0.8950003109272234 0.096081786769946 0.0409758659603628 0.1292165383705278
48 0.2735388979747482 0.30022972042349017 0.03898074962867448 0.11869964287261259
59 0.33706214617383146 0.3017070727618425 0.04228562365518896 0.1292469992434835
41 0.39895772218858405 0.29987409770009976 0.03834873062334758 0.12653781557749597
65 0.6484856129214294 0.2991323913803632 0.04032860706031143 0.1318191089811704
55 0.7110303528230738 0.29927799754043855 0.040975865960362505 0.1292165383705278
52 0.27588197195966213 0.5077589903719337 0.03834873062334758 0.1265378155774959
37 0.33744439359018663 0.5078817508772924 0.04163836475513789 0.13184956985412613
51 0.40032800283658077 0.5041082706849259 0.03834873062334758 0.1265378155774959
37 0.4615610800565582 0.5048778662338257 0.03770147172329636 0.12914038618813853
50 0.5234547510844704 0.5036993414338631 0.03900741944444181 0.12786194653753405
59 0.7091319541945258 0.5014726675575352 0.03900741944444181 0.12786194653753405
37 0.8335798900582851 0.49716749760874734 0.03964324842344972 0.12133267435621094
37 0.33851390463024406 0.7029460049789581 0.03964324842344987 0.12133267435621094
46 0.401378464008233 0.7057170274043928 0.04163074480777573 0.12923176880700574
51 0.5877048310051802 0.7054689347498831 0.040987295881405664 0.1331432399412084
61 0.7124763963189649 0.7024802805428945 0.04228562365518896 0.12924699924348365
41 0.46464622565782293 0.9074637750656962 0.040968246013000496 0.12659873732340737
55 0.7125331092984541 0.9079928931783251 0.04032098711294928 0.12920130793404985
56 0.7754186235316888 0.9035649627241787 0.041623124860413724 0.12661396775988532
51 0.8369753302016917 0.9056510740148777 0.04030955719190626 0.1252746063633692
55 0.9614137411312481 0.9046181553749905 0.04229705357623197 0.133173700814164