54 0.029469548133595286 0.08835078534031414 0.04191224623444663 0.12696335078534032
54 0.0297969875573019 0.2905759162303665 0.038637851997380485 0.12958115183246074
54 0.0297969875573019 0.49280104712041883 0.038637851997380485 0.12827225130890052
54 0.0297969875573019 0.694371727748691 0.038637851997380485 0.12696335078534032
54 0.029142108709888672 0.899869109947644 0.03994760969220694 0.12303664921465969
6 0.09037328094302555 0.08507853403141362 0.038637851997380485 0.12041884816753927
7 0.09070072036673216 0.2892670157068063 0.03929273084479371 0.12303664921465969
8 0.09201047806155861 0.49410994764397903 0.03798297314996726 0.12827225130890052
9 0.091683038637852 0.6969895287958116 0.03929273084479371 0.13219895287958114
1 0.08971840209561231 0.8946335078534031 0.03994760969220694 0.12172774869109948
0 0.15160445317616242 0.8972513089005235 0.03798297314996726 0.12303664921465969
41 0.339554682383759 0.08769633507853403 0.038637851997380485 0.13743455497382198
55 0.4014407334643091 0.09031413612565445 0.042567125081859856 0.13481675392670156
46 0.46463654223968565 0.09031413612565445 0.03994760969220694 0.13089005235602094
46 0.7131630648330058 0.08900523560209424 0.03994760969220694 0.13089005235602094
61 0.7747216764898494 0.09096858638743456 0.043222003929273084 0.12696335078534032
58 0.835297969875573 0.08835078534031414 0.03994760969220694 0.1256544502617801
55 0.8988212180746562 0.08900523560209424 0.03929273084479371 0.12696335078534032
48 0.27635887360838246 0.2859947643979058 0.03732809430255403 0.11649214659685864
59 0.33988212180746563 0.2879581151832461 0.04060248853962017 0.12696335078534032
41 0.4017681728880157 0.287303664921466 0.0366732154551408 0.1243455497382199
65 0.6512770137524558 0.2892670157068063 0.038637851997380485 0.12958115183246074
55 0.7138179436804192 0.28992146596858637 0.03929273084479371 0.12696335078534032
52 0.2773411918795023 0.49345549738219896 0.0366732154551408 0.1243455497382199
37 0.3388998035363458 0.49410994764397903 0.03994760969220694 0.12958115183246074
51 0.4017681728880157 0.49149214659685864 0.0366732154551408 0.1243455497382199
37 0.4629993451211526 0.49280104712041883 0.03601833660772757 0.12696335078534032
50 0.5248853962017027 0.49214659685863876 0.03732809430255403 0.1256544502617801
59 0.710543549443353 0.49214659685863876 0.03732809430255403 0.1256544502617801
37 0.8349705304518664 0.4895287958115183 0.03798297314996726 0.11910994764397906
37 0.3388998035363458 0.6891361256544503 0.03798297314996726 0.11910994764397906
46 0.4017681728880157 0.6930628272251309 0.03994760969220694 0.12696335078534032
51 0.5880812049770793 0.6950261780104712 0.03929273084479371 0.13089005235602094
61 0.7128356254092992 0.6930628272251309 0.04060248853962017 0.12696335078534032
41 0.4636542239685658 0.8952879581151832 0.03929273084479371 0.1243455497382199
55 0.7115258677144728 0.8985602094240838 0.038637851997380485 0.12696335078534032
56 0.7747216764898494 0.8952879581151832 0.03994760969220694 0.1243455497382199
51 0.8362802881466929 0.8979057591623036 0.038637851997380485 0.12303664921465969
55 0.9607072691552063 0.8985602094240838 0.04060248853962017 0.13089005235602094