54 0.03430089793019251 0.0700261780104712 0.04594866099994006 0.13089005235602094
54 0.03541565217971866 0.27225130890052357 0.042689507173442456 0.13350785340314136
54 0.035548088158124956 0.4744764397905759 0.042681886968158195 0.13219895287958114
54 0.036335402983944484 0.6767015706806283 0.04267426676287391 0.13089005235602094
54 0.0364487884491401 0.8821989528795812 0.043961163841847554 0.12696335078534032
6 0.095238921663402 0.06413612565445026 0.042636165736452535 0.1243455497382199
7 0.09601480618129511 0.2683246073298429 0.04330628499443431 0.12696335078534032
8 0.09809282818873041 0.4738219895287958 0.04202700812074496 0.13219895287958114
9 0.09822145406449459 0.6767015706806283 0.04401450527883744 0.13612565445026178
1 0.09707080306656939 0.8743455497382199 0.043953543636563265 0.1256544502617801
0 0.15895304404447735 0.875 0.04199652729960786 0.12696335078534032
41 0.3444203231041355 0.06413612565445026 0.043313905199718554 0.12827225130890052
55 0.4066338136083921 0.06413612565445026 0.04724317828419807 0.12827225130890052
46 0.4695174233706307 0.061518324607329845 0.04328342437858145 0.12303664921465969
46 0.7183751954902996 0.06086387434554974 0.043191981915170284 0.10732984293193717
61 0.7799338071471431 0.06086387434554974 0.04644351553638364 0.10340314136125654
58 0.8405215308407933 0.058900523560209424 0.04312340006761191 0.09554973821989529
55 0.9040409689372342 0.05955497382198953 0.04245328080963005 0.09293193717277487
48 0.28172630085993533 0.2591623036649215 0.04130354742577329 0.12041884816753927
59 0.3452495490590185 0.2591623036649215 0.044638903305113636 0.13089005235602094
41 0.4071584607554214 0.25523560209424084 0.04069438981006579 0.12827225130890052
65 0.6570290319673474 0.2493455497382199 0.04268950717344243 0.13350785340314136
55 0.7195775821005951 0.24803664921465968 0.04332914561028703 0.13089005235602094
52 0.28346545313573757 0.4666230366492147 0.04069438981006564 0.12827225130890052
37 0.34503168499786535 0.4653141361256545 0.04399926486826889 0.13350785340314136
51 0.40793053517067235 0.46007853403141363 0.04069438981006579 0.12827225130890052
37 0.46916551750645147 0.4594240837696335 0.04005475137322089 0.13089005235602094
50 0.53106680899757 0.4568062827225131 0.04135688886276318 0.12958115183246074
59 0.7167630632656418 0.450261780104712 0.04135688886276318 0.12958115183246074
37 0.8415593948269253 0.4430628272251309 0.04197366668375499 0.12303664921465969
37 0.3458609109527484 0.6603403141361257 0.04197366668375499 0.12303664921465969
46 0.408721660099134 0.6616492146596858 0.04398402445770026 0.13089005235602094
51 0.5950613629066925 0.6570680628272252 0.04335200622613997 0.13481675392670156
61 0.7198500742626918 0.6511780104712042 0.04463890330511349 0.13089005235602094
41 0.47107520678708137 0.862565445026178 0.0433139051997187 0.12827225130890052
55 0.7193085808804742 0.856675392670157 0.0426742667628738 0.13089005235602094
56 0.78253868057963 0.8507853403141361 0.043968784047131934 0.12827225130890052
51 0.8440896720311891 0.8520942408376964 0.04265140614702101 0.12696335078534032
55 0.9685395136555554 0.8481675392670157 0.04466176392096628 0.13481675392670156