54 0.031106745252128355 0.08638743455497382 0.04387688277668631 0.12958115183246074
54 0.03503601833660773 0.28861256544502617 0.04060248853962017 0.13219895287958114
54 0.03831041257367387 0.4908376963350785 0.04060248853962017 0.13089005235602094
54 0.04191224623444663 0.6924083769633508 0.04060248853962017 0.12958115183246074
54 0.044859201047806156 0.8979057591623036 0.04191224623444663 0.1256544502617801
6 0.09201047806155861 0.07853403141361257 0.04060248853962017 0.12303664921465969
7 0.09561231172233137 0.28272251308900526 0.0412573673870334 0.1256544502617801
8 0.10052390307793058 0.487565445026178 0.03994760969220694 0.13089005235602094
9 0.10379829731499672 0.6904450261780105 0.04191224623444663 0.13481675392670156
1 0.1054354944335298 0.8880890052356021 0.04191224623444663 0.1243455497382199
0 0.1673215455140799 0.8867801047120419 0.03994760969220694 0.1256544502617801
41 0.3411918795022921 0.06675392670157068 0.0412573673870334 0.13350785340314136
55 0.4030779305828422 0.06544502617801047 0.04518664047151277 0.13089005235602094
46 0.46627373935821875 0.06217277486910995 0.0412573673870334 0.1243455497382199
46 0.714800261951539 0.05301047120418848 0.04191224623444663 0.10602094240837696
61 0.7763588736083824 0.051047120418848166 0.04518664047151277 0.10209424083769633
58 0.8369351669941061 0.04712041884816754 0.04191224623444663 0.09424083769633508
55 0.9004584151931893 0.04581151832460733 0.0412573673870334 0.09162303664921466
48 0.28127046496398167 0.2670157068062827 0.03929273084479371 0.11910994764397906
59 0.34479371316306484 0.2643979057591623 0.042567125081859856 0.12958115183246074
41 0.4066797642436149 0.25850785340314136 0.038637851997380485 0.12696335078534032
65 0.656188605108055 0.24410994764397906 0.04060248853962017 0.13219895287958114
55 0.7187295350360183 0.24018324607329844 0.0412573673870334 0.12958115183246074
52 0.28585461689587427 0.4738219895287958 0.038637851997380485 0.12696335078534032
37 0.3474132285527177 0.47054973821989526 0.04191224623444663 0.13219895287958114
51 0.4102815979043877 0.46335078534031415 0.038637851997380485 0.12696335078534032
37 0.4715127701375246 0.4607329842931937 0.03798297314996726 0.12958115183246074
50 0.5333988212180747 0.45549738219895286 0.03929273084479371 0.12827225130890052
59 0.7190569744597249 0.4424083769633508 0.03929273084479371 0.12827225130890052
37 0.8434839554682384 0.431282722513089 0.03994760969220694 0.12172774869109948
37 0.3510150622134905 0.6655759162303665 0.03994760969220694 0.12172774869109948
46 0.41388343156516044 0.6649214659685864 0.04191224623444663 0.12958115183246074
51 0.600196463654224 0.6537958115183246 0.0412573673870334 0.13350785340314136
61 0.724950884086444 0.643324607329843 0.042567125081859856 0.12958115183246074
41 0.4793713163064833 0.8632198952879581 0.0412573673870334 0.12696335078534032
55 0.7272429600523903 0.8488219895287958 0.04060248853962017 0.12958115183246074
56 0.7904387688277669 0.8409685863874345 0.04191224623444663 0.12696335078534032
51 0.8519973804846104 0.8396596858638743 0.04060248853962017 0.1256544502617801
55 0.9764243614931237 0.8318062827225131 0.042567125081859856 0.13350785340314136