54 0.02848722986247544 0.08901330932710103 0.04518664047151277 0.13324985299655348
54 0.023575638506876228 0.2904697616817893 0.042567125081859856 0.13580673229776244
54 0.01997380484610347 0.4926111251712134 0.03994760969220694 0.13443691002829067
54 0.01768172888015717 0.6934740490100332 0.03536345776031434 0.1330213964493858
54 0.01538965291421087 0.8982636744195334 0.03077930582842174 0.12898808182335986
6 0.08742632612966601 0.08711179730120786 0.04518664047151277 0.12670535037875244
7 0.08316961362148002 0.2898923806159342 0.045841519318926 0.12933838186235072
8 0.0802226588081205 0.49532122585073673 0.045841519318926 0.13457398395659156
9 0.07465618860510806 0.6980713482925074 0.047151277013752456 0.13853114640022776
1 0.06810740013097577 0.8949085727235404 0.04649639816633923 0.12804471177526844
0 0.12999345121152586 0.8989656500178185 0.04518664047151277 0.12932315142587278
41 0.3372626064178127 0.09488555960285158 0.047151277013752456 0.14376674849446872
55 0.3994760969220694 0.09960470237714876 0.0504256712508186 0.1412250996297376
46 0.4623444662737394 0.10172127454080337 0.04780615586116568 0.13723747631314553
46 0.7111984282907662 0.10489103935526956 0.04846103470857891 0.1372527067496234
61 0.7730844793713163 0.10894811664954772 0.0504256712508186 0.13468059701193655
58 0.8339882121807466 0.10709229593308811 0.047151277013752456 0.13198664378242683
55 0.8975114603798298 0.1111874493185609 0.04649639816633923 0.12935361229882858
48 0.26948264571054353 0.2916076387467649 0.04387688277668631 0.12274818793511606
59 0.3330058939096267 0.29570279213223766 0.04780615586116568 0.13331077474246486
41 0.3948919449901768 0.29583316785583513 0.04387688277668631 0.1306015910764773
65 0.6450556647020301 0.3036145453757178 0.04649639816633923 0.13589811491662956
55 0.7072691552062869 0.30571588710289455 0.04649639816633923 0.1332803138695092
52 0.26555337262606415 0.4983225388504108 0.04387688277668631 0.1306015910764774
37 0.32711198428290766 0.5017175506646699 0.04780615586116568 0.13592857578958528
51 0.3903077930582842 0.4999150364758828 0.04453176162409954 0.1306168215129552
37 0.45121152586771446 0.5026403675918839 0.04387688277668631 0.13321939212359782
50 0.5134250163719711 0.5034328087955006 0.04518664047151277 0.1319409524729932
59 0.6997380484610347 0.5077658679734516 0.04453176162409954 0.1319257220365154
37 0.8241650294695482 0.5080418498571244 0.04518664047151277 0.12539644985519213
37 0.32252783235101506 0.6953282150962358 0.04453176162409954 0.1253812194187145
46 0.3857236411263916 0.70072465378703 0.04780615586116568 0.13331077474246486
51 0.5720366732154551 0.7070210637503213 0.04780615586116568 0.1372374763131455
61 0.6971185330713818 0.707966726332252 0.04846103470857891 0.1333260051789428
41 0.4426981008513425 0.903620382388876 0.04649639816633923 0.13066251282238886
55 0.6905697445972495 0.9133118041664264 0.04649639816633923 0.13328031386950928
56 0.7544204322200393 0.9115245204141172 0.047151277013752456 0.1306777432588665
51 0.8159790438768828 0.9155739824901563 0.04518664047151277 0.12932315142587278
55 0.9407334643091028 0.9184753806391887 0.04846103470857891 0.13725270674962345