63 0.10725 0.688203125 0.04971875 0.07528125
47 0.10298437499999999 0.482234375 0.04971875 0.07528125
48 0.227984375 0.482234375 0.04971875 0.07528125
49 0.36150000000000004 0.48365625 0.04971875 0.07528125
50 0.48934375 0.48365625 0.04971875 0.07528125
51 0.622859375 0.48365625 0.04971875 0.07528125
52 0.7592187499999999 0.48507812499999997 0.04971875 0.07528125
53 0.8955781249999999 0.48650000000000004 0.04971875 0.07528125
64 0.29474999999999996 0.689625 0.04971875 0.07528125
65 0.424015625 0.69246875 0.04971875 0.07528125
66 0.5532812500000001 0.696734375 0.04971875 0.07528125