54 0.207598876561629 0.03792776775758916 0.04572156615858276 0.07057612041330892
54 0.3989142229708328 0.05466633674484232 0.04572156615858276 0.07057612041330892
54 0.590220479020957 0.07296740573209551 0.04572156615858276 0.0705761204133089
7 0.27163865066392995 0.042206722479853485 0.04572156615858276 0.07057612041330892
8 0.45982899707313374 0.05892711074894742 0.04572156615858276 0.07057612041330892
9 0.6495636627641783 0.07878158937712097 0.04572156615858276 0.07057612041330892
50 0.06444675673749525 0.4714846354404235 0.045721566158582805 0.07057612041330899
51 0.18470925976255737 0.4807783430895542 0.045721566158582805 0.07057612041330899
53 0.4337961995559029 0.5048845053627531 0.04572156615858276 0.07057612041330899
52 0.31042233206946024 0.49322886699546337 0.04572156615858276 0.07057612041330899
56 0.5587325670423455 0.5165492340891225 0.04572156615858276 0.07057612041330899
57 0.682133705606027 0.5235173724564124 0.04572156615858276 0.07057612041330899
66 0.11480932933898572 0.678034617290051 0.045721566158582805 0.07057612041330899