54 0.19975456030485034 0.045678512985643516 0.04415906615858276 0.07107615909060952
54 0.3910926326117532 0.06073827150706017 0.04415906615858276 0.07107615909060953
54 0.5824170693800366 0.07814178002847681 0.04415906615858276 0.07107615909060952
7 0.26380342476623087 0.04914047808260746 0.04415906615858276 0.07107615909060952
8 0.452011951893594 0.06492693952612341 0.04415906615858276 0.07107615909060952
9 0.6417647983027978 0.08386567450858973 0.04415906615858276 0.07107615909060953
50 0.06362005494209717 0.48006537540538946 0.0441590661585828 0.07107615909060953
51 0.1846774435057787 0.48842907467404084 0.04415906615858276 0.07107615909060953
53 0.43379165437636313 0.51074795413662 0.04415906615858276 0.07107615909060953
52 0.31040415135130095 0.4999995945595431 0.04415906615858276 0.07107615909060953
56 0.5587371122218854 0.5223048372526472 0.04415906615858276 0.07107615909060953
57 0.6821518863241863 0.528365696829724 0.04415906615858276 0.07107615909060953
66 0.11789796790266724 0.6857210860381265 0.0441590661585828 0.07107615909060953