54 0.2 0.0421875 0.04375 0.0703125
54 0.39140625 0.05390625 0.04375 0.0703125
54 0.5828125 0.06796875 0.04375 0.0703125
7 0.2640625 0.04453125 0.04375 0.0703125
8 0.45234375 0.05703125 0.04375 0.0703125
9 0.6421875 0.07265625 0.04375 0.0703125
50 0.06640625 0.47890625 0.04375 0.0703125
51 0.1875 0.48515625 0.04375 0.0703125
53 0.43671875 0.503125 0.04375 0.0703125
52 0.31328125 0.49453125 0.04375 0.0703125
56 0.56171875 0.5125 0.04375 0.0703125
57 0.68515625 0.51640625 0.04375 0.0703125
66 0.121875 0.68359375 0.04375 0.0703125