54 0.19088808199395482 0.04564481898725317 0.04298747867599957 0.06899543969514968
54 0.38303012866009123 0.05066918315404615 0.04298747867599957 0.06899543969514968
54 0.5743363813255913 0.060376502141299325 0.04298747867599957 0.06899543969514968
7 0.25495967266072755 0.0452362737095175 0.04298747867599957 0.06899543969514968
8 0.4439494473265458 0.052586207158151245 0.04298747867599957 0.06899543969514968
9 0.634465359325273 0.0630702309658646 0.04298747867599957 0.06899543969514968
50 0.0607609459341394 0.48554259026088376 0.04298747867599957 0.06899543969514958
51 0.18104617393382122 0.4885862979100143 0.04298747867599957 0.06899543969514958
53 0.4309461765993213 0.4986345053627531 0.04298747867599957 0.06899543969514958
52 0.3075450392664122 0.4947913669954634 0.04298747867599957 0.06899543969514958
56 0.5558916325986849 0.5040492340891225 0.04298747867599957 0.06899543969514958
57 0.6793200419319122 0.5055486224564124 0.04298747867599957 0.06899543969514958
66 0.11777237257323156 0.6890130239059091 0.04298747867599957 0.06899543969514958