54 0.19140625 0.04453125 0.0421875 0.06875
54 0.38359375 0.0484375 0.0421875 0.06875
54 0.575 0.05703125 0.0421875 0.06875
7 0.25546875 0.04375 0.0421875 0.06875
8 0.44453125 0.05 0.0421875 0.06875
9 0.63515625 0.059375 0.0421875 0.06875
50 0.06640625 0.48515625 0.0421875 0.06875
51 0.18671875 0.4875 0.0421875 0.06875
53 0.43671875 0.49609375 0.0421875 0.06875
52 0.31328125 0.49296875 0.0421875 0.06875
56 0.56171875 0.50078125 0.0421875 0.06875
57 0.68515625 0.5015625 0.0421875 0.06875
66 0.12578125 0.68828125 0.0421875 0.06875