54 0.19140625 0.04230403664068301 0.0421875 0.06924089600572701
54 0.38359375 0.0439739826145933 0.0421875 0.06924089600572701
54 0.575 0.050340519255276314 0.0421875 0.069240896005727
7 0.25546875 0.04077735196531977 0.0421875 0.069240896005727
8 0.44453125 0.044827410606320964 0.0421875 0.069240896005727
9 0.63515625 0.0519842879137767 0.0421875 0.069240896005727
50 0.06640625 0.48438354332431854 0.0421875 0.06924089600572714
51 0.18671875 0.48532733064131933 0.0421875 0.06924089600572714
53 0.43671875 0.4910120672740481 0.0421875 0.06924089600572714
52 0.31328125 0.48932339262413826 0.0421875 0.06924089600572714
56 0.56171875 0.4942450605904126 0.0421875 0.06924089600572696
57 0.68515625 0.49358998524032244 0.0421875 0.06924089600572696
66 0.12578125 0.6868176526495917 0.0421875 0.06924089600572714