46 0.22665723806490612 0.4768387141902341 0.0746192866804539 0.10198974687674216
54 0.5219697380649061 0.47512063632418633 0.07469201201463563 0.10823974687674216
6 0.6188356473981333 0.4737757840612501 0.07469201201463563 0.10823974687674216
54 0.8196441693984516 0.4749514229195192 0.07469201201463563 0.10823974687674216
4 0.9188356473981333 0.47203043511796344 0.07469201201463563 0.10823974687674198
54 0.5139610747930851 0.928322904376363 0.07469201201463563 0.1082397468767418
2 0.6092463027927669 0.9254246424725064 0.07469201201463563 0.10823974687674216
40 0.21792186879372144 0.9347330274219505 0.07469201201463563 0.1082397468767418
18 0.31392471212599415 0.9263614703385542 0.08094201201463562 0.1082761083130606
42 0.8154144867918124 0.9171934650739969 0.07469201201463563 0.10823974687674216
44 0.913152552792767 0.9236565676315209 0.08406701201463562 0.10829428903121965