20 0.23828125 0.8809970353100731 0.0921875 0.13285913879807013
40 0.1203125 0.8877436875008238 0.0921875 0.13285913879807013
40 0.09765625 0.4482954038156038 0.0921875 0.13285913879807013
18 0.2140625 0.44548227516380334 0.0921875 0.13285913879807013
2 0.56796875 0.42367981859155146 0.0921875 0.13285913879807013
54 0.45703125 0.42795998985702555 0.0921875 0.13285913879807013
42 0.8078125 0.4101183303626742 0.0921875 0.13285913879807013
16 0.59296875 0.8685559419683461 0.0921875 0.13285913879807013
44 0.93046875 0.4087586075550725 0.0921875 0.13285913879807013
40 0.475 0.8760838441590966 0.0921875 0.13285913879807013
40 0.8328125 0.8628069537394687 0.0921875 0.13285913879807013
14 0.95390625 0.8661620044708174 0.0921875 0.13285913879807013