20 0.28166673662320535 0.8805618460375438 0.0992374515990063 0.13864542401336308
40 0.1629894594958423 0.8916800646880899 0.09923745159900635 0.13864542401336308
40 0.11513165895354933 0.4536528060152721 0.09923745159900635 0.13864542401336308
18 0.23148791197861143 0.4464135653644076 0.09923745159900639 0.13864542401336308
2 0.5843720174630016 0.4091162967456782 0.0992374515990063 0.13864542401336308
54 0.4742748547970191 0.4179907627307243 0.0992374515990063 0.13864542401336308
42 0.8240657765381879 0.38612588144490395 0.09923745159900647 0.138645424013363
16 0.6353911794416129 0.853429918085587 0.09923745159900647 0.13864542401336308
44 0.9458953247427898 0.37973152546144867 0.09923745159900647 0.138645424013363
40 0.5174996974937898 0.8653384774029058 0.09923745159900647 0.13864542401336308
40 0.8751303903121974 0.8382520027848127 0.09923745159900647 0.13864542401336308
14 0.9725100943074976 0.8355093581317213 0.05497981138500485 0.13819089067472703