54 0.8134828005422928 0.4280638878899142 0.08823631908544911 0.12758065467854482
51 0.22049132464459392 0.43105745397041045 0.08823631908544902 0.127580654678545
40 0.45486632464459387 0.42833025393859375 0.08823631908544911 0.127580654678545
18 0.5705049601832133 0.4293285852562308 0.08823631908544911 0.127580654678545
2 0.9298981409013726 0.42827187854077853 0.08823631908544911 0.127580654678545
40 0.10815651375056841 0.8636437819860007 0.08828177088084713 0.135393154678545
40 0.46602810108458587 0.8696365066040939 0.08827268052176755 0.133830654678545
40 0.828573552879984 0.8732309372215508 0.08823631908544911 0.12758065467854465
25 0.22300026375056842 0.8623074539704104 0.08823631908544902 0.127580654678545
20 0.5824525318027451 0.8714069972549581 0.08828177088084707 0.13539315467854465
16 0.9418911643163025 0.8781627905395059 0.08828177088084707 0.135393154678545