54 0.809481101771957 0.41170309122377774 0.08510222872636959 0.1259817920114541
51 0.2174526830558503 0.44593756663750134 0.08510222872636941 0.12598179201145393
40 0.4517549601832133 0.4307103666056847 0.08510222872636941 0.12598179201145393
18 0.5673617794650541 0.4262399479233217 0.08510222872636941 0.1259817920114541
2 0.925864625874258 0.40644233187464207 0.08510222872636959 0.12598179201145393
40 0.12858264323906363 0.8829386746499098 0.08514768052176751 0.13379429201145393
40 0.48556844144366557 0.8709717399347756 0.08513859016268803 0.13223179201145427
40 0.8480002637505685 0.8550349205522325 0.08510222872636959 0.12598179201145393
25 0.24261332698228494 0.8761426873010925 0.08510222872636941 0.12598179201145393
20 0.6019565107255064 0.8664922305856401 0.08514768052176755 0.13379429201145426
16 0.9593561093346121 0.8544980238701878 0.08128778133077574 0.13379429201145393