21 0.23088308927436635 0.434375 0.10161813868554459 0.1390625
40 0.1112518419398664 0.44296875 0.10161813868554459 0.1390625
51 0.46947342194463887 0.4078125 0.10161813868554467 0.1390625
40 0.7150586419478205 0.384375 0.10161813868554467 0.1390625
18 0.8346898892823205 0.37578125 0.10161813868554467 0.1390625
31 0.10613379654682369 0.8828125 0.10161813868554459 0.1390625
40 0.3446150412158236 0.865625 0.10161813868554459 0.1390625
25 0.4690065138845053 0.85078125 0.10161813868554467 0.1390625
40 0.7152638958864144 0.83671875 0.10161813868554467 0.1390625
20 0.8318337778883234 0.82265625 0.10161813868554467 0.1390625
40 0.015535354610934382 0.890625 0.031070709221868765 0.1390625