21 0.2424998667249973 0.4296875 0.10476132001909004 0.140625
40 0.12226009205917909 0.4359375 0.10476132001909004 0.140625
51 0.48051748738858835 0.40703125 0.10476132001909004 0.140625
40 0.726393061386043 0.38828125 0.10476132001909004 0.140625
18 0.8458515860518613 0.38203125 0.10476132001909022 0.140625
31 0.1203468874522218 0.87578125 0.10476132001909004 0.140625
40 0.3584826867838582 0.86328125 0.10476132001909004 0.140625
25 0.482546895448722 0.85 0.10476132001909004 0.140625
40 0.7285315574474492 0.840625 0.10476132001909004 0.140625
20 0.8455826974458585 0.82890625 0.10476132001908986 0.140625
40 0.027450862786403584 0.88203125 0.03599313868554459 0.1390625