21 0.26508620715815123 0.44147678596436535 0.09139768052176755 0.13386701734563572
40 0.14633620715815124 0.44285856731381906 0.09139768052176747 0.13386701734563572
51 0.5025225746445938 0.42777572326545765 0.09139768052176755 0.13386701734563572
40 0.7485799632082755 0.41866216323205013 0.09139768052176755 0.13386701734563572
18 0.8673299632082754 0.41728038188259636 0.09139768052176755 0.13386701734563572
31 0.16609173359814325 0.8840648226448191 0.09139768052176755 0.13386701734563572
40 0.4043684384186035 0.8805109192791388 0.09139768052176755 0.13386701734563572
25 0.5285553721618248 0.8735967532622759 0.09139768052176755 0.13386701734563572
40 0.7746627577004442 0.8730769432288685 0.09139768052176755 0.13386701734563572
20 0.8910371914436656 0.8662536838797328 0.09139768052176755 0.13386701734563572
40 0.04577468841860344 0.8846835353278184 0.0820226805217675 0.1337579293443632