21 0.2731632265850701 0.454813779624735 0.1007999515990063 0.13924550649282175
40 0.15364561212368952 0.45038360389503407 0.10079995159900634 0.13924550649282175
51 0.510690497662309 0.45427185754518673 0.10079995159900648 0.13924550649282175
40 0.7567887928418487 0.4577861899298652 0.10079995159900648 0.13924550649282175
18 0.8747393621236895 0.4629703421206159 0.10079995159900648 0.13924550649282175
31 0.1823275856836975 0.8923353246740409 0.10079995159900634 0.13924550649282175
40 0.4205815646064586 0.9011820393639676 0.10079995159900648 0.13924550649282175
25 0.5448184953246178 0.9002252857105196 0.10079995159900648 0.13924550649282175
40 0.7900809983496799 0.9131009813257231 0.10079995159900648 0.13924550649282175
20 0.9072821338882996 0.9128027467469986 0.10079995159900648 0.13924550649282175
40 0.06516281158139656 0.8863835592527654 0.08361245159900635 0.13894549756436803