27 0.3294018579328667 0.5003814241048479 0.10001927601845369 0.13765573295387146
40 0.2154575366009121 0.48823420576147314 0.10001927601845369 0.13765573295387146
40 0.5535297012651395 0.5121076769442217 0.10001927601845359 0.13765573295387146
22 0.668264363263867 0.5234872820570716 0.10001927601845359 0.1376557329538713
40 0.8970160719287306 0.5407641055132965 0.10001927601845359 0.1376557329538713
40 0.11317413721359641 0.884185859577077 0.10001927601845369 0.1376557329538713
34 0.22637357121264193 0.8931944411509765 0.10001927601845369 0.1376557329538713
32 0.5705502852085058 0.9296770064895264 0.10001927601845359 0.1376557329538713
40 0.4542258512094602 0.9206138778377262 0.10001927601845359 0.1376557329538713
40 0.8023815405395058 0.9433871302733582 0.09991018801718106 0.11322573945328358
31 0.9179610872056422 0.9483025012145208 0.0998192813494537 0.10339499757095857