27 0.3294018579328667 0.4886810758951521 0.10001927601845369 0.13765573295387146
40 0.2154575366009121 0.48051579423852686 0.10001927601845369 0.13765573295387146
40 0.5535297012651395 0.4925798230557783 0.10001927601845359 0.13765573295387146
22 0.668264363263867 0.4999502179429284 0.10001927601845359 0.1376557329538713
40 0.8970160719287306 0.5092358944867035 0.10001927601845359 0.1376557329538713
40 0.11317413721359641 0.879876640422923 0.10001927601845369 0.1376557329538713
34 0.22637357121264193 0.8849305588490235 0.10001927601845369 0.1376557329538713
32 0.5705502852085058 0.9093854935104735 0.10001927601845359 0.1376557329538713
40 0.4542258512094602 0.9043861221622738 0.10001927601845359 0.1376557329538713
40 0.8023815405395058 0.9225228729763479 0.09991018801718106 0.12828073295387127
31 0.9179610872056422 0.9244108810940229 0.0998192813494537 0.12046823295387128