27 0.2928831026018666 0.48081638470717997 0.09527723201781732 0.1323408800127268
40 0.17882969326863934 0.47870789735836256 0.09527723201781742 0.1323408800127268
40 0.5179921906031393 0.47405949673772396 0.09527723201781732 0.1323408800127268
22 0.6320728719366848 0.47382423408654145 0.09527723201781732 0.13234088001272665
40 0.8633955972708666 0.47026507145126734 0.09527723201781768 0.1323408800127268
40 0.05222754654682369 0.8835397533418178 0.09527723201781738 0.1323408800127268
34 0.1655451592139146 0.8817329000238626 0.09527723201781732 0.1323408800127268
32 0.5108303872135964 0.888094724737406 0.09527723201781732 0.1323408800127268
40 0.39438777454650553 0.88986521538827 0.09527723201781732 0.1323408800127268
40 0.7435974338797328 0.8947099934356771 0.09527723201781732 0.1323408800127268
31 0.8576872058800509 0.8936934807844945 0.09527723201781732 0.1323408800127268