27 0.30969107904439813 0.479176233290911 0.09137949980360824 0.13074201734563573
40 0.19564675976255735 0.4773784706397285 0.0913794998036083 0.13074201734563573
40 0.5347228953011769 0.471089371260367 0.09137949980360816 0.13074201734563573
22 0.6487808501216369 0.4705433839115495 0.09137949980360816 0.13074201734563573
40 0.8792586904807166 0.46629913721359645 0.09137949980360816 0.13074201734563573
40 0.08391281158139655 0.8841199139879097 0.09137949980360827 0.13074201734563573
34 0.19642190194047618 0.8812483579726376 0.09137949980360824 0.13074201734563573
32 0.5416889501450781 0.8850427832590944 0.09137949980360816 0.13074201734563573
40 0.42526906460645864 0.88874104260823 0.09137949980360816 0.13074201734563573
40 0.7744514531701402 0.8909275145608231 0.09137949980360816 0.13074201734563573
31 0.8885139531701401 0.8896002772120056 0.09137949980360816 0.13074201734563573