10 0.42228652781473414 0.46393367233034405 0.050445427594901206 0.0768533914905479
40 0.3558848229942739 0.4635387625912277 0.050445427594901206 0.07685339149054773
40 0.564501298891973 0.4584189496540988 0.050445427594901206 0.0768533914905479
40 0.7793768651487516 0.4517002752806514 0.050445427594901206 0.0768533914905479
40 0.3600218353891099 0.6924131963344491 0.050445427594901206 0.0768533914905479
40 0.5694150161072692 0.6880700882177803 0.050445427594901206 0.07685339149054773
40 0.783482061286809 0.6860434590238726 0.050445427594901206 0.0768533914905479
40 0.3626145285021051 0.9181717204367501 0.050445427594901206 0.07685339149054755
40 0.5743241881430257 0.9185024767814618 0.050445427594901206 0.07685339149054755
40 0.7860565736816449 0.9149269831261737 0.05044542759490138 0.07685339149054755
11 0.6301353892510526 0.4564746545727548 0.050445427594901206 0.07685339149054773
12 0.8489308410464507 0.4473895043016084 0.050445427594901206 0.0768533914905479
20 0.42488831128680893 0.6881296964326449 0.050445427594901206 0.0768533914905479
21 0.6366070612868089 0.6868979527773568 0.050445427594901206 0.07685339149054773
22 0.8522547871845081 0.6817372332243694 0.05044542759490156 0.0768533914905479
27 0.4313690736816449 0.9169904946372469 0.050445427594901206 0.07685339149054755
28 0.6438645285021052 0.9165354558024188 0.050445427594901206 0.07685339149054755
29 0.8571548688611849 0.913732121788051 0.05044542759490156 0.0768533914905479