10 0.42925779146710663 0.46328125 0.0535795179539809 0.078125
40 0.36283790592848725 0.4609375 0.0535795179539809 0.078125
40 0.5714498366466465 0.4640625 0.05357951795398073 0.078125
40 0.7863072221852658 0.46640625 0.0535795179539809 0.078125
40 0.36104464353365123 0.68984375 0.0535795179539809 0.078125
40 0.5704423694313503 0.69375 0.0535795179539809 0.078125
40 0.7845503212267484 0.7015625 0.0535795179539809 0.078125
40 0.35767070042065596 0.915625 0.0535795179539809 0.078125
40 0.570216152216054 0.9234375 0.0535795179539809 0.078125
40 0.7811900136523725 0.9296875 0.05357951795398108 0.078125
11 0.6370793818261863 0.46484375 0.0535795179539809 0.078125
12 0.8558293818261863 0.46484375 0.05357951795398108 0.078125
20 0.42666055317457163 0.68828125 0.0535795179539809 0.078125
21 0.63763895979043 0.6953125 0.0535795179539809 0.078125
22 0.8532912308676688 0.7 0.05357951795398073 0.078125
27 0.42721104077973565 0.9171875 0.05357951795398073 0.078125
28 0.6397564925751337 0.925 0.0535795179539809 0.078125
29 0.853074104011452 0.93125 0.05357951795398108 0.078125