10 0.43692467045139993 0.45438422394177536 0.05292617694751698 0.07872498400699968
40 0.3704229630650738 0.4496881806174568 0.05292617694751698 0.07872498400699968
40 0.5792621749156268 0.46132347258913997 0.05292617694751698 0.07872498400699968
40 0.7927752499967047 0.4721229705601867 0.05292617694751698 0.07872498400699968
40 0.3595611497518234 0.6779859032861386 0.05292617694751698 0.07872498400699968
40 0.5684139983718517 0.6904024452578217 0.05292617694751698 0.07872498400699968
40 0.7820225308392557 0.7066706932288684 0.05292617694751698 0.07872498400699968
40 0.34708228936067237 0.9031768072883658 0.05292617694751698 0.07872498400699968
40 0.5583607085975516 0.9202535772597307 0.05292617694751698 0.07872498400699968
40 0.7695982175260053 0.9349865972310957 0.05292617694751698 0.07872498400699968
11 0.6441741087630026 0.464475197247004 0.05292617694751698 0.07872498400699968
12 0.8623474103051303 0.47365765121741443 0.05292617694751698 0.07872498400699968
20 0.4252134232907737 0.6787847872772298 0.05292617694751698 0.07872498400699968
21 0.6356969557581779 0.6950893979153675 0.05292617694751698 0.07872498400699968
22 0.8508134411476812 0.7082144645528688 0.05292617694751698 0.07872498400699968
27 0.41592774674699856 0.9078455786123663 0.05292617694751698 0.07872498400699968
28 0.6279874159838779 0.9249132579169583 0.05292617694751698 0.07872498400699968
29 0.8407737881428563 0.9388468465547779 0.05292617694751698 0.07872498400699968