10 0.428125 0.4609375 0.05 0.0765625
40 0.36171875 0.45625 0.05 0.0765625
40 0.5703125 0.46640625 0.05 0.0765625
40 0.784375 0.4765625 0.05 0.0765625
40 0.35078125 0.684375 0.05 0.0765625
40 0.559375 0.69609375 0.05 0.0765625
40 0.7734375 0.7109375 0.05 0.0765625
40 0.33828125 0.91015625 0.05 0.0765625
40 0.55 0.92578125 0.05 0.0765625
40 0.7609375 0.9390625 0.05 0.0765625
11 0.63515625 0.46953125 0.05 0.0765625
12 0.85390625 0.47734375 0.05 0.0765625
20 0.41640625 0.68515625 0.05 0.0765625
21 0.6265625 0.7 0.05 0.0765625
22 0.8421875 0.71171875 0.05 0.0765625
27 0.40703125 0.9140625 0.05 0.0765625
28 0.61953125 0.9296875 0.05 0.0765625
29 0.83203125 0.94296875 0.05 0.0765625