10 0.4265625 0.4640625 0.046875 0.075
40 0.36015625 0.4609375 0.046875 0.075
40 0.56875 0.4640625 0.046875 0.075
40 0.78359375 0.46640625 0.046875 0.075
40 0.35703125 0.68984375 0.046875 0.075
40 0.56640625 0.69375 0.046875 0.075
40 0.78046875 0.70078125 0.046875 0.075
40 0.353125 0.915625 0.046875 0.075
40 0.56484375 0.92421875 0.046875 0.075
40 0.7765625 0.9296875 0.046875 0.075
11 0.634375 0.46484375 0.046875 0.075
12 0.853125 0.46484375 0.046875 0.075
20 0.42265625 0.68828125 0.046875 0.075
21 0.63359375 0.6953125 0.046875 0.075
22 0.84921875 0.69921875 0.046875 0.075
27 0.421875 0.9171875 0.046875 0.075
28 0.634375 0.925 0.046875 0.075
29 0.84765625 0.93125 0.046875 0.075