10 0.4292623366466465 0.46654416802873566 0.047311337235821684 0.07527271077238851
40 0.3628379059284872 0.4630328277678519 0.047311337235821684 0.07527271077238851
40 0.5714498366466465 0.4673713907049809 0.047311337235821684 0.07527271077238851
40 0.7863072221852659 0.47096506507842834 0.047311337235821684 0.07527271077238851
40 0.36104464353365123 0.6919208970496926 0.047311337235821684 0.07527271077238851
40 0.5704423694313503 0.6970452551663614 0.047311337235821684 0.07527271077238851
40 0.7845457760472085 0.7053218843602691 0.047311337235821684 0.07527271077238851
40 0.358451950420656 0.9176794211519936 0.047311337235821684 0.07527271077238851
40 0.5702206973955939 0.9275049148072817 0.047311337235821684 0.07527271077238851
40 0.7819712636523726 0.9342054084625699 0.047311337235821684 0.07527271077238851
11 0.6370793818261863 0.4685344357863248 0.047311337235821684 0.07527271077238851
12 0.8558293818261863 0.46980708605747135 0.047311337235821684 0.07527271077238851
20 0.42666055317457163 0.6907401921310365 0.047311337235821684 0.07527271077238851
21 0.63763895979043 0.698998640606785 0.047311337235821684 0.07527271077238851
22 0.8532866856881289 0.7041593601597722 0.047311337235821684 0.07527271077238851
27 0.42721104077973565 0.9196418969514968 0.047311337235821684 0.07527271077238851
28 0.6397564925751337 0.9286906857863247 0.047311337235821684 0.07527271077238851
29 0.8530741040114522 0.9361815198006926 0.047311337235821684 0.07527271077238851