38 0.31356831993954826 0.44345806674775795 0.04771134134309048 0.0721477107723885
40 0.038568319939548235 0.44505796994577074 0.04771134134309045 0.0721477107723885
10 0.10575581993954823 0.4446670845053472 0.04771134134309048 0.0721477107723885
40 0.24948763860600282 0.4453932714700223 0.04771134134309048 0.0721477107723885
40 0.4588990012730937 0.4410501633533535 0.04771134134309048 0.0721477107723885
40 0.040564982574822404 0.6762806988685319 0.04771134134309045 0.0721477107723885
40 0.2468149825748224 0.6750807714700222 0.04771134134309048 0.0721477107723885
40 0.04032698321136925 0.8981420633299123 0.04771134134309045 0.0721477107723885
40 0.4561899825748224 0.6738626633533535 0.04771134134309048 0.0721477107723885
40 0.24571391721041475 0.9039779311109427 0.04771134134309048 0.0721477107723885
40 0.45743266721041476 0.9027461874556545 0.04771134134309048 0.0721477107723885
12 0.5284666139401846 0.4375206423743105 0.0477113413430903 0.0721477107723885
20 0.10621725457514057 0.673555153787188 0.04771134134309048 0.0721477107723885
21 0.3124490732415951 0.6739177263886784 0.04771134134309048 0.0721477107723885
22 0.521860435908686 0.6695746182720096 0.04771134134309048 0.0721477107723885
27 0.1074963018778238 0.8993136778894888 0.04771134134309048 0.0721477107723885
28 0.3137008485439602 0.9020200004909793 0.04771134134309048 0.0721477107723885
40 0.6745330919398664 0.4390144438003663 0.04771134134309048 0.0721477107723885
40 0.8948910452737302 0.4338264531701402 0.04771134134309065 0.0721477107723885
40 0.6741769139083679 0.6710320582617468 0.04771134134309048 0.0721477107723885
40 0.891364413908368 0.66976849834968 0.04771134134309065 0.0721477107723885
40 0.672267326543642 0.902277513082207 0.0477113413430903 0.0721477107723885
40 0.8855667578771875 0.8994741790678393 0.04771134134309065 0.0721477107723885
13 0.7433376359405027 0.43392696800086317 0.04771134134309048 0.0721477107723885
14 0.9620785452737302 0.43343556772971664 0.04771134134309065 0.0721477107723885
23 0.7436990732415951 0.6714087872827038 0.05085452267663584 0.07372839149054791
24 0.9609138452419133 0.667801477370637 0.05089088534372692 0.07685339149054773
30 0.7418349392107328 0.898747992103164 0.05085452267663584 0.07372839149054791
31 0.9551434612110512 0.8951634080887964 0.05089088534372692 0.07685339149054755