38 0.32625022321134345 0.4296875 0.04815685633066593 0.0734375
40 0.05122294967239316 0.428125 0.04815685633066598 0.0734375
10 0.11841044967239316 0.428125 0.04815685633066598 0.0734375
40 0.2614201099808187 0.43046875 0.04815685633066593 0.0734375
40 0.4715490864418683 0.42890625 0.04815685633066593 0.0734375
40 0.04979068343704347 0.659375 0.04815685633066598 0.0734375
40 0.2560543202065187 0.66015625 0.04815685633066593 0.0734375
40 0.04663227596799175 0.88125 0.048156856330665986 0.0734375
40 0.465456593745469 0.66171875 0.04815685633066593 0.0734375
40 0.25223739366274345 0.8890625 0.04815685633066593 0.0734375
40 0.4639834172016938 0.890625 0.04815685633066593 0.0734375
12 0.5410394261334428 0.4265625 0.04815685633066593 0.0734375
20 0.11537477312861796 0.65703125 0.04815685633066598 0.0734375
21 0.3216793202065187 0.66015625 0.04815685633066593 0.0734375
22 0.5310134098980932 0.6578125 0.04815685633066593 0.0734375
27 0.11384704950694209 0.8828125 0.04815685633066598 0.0734375
28 0.3201925068932683 0.88828125 0.04815685633066593 0.0734375
40 0.6871877232113436 0.4296875 0.04815685633066593 0.0734375
40 0.9074456761334428 0.4265625 0.04815685633066593 0.0734375
40 0.6834253437454689 0.66171875 0.04815685633066593 0.0734375
40 0.9006401172844193 0.66328125 0.04815685633066593 0.0734375
40 0.6788680775101193 0.89296875 0.04815685633066593 0.0734375
40 0.8921356907406441 0.8921875 0.04815685633066593 0.0734375
13 0.7558695393639676 0.42578125 0.04815685633066593 0.0734375
14 0.9746331761334428 0.4265625 0.04815685633066593 0.0734375
23 0.7529702305149442 0.6625 0.0513091298696164 0.075
24 0.9701304569759938 0.6609375 0.05136367694751698 0.078125
30 0.7483447804322185 0.88984375 0.0513091298696164 0.075
31 0.9615987568932682 0.88828125 0.05136367694751698 0.078125