38 0.31953125 0.4421875 0.0453125 0.071875
40 0.04453125 0.4375 0.0453125 0.071875
10 0.11171875 0.43828125 0.0453125 0.071875
40 0.25546875 0.44296875 0.0453125 0.071875
40 0.46484375 0.44296875 0.0453125 0.071875
40 0.0453125 0.66875 0.0453125 0.071875
40 0.2515625 0.671875 0.0453125 0.071875
40 0.04375 0.890625 0.0453125 0.071875
40 0.4609375 0.67578125 0.0453125 0.071875
40 0.24921875 0.90078125 0.0453125 0.071875
40 0.4609375 0.9046875 0.0453125 0.071875
12 0.534375 0.44140625 0.0453125 0.071875
20 0.1109375 0.6671875 0.0453125 0.071875
21 0.3171875 0.67265625 0.0453125 0.071875
22 0.5265625 0.6734375 0.0453125 0.071875
27 0.1109375 0.89296875 0.0453125 0.071875
28 0.3171875 0.90078125 0.0453125 0.071875
40 0.68046875 0.44609375 0.0453125 0.071875
40 0.90078125 0.44609375 0.0453125 0.071875
40 0.67890625 0.678125 0.0453125 0.071875
40 0.89609375 0.68203125 0.0453125 0.071875
40 0.67578125 0.909375 0.0453125 0.071875
40 0.8890625 0.91171875 0.0453125 0.071875
13 0.74921875 0.44296875 0.0453125 0.071875
14 0.96796875 0.446875 0.0453125 0.071875
23 0.7484375 0.68046875 0.0484375 0.071875
24 0.965625 0.68125 0.0484375 0.075
30 0.7453125 0.9078125 0.0484375 0.071875
31 0.95859375 0.90859375 0.0484375 0.075