38 0.32201291802873566 0.4284214784317818 0.048873837235821685 0.0752818011314682
40 0.04697655659241717 0.42057157523376903 0.04887383723582165 0.07528180113146803
10 0.11417314695149679 0.42252496067419265 0.048873837235821636 0.0752818011314682
40 0.25795041802873564 0.4280487737095175 0.048873837235821685 0.0752818011314682
40 0.46733450838781526 0.43082938182618624 0.048873837235821685 0.0752818011314682
40 0.03972363455666078 0.6509903282588312 0.04887383723582166 0.07528180113146803
40 0.24600545081343944 0.6576590056573407 0.048873837235821685 0.07528180113146803
40 0.0300769655459665 0.8728016957452738 0.04887383723582165 0.07528180113146803
40 0.4554077218906783 0.6635646137740095 0.048873837235821685 0.0752818011314682
40 0.23561389323906362 0.8857158279642438 0.048873837235821685 0.07528180113146803
40 0.4473644594958423 0.8924163216195318 0.048873837235821685 0.07528180113146803
12 0.5368566680287357 0.42967140280522925 0.048873837235821685 0.0752818011314682
20 0.10534408937712096 0.6505908733401752 0.048873837235821685 0.0752818011314682
21 0.3116349959929793 0.6588220507386847 0.048873837235821685 0.0752818011314682
22 0.521019086352059 0.6616026588553534 0.048873837235821685 0.0752818011314682
27 0.09728264626412574 0.8763175811856975 0.04887383723582166 0.07528180113146803
28 0.30358264323906364 0.8861112585842068 0.048873837235821685 0.07528180113146803
40 0.6829867794650542 0.43677135137917344 0.048873837235821685 0.07528180113146803
40 0.9033038246445939 0.4388343420093996 0.048873837235821685 0.07528180113146803
40 0.6733991977883773 0.6687389688656162 0.048873837235821685 0.0752818011314682
40 0.8906139688656161 0.674690028777683 0.048873837235821324 0.07528180113146803
40 0.6614587757526209 0.8991304508134395 0.048873837235821685 0.07528180113146803
40 0.87476275165032 0.9042775348278074 0.048873837235821685 0.07528180113146803
13 0.7517185987468948 0.4340463271786767 0.048873837235821685 0.0752818011314682
14 0.9705004150036736 0.44078772744982314 0.048873837235821685 0.07528180113146803
23 0.7429440833269968 0.6714872398446592 0.05199883723582168 0.07529998184962743
24 0.9601452188656161 0.675094549756726 0.05201701795398108 0.07842498184962743
30 0.7317621853935414 0.8979770169720223 0.05199883723582168 0.07529998184962743
31 0.9450570709321606 0.9015616009863902 0.05201701795398108 0.07842498184962707