38 0.3213407523376911 0.4397486980541306 0.04729315651766246 0.07269320616851012
40 0.04634075233769105 0.44454884090939045 0.047293156517662416 0.07269320616851012
10 0.11352825233769107 0.4433760787345259 0.047293156517662416 0.07269320616851012
40 0.25728734269677067 0.4424294131510946 0.04729315651766246 0.07269320616851012
40 0.46664416197861147 0.435649758931749 0.047293156517662284 0.07269320616851012
40 0.05237362548147447 0.6757170202925394 0.047293156517662416 0.07269320616851012
40 0.2586236254814745 0.6721169131510946 0.04729315651766246 0.07269320616851012
40 0.056008206470780184 0.8975511099841139 0.047293156517662416 0.07269320616851047
40 0.4679986254814745 0.668462258931749 0.04729315651766246 0.07269320616851012
40 0.2615178630866385 0.9009958896121443 0.04729315651766246 0.07269320616851047
40 0.4732366130866385 0.8973003250843732 0.047293156517662284 0.07269320616851012
12 0.5361572312604522 0.4313110864484589 0.047293156517662284 0.0726932061685103
20 0.11798498994285504 0.6722277816566251 0.047293156517662416 0.07269320616851012
21 0.32424408030193463 0.6701901745151803 0.04729315651766246 0.07269320616851012
22 0.5336008995837754 0.6634105202958347 0.04729315651766246 0.07269320616851012
27 0.12320479682985981 0.8979408478092493 0.047293156517662416 0.07269320616851012
28 0.3294775227275588 0.8982469906678044 0.04729315651766246 0.07269320616851012
40 0.6822646167990716 0.4311047605566021 0.04729315651766246 0.07269320616851012
40 0.9025543909013727 0.4233529415646042 0.047293156517662284 0.07269320616851012
40 0.6859582851223949 0.6630951002481765 0.04729315651766246 0.07269320616851012
40 0.9031457851223947 0.6593040783340793 0.047293156517662284 0.07269320616851012
40 0.6880849082661783 0.8943314634787015 0.04729315651766246 0.07269320616851047
40 0.9013570679070988 0.8890461254119799 0.047293156517662284 0.07269320616851047
13 0.7509873457218328 0.4252172248427872 0.04729315651766246 0.07269320616851012
14 0.9697418909013727 0.4221801793897395 0.047293156517662284 0.07269320616851012
23 0.7554940803019348 0.6626626777648864 0.05042724687674216 0.07431025324641087
24 0.9726679447633153 0.6565279058507892 0.050445427594901206 0.07743525324641087
30 0.757597977548019 0.8899927909954112 0.05042724687674198 0.07431025324641069
31 0.9708655920093996 0.88392620292869 0.050445427594901206 0.07743525324641069