38 0.3171875 0.4328125 0.0453125 0.0734375
40 0.0421875 0.4359375 0.0453125 0.0734375
10 0.109375 0.43515625 0.0453125 0.0734375
40 0.253125 0.43515625 0.0453125 0.0734375
40 0.4625 0.4296875 0.0453125 0.0734375
40 0.04140625 0.6671875 0.0453125 0.0734375
40 0.24765625 0.66484375 0.0453125 0.0734375
40 0.03828125 0.8890625 0.0453125 0.0734375
40 0.45703125 0.6625 0.0453125 0.0734375
40 0.24375 0.89375 0.0453125 0.0734375
40 0.45546875 0.89140625 0.0453125 0.0734375
12 0.53203125 0.42578125 0.0453125 0.0734375
20 0.10703125 0.6640625 0.0453125 0.0734375
21 0.31328125 0.66328125 0.0453125 0.0734375
22 0.52265625 0.6578125 0.0453125 0.0734375
27 0.10546875 0.88984375 0.0453125 0.0734375
28 0.31171875 0.89140625 0.0453125 0.0734375
40 0.678125 0.4265625 0.0453125 0.0734375
40 0.8984375 0.41953125 0.0453125 0.0734375
40 0.675 0.65859375 0.0453125 0.0734375
40 0.8921875 0.65625 0.0453125 0.0734375
40 0.6703125 0.88984375 0.0453125 0.0734375
40 0.88359375 0.8859375 0.0453125 0.0734375
13 0.746875 0.42109375 0.0453125 0.0734375
14 0.965625 0.41875 0.0453125 0.0734375
23 0.74453125 0.65859375 0.0484375 0.0734375
24 0.96171875 0.653125 0.0484375 0.0765625
30 0.73984375 0.8859375 0.0484375 0.0734375
31 0.953125 0.88046875 0.0484375 0.0765625