38 0.3416714330558503 0.44251914204777626 0.05199883723582168 0.07590002678536116
40 0.06669870413308913 0.4520067849030361 0.05199883723582166 0.07590002678536116
10 0.13309586377400953 0.44928515949764664 0.05199883723582164 0.07590002678536116
40 0.2776271137740095 0.4467623571447401 0.05199883723582168 0.07590002678536116
40 0.48617541197861147 0.4353088396948698 0.05199883723582168 0.07590002678536116
40 0.08678953209733276 0.6821482524356319 0.05199883723582164 0.07590002678536116
40 0.29224010137917356 0.6754367820636623 0.05199883723582168 0.07590002678536116
40 0.10526786308663846 0.9037232435071783 0.05199883723582164 0.07590002678536116
40 0.5023736254814745 0.6678622410748416 0.05199883723582168 0.07590002678536116
40 0.3107502486252579 0.9024805231352084 0.05199883723582168 0.07590002678536116
40 0.5224553630866385 0.8964412086074376 0.05199883723582168 0.07590002678536152
12 0.5549072312604523 0.43098380398105485 0.05199883723582168 0.07590002678536116
20 0.1516105561996337 0.6771101505691929 0.05199883723582164 0.07590002678536116
21 0.3586327158405541 0.6719339066582728 0.05199883723582168 0.07590002678536116
22 0.5679713544042355 0.6620292524389273 0.05199883723582168 0.07590002678536116
27 0.17167865826617829 0.9033453681017889 0.05199883723582168 0.07590002678536152
28 0.3787099082661783 0.8997316241908688 0.05199883723582168 0.07590002678536152
40 0.7017776860809124 0.42763884131972285 0.05199883723582168 0.07590002678536116
40 0.9220447342855144 0.41598077232772496 0.05199883723582168 0.07590002678536116
40 0.7203105592246958 0.6585888323912691 0.05199883723582168 0.07590002678536116
40 0.9374753333269968 0.6508915604771719 0.05199883723582168 0.07590002678536116
40 0.7372809323684792 0.8895660970017657 0.05199883723582168 0.07590002678536116
40 0.9513161612912404 0.8811421221655692 0.05199883723582168 0.07590002678536152
13 0.7704958698241338 0.42097005560590794 0.05199883723582168 0.07590002678536116
14 0.9816118626542618 0.4125733543086617 0.036776274691476374 0.07411933847375848
23 0.7898418092246958 0.657375159907979 0.05356133723582168 0.07592730032431164
24 0.9893180718159236 0.6460443733833852 0.021363856368152766 0.07699887662320534
30 0.8067894564707802 0.8844461745184755 0.05356133723582168 0.07592730032431164
31 0.9962316680287356 0.8740602792275837 0.0075366639425286765 0.07678068831160303