29 0.2502327031701402 0.9 0.050445427594901206 0.0765625
40 0.17955412715080415 0.42578125 0.05044542759490125 0.0765625
40 0.398308672330344 0.425 0.050445427594901296 0.0765625
40 0.6170768530485032 0.421875 0.050445427594901206 0.0765625
40 0.17817239257070228 0.66328125 0.05044542759490125 0.0765625
40 0.3961411425707023 0.66328125 0.050445427594901296 0.0765625
40 0.6219133022116227 0.66484375 0.050445427594901206 0.0765625
40 0.1791389531701402 0.9 0.05044542759490125 0.0765625
40 0.3971031579906004 0.90078125 0.050445427594901206 0.0765625
40 0.6182059983496799 0.89921875 0.050445427594901206 0.0765625
12 0.2522285578689634 0.42265625 0.050445427594901296 0.0765625
13 0.4701791271508041 0.42578125 0.050445427594901206 0.0765625
14 0.6881660578689635 0.42265625 0.050445427594901206 0.0765625
22 0.24692239257070225 0.66328125 0.050445427594901206 0.0765625
23 0.4695831877502421 0.6625 0.050445427594901206 0.0765625
24 0.6899002329297819 0.66171875 0.050445427594901206 0.0765625
30 0.47134008870875965 0.89765625 0.050445427594901206 0.0765625
40 0.6900764531701402 0.9 0.050445427594901206 0.0765625
40 0.8420632175098838 0.42421875 0.050445427594901206 0.0765625
40 0.8408758838882994 0.896875 0.050445427594901206 0.0765625
32 0.9103980435292197 0.8984375 0.05044542759490156 0.0765625
16 0.9092825337666625 0.41875 0.050445427594901206 0.0765625