29 0.2484375 0.8953125 0.0484375 0.075
40 0.18359375 0.4203125 0.0484375 0.075
40 0.40234375 0.4234375 0.0484375 0.075
40 0.62109375 0.42421875 0.0484375 0.075
40 0.17890625 0.6578125 0.0484375 0.075
40 0.396875 0.66171875 0.0484375 0.075
40 0.62265625 0.6671875 0.0484375 0.075
40 0.17734375 0.89453125 0.0484375 0.075
40 0.3953125 0.89921875 0.0484375 0.075
40 0.61640625 0.9015625 0.0484375 0.075
12 0.25625 0.41875 0.0484375 0.075
13 0.47421875 0.425 0.0484375 0.075
14 0.6921875 0.42578125 0.0484375 0.075
22 0.24765625 0.65859375 0.0484375 0.075
23 0.4703125 0.66171875 0.0484375 0.075
24 0.690625 0.66484375 0.0484375 0.075
30 0.46953125 0.896875 0.0484375 0.075
40 0.68828125 0.903125 0.0484375 0.075
40 0.84609375 0.43046875 0.0484375 0.075
40 0.8390625 0.903125 0.0484375 0.075
32 0.90859375 0.90546875 0.0484375 0.075
16 0.91328125 0.42578125 0.0484375 0.075