23 0.16919524837185163 0.696875 0.05928527110331836 0.084375
40 0.0933458145244758 0.69296875 0.05928527110331836 0.084375
40 0.10792037783443084 0.94609375 0.05928527110331836 0.084375
40 0.08340420413662002 0.43671875 0.05928527110331836 0.084375
40 0.3195189821397972 0.446875 0.05928527110331831 0.084375
40 0.33177706898870263 0.7015625 0.05928527110331831 0.084375
40 0.34170504260708323 0.95703125 0.05928527110331831 0.084375
40 0.5556201233734993 0.45625 0.05928527110331831 0.084375
40 0.5639719602224047 0.7109375 0.05928527110331831 0.084375
40 0.5777243632239342 0.96171875 0.05914890340856651 0.0765625
13 0.16236500121452072 0.43984375 0.05928527110331836 0.084375
14 0.39690364244822274 0.44921875 0.0592852711033184 0.084375
16 0.6298525101429744 0.45703125 0.05928527110331831 0.084375
24 0.40916172929712824 0.70390625 0.05928527110331849 0.084375
30 0.1845510616818067 0.95 0.05928527110331836 0.084375
31 0.41907606614603354 0.95859375 0.059257997564368024 0.0828125
32 0.6550953867628846 0.96328125 0.05909435633066593 0.0734375
42 0.6445225308392557 0.715625 0.05928527110331849 0.084375
15 0.7234696911476812 0.71796875 0.06092959172016954 0.0890625
40 0.7885144439903502 0.4609375 0.06092959172016954 0.0890625
40 0.8829265117645324 0.72265625 0.060929591720169186 0.0890625
17 0.8721627410682509 0.4640625 0.060929591720169186 0.0890625
24 0.962668558842433 0.72578125 0.060929591720169186 0.0890625
40 0.815278910301835 0.96484375 0.06060230925276535 0.0703125
33 0.8949936838407855 0.96640625 0.06054776217486477 0.0671875