40 0.42526063787631047 0.45011519213103657 0.05359769867214013 0.08155907220870695
17 0.5002697282353901 0.4521140293668582 0.05359769867214013 0.08155907220870695
40 0.1923935957218328 0.4393857286281736 0.05359769867214013 0.08155907220870695
16 0.2689606409013726 0.44061240622307485 0.05359769867214013 0.08155907220870695
40 0.6565379089535494 0.45614806527482 0.05359769867214013 0.08155907220870695
18 0.7315606348512483 0.4604906525106417 0.05359769867214013 0.08155907220870695
40 0.18136623389273082 0.6924380057555366 0.05359769867214013 0.08155907220870695
40 0.4931349808676687 0.7028452823919202 0.05359769867214013 0.08155907220870695
40 0.17734285098639005 0.940843689498758 0.05359769867214013 0.08155907220870695
40 0.4109820527817882 0.9500151981811609 0.05359769867214013 0.08155907220870731
40 0.6446348901158057 0.9603754603796052 0.05359769867214013 0.07924907924078965
42 0.26496907425181043 0.6944868399662962 0.05359769867214013 0.08155907220870695
15 0.33841566461089007 0.6964765868430381 0.05672269867214012 0.08157725292686635
24 0.5712690712267483 0.7048623003459011 0.05672269867214012 0.08157725292686635
17 0.6478315712267484 0.7053077279408025 0.05672269867214012 0.08157725292686635
32 0.25468660098639007 0.9412936622731991 0.05672269867214012 0.08157725292686635
33 0.4891161431408678 0.9520322161351416 0.05672269867214012 0.08157725292686635
34 0.7227462545771862 0.9594262991770556 0.05672269867214012 0.08114740164588881
40 0.8940879059284873 0.46612354985492194 0.05672269867214012 0.08157725292686635
40 0.8080514537403056 0.7171769897464634 0.05672269867214012 0.08157725292686635
40 0.8759030708339648 0.963387351771957 0.056704517953981085 0.07322529645608604
19 0.9698600655694076 0.46500193227028336 0.05672269867214012 0.08157725292686617
25 0.8854042940993854 0.7191894625209043 0.05672269867214012 0.08157725292686635
36 0.9571621611930444 0.965186201108027 0.056686337235821685 0.06962759778394592