40 0.421875 0.44430978994272985 0.0515625 0.08028748400699967
17 0.496875 0.4434370859325486 0.0515625 0.08028748400699967
40 0.1890625 0.44155005864100116 0.0515625 0.08028748400699967
16 0.265625 0.4398779232972744 0.0515625 0.08028748400699967
40 0.653125 0.4424002025780041 0.0515625 0.08028748400699967
18 0.728125 0.44387124856782273 0.0515625 0.08028748400699967
40 0.18046875 0.6947750559755012 0.0515625 0.08028748400699967
40 0.4921875 0.6942728799331849 0.0515625 0.08028748400699967
40 0.1796875 0.9432216466422739 0.0515625 0.08028748400699967
40 0.41328125 0.9444097872772298 0.0515625 0.08028748400699967
40 0.646875 0.9479416779121859 0.0515625 0.08028748400699967
42 0.2640625 0.6938023546308199 0.0515625 0.08028748400699967
15 0.3375 0.6937290819541839 0.0546875 0.0803238466740904
24 0.5703125 0.6933638132559127 0.0546875 0.08032384667409058
17 0.646875 0.6916916779121858 0.0546875 0.08032384667409058
32 0.25703125 0.9415404206317742 0.0546875 0.08032384667409076
33 0.49140625 0.9435007205999575 0.0546875 0.08032384667409076
34 0.725 0.9431263612349137 0.0546875 0.0803238466740904
40 0.890625 0.4435428898790965 0.0546875 0.0803238466740904
40 0.8078125 0.6976315005570051 0.0546875 0.08032384667409058
40 0.87890625 0.9460229998806874 0.0546875 0.08032384667409076
19 0.96640625 0.4403173452021424 0.0546875 0.08032384667409058
25 0.88515625 0.6967315245465056 0.0546875 0.08032384667409058
36 0.96015625 0.9474213205363242 0.0546875 0.0803238466740904