40 0.421875 0.44921875 0.0515625 0.0796875
17 0.496875 0.44921875 0.0515625 0.0796875
40 0.1890625 0.44375 0.0515625 0.0796875
16 0.265625 0.44296875 0.0515625 0.0796875
40 0.653125 0.45 0.0515625 0.0796875
18 0.728125 0.45234375 0.0515625 0.0796875
40 0.18046875 0.696875 0.0515625 0.0796875
40 0.4921875 0.7 0.0515625 0.0796875
40 0.1796875 0.9453125 0.0515625 0.0796875
40 0.41328125 0.94921875 0.0515625 0.0796875
40 0.646875 0.95546875 0.0515625 0.0796875
42 0.2640625 0.696875 0.0515625 0.0796875
15 0.3375 0.69765625 0.0546875 0.0796875
24 0.5703125 0.7 0.0546875 0.0796875
17 0.646875 0.69921875 0.0546875 0.0796875
32 0.25703125 0.94453125 0.0546875 0.0796875
33 0.49140625 0.94921875 0.0546875 0.0796875
34 0.725 0.9515625 0.0546875 0.0796875
40 0.890625 0.45390625 0.0546875 0.0796875
40 0.8078125 0.70703125 0.0546875 0.0796875
40 0.87890625 0.95625 0.0546875 0.0796875
19 0.96640625 0.4515625 0.0546875 0.0796875
25 0.88515625 0.70703125 0.0546875 0.0796875
36 0.96015625 0.95859375 0.0546875 0.0796875