24 0.1359375 0.70078125 0.0578125 0.0859375
40 0.2140625 0.453125 0.0578125 0.0859375
40 0.05703125 0.69765625 0.0578125 0.0859375
17 0.21640625 0.7046875 0.0578125 0.0859375
40 0.44765625 0.46328125 0.0578125 0.0859375
40 0.3734375 0.71484375 0.0578125 0.0859375
40 0.609375 0.72265625 0.0578125 0.0859375
40 0.221875 0.9546875 0.0578125 0.0859375
40 0.46015625 0.96171875 0.0578125 0.0765625
18 0.28984375 0.459375 0.0578125 0.0859375
19 0.525 0.4640625 0.0578125 0.0859375
25 0.45078125 0.71484375 0.0578125 0.0859375
56 0.68671875 0.72734375 0.0578125 0.0859375
34 0.3 0.95625 0.0578125 0.0859375
36 0.534375 0.96328125 0.0578125 0.0734375