24 0.12041509835411142 0.6870306213481997 0.05674087939029935 0.08535684740221221
40 0.2064697312604522 0.4370658031669806 0.05674087939029935 0.08535684740221221
40 0.0414997579950318 0.6868454350651918 0.056740879390299356 0.08535684740221221
17 0.20168782425181045 0.689518647322782 0.05674087939029935 0.08535684740221221
40 0.4400998426967707 0.4392384090939048 0.05674087939029935 0.08535684740221221
40 0.35875543568812895 0.6930276566582728 0.05674087939029935 0.08535684740221221
40 0.594715661585828 0.6928156022767714 0.05674087939029935 0.08535684740221221
40 0.1984547817045493 0.939600467939633 0.05674087939029935 0.08535684740221221
40 0.4359911431408678 0.9417048900191813 0.05674087939029935 0.08535684740221221
18 0.28227825233769105 0.44043053652788916 0.05674087939029935 0.08535684740221221
19 0.5174390475172308 0.43710711891586296 0.05674087939029935 0.08535684740221221
25 0.43609464050858915 0.690896366480231 0.05674087939029935 0.08535684740221221
56 0.6720775923039872 0.6945905620987297 0.05674087939029935 0.08535684740221221
34 0.27657978170454933 0.9382367909921161 0.05674087939029935 0.08535684740221257
36 0.5110002334999474 0.941958260149565 0.05674087939029935 0.08535684740221221