24 0.1247308972390498 0.6953039305217675 0.06039315467854491 0.0878454336450254
40 0.20962570727245736 0.44968742437344744 0.06039315467854491 0.0878454336450254
40 0.045879191239686125 0.6901573673882468 0.06039315467854491 0.0878454336450254
17 0.20435476257164073 0.701236288834828 0.06039315467854491 0.0878454336450254
40 0.44305582527054826 0.4651089330558502 0.060393154678545 0.0878454336450254
40 0.36124056190327714 0.7146498699223296 0.06039315467854482 0.0878454336450254
40 0.5970417019016864 0.7277412641433518 0.060393154678545 0.0878454336450254
40 0.20300824920436958 0.9512453791939077 0.06039315467854491 0.0878454336450254
40 0.4411622298695514 0.9621669710655183 0.06028406667727211 0.07566605786896333
18 0.2853251412715029 0.4571595567888089 0.06039315467854491 0.0878454336450254
19 0.5203723032702301 0.46790265583029134 0.060393154678545 0.0878454336450254
25 0.4385661305697317 0.7166623426967706 0.060393154678545 0.0878454336450254
56 0.6743127265675046 0.734441236917793 0.060393154678545 0.0878454336450254
34 0.2811059772040514 0.9540436471478884 0.06039315467854491 0.0878454336450254
36 0.5153537078692333 0.9647266170936593 0.06022952267663584 0.0705467658126814