24 0.13943956452447578 0.6914869713160462 0.05772277110331836 0.08502952800763594
40 0.21631216152294624 0.43976029197168315 0.05772277110331832 0.08502952800763594
40 0.060560588063426124 0.6939676286600912 0.05772277110331836 0.08502952800763594
17 0.22071683806342612 0.6921040419716832 0.05772277110331832 0.08502952800763594
40 0.4498650012145207 0.4346984326066391 0.05772277110331832 0.08502952800763594
40 0.37776172483290127 0.691058067950366 0.05772277110331832 0.08502952800763594
40 0.6136310409855255 0.6844064365850038 0.05772277110331832 0.08502952800763594
40 0.22820560429548048 0.9420676793045922 0.05772277110331832 0.08502952800763594
40 0.46566469398705496 0.9369603666056847 0.05772277110331849 0.08502952800763594
18 0.2921343218313718 0.44122224729472903 0.05772277110331832 0.08502952800763594
19 0.5271542041366201 0.43067345659613954 0.05772277110331832 0.08502952800763594
25 0.4550372909855255 0.6862518419398664 0.05772277110331832 0.08502952800763594
56 0.6909747909855255 0.6835064605745043 0.05772277110331832 0.08502952800763594
34 0.30628969398705497 0.93881486262732 0.05772277110331832 0.08502952800763594
36 0.5406510572175798 0.9353064125955033 0.05772277110331832 0.08502952800763594