24 0.12421875 0.68671875 0.0546875 0.0828125
40 0.209375 0.43671875 0.0546875 0.0828125
40 0.0453125 0.68671875 0.0546875 0.0828125
17 0.20546875 0.6890625 0.0546875 0.0828125
40 0.44296875 0.4390625 0.0546875 0.0828125
40 0.3625 0.69296875 0.0546875 0.0828125
40 0.5984375 0.69296875 0.0546875 0.0828125
40 0.20390625 0.9390625 0.0546875 0.0828125
40 0.44140625 0.94140625 0.0546875 0.0828125
18 0.28515625 0.440625 0.0546875 0.0828125
19 0.5203125 0.43671875 0.0546875 0.0828125
25 0.43984375 0.690625 0.0546875 0.0828125
56 0.67578125 0.69453125 0.0546875 0.0828125
34 0.28203125 0.93828125 0.0546875 0.0828125
36 0.51640625 0.94140625 0.0546875 0.0828125