44 0.3201378072274657 0.4985165792886839 0.060820497564368026 0.08350339067472703
37 0.2292299837679456 0.247281890634956 0.060820497564368026 0.08350339067472694
38 0.3886868043847966 0.24073989461332063 0.060820497564368026 0.08350339067472685
39 0.5481572617711228 0.23341664859168526 0.060820497564368026 0.08350339067472685
41 0.7014049926963993 0.22460362790423166 0.060820497564368026 0.08350339067472685
43 0.8600669265437751 0.21885197254936903 0.059257997564368024 0.08348520934118149
42 0.24198553368851536 0.5009881459659561 0.060820497564368026 0.08350339067472685
53 0.47645599107484154 0.49279219593413937 0.060820497564368026 0.08350339067472703
46 0.5554304249222174 0.4879677885900945 0.060820497564368026 0.08350339067472703
55 0.7109537220001181 0.4830337459023227 0.060820497564368026 0.08350339067472685
56 0.8680804293864443 0.4757377718810055 0.060820497564368026 0.08350339067472703
66 0.25171154099541126 0.7492620139640471 0.062410271103318316 0.0850840720082724