44 0.3109375 0.51015625 0.0578125 0.084375
37 0.23828125 0.24921875 0.0578125 0.084375
38 0.3984375 0.26328125 0.0578125 0.084375
39 0.55703125 0.27421875 0.0578125 0.084375
41 0.71015625 0.28515625 0.0578125 0.084375
43 0.86796875 0.29765625 0.05625 0.0828125
42 0.234375 0.50390625 0.0578125 0.084375
53 0.4671875 0.5234375 0.0578125 0.084375
46 0.54609375 0.528125 0.0578125 0.084375
55 0.7015625 0.54375 0.0578125 0.084375
56 0.85859375 0.5546875 0.0578125 0.084375
66 0.225 0.75234375 0.0578125 0.0859375