44 0.3198968575451867 0.5168993353755436 0.06087504464226869 0.08662839067472686
37 0.23802570007943027 0.256624359365044 0.06087504464226878 0.08662839067472694
38 0.39915411485208263 0.2694345367202248 0.06087504464226869 0.08662839067472686
39 0.5578978693163095 0.27987369207508744 0.0608750446422686 0.08662839067472694
41 0.7111592370110612 0.28946796276254105 0.0608750446422686 0.08662839067472686
43 0.8691490150142386 0.30146052745063096 0.05928527110331814 0.08504770934118148
42 0.24325253692833568 0.5113209500318167 0.06087504464226878 0.08662839067472702
53 0.47711902231783904 0.5296640593968608 0.0608750446422686 0.08662839067472702
46 0.5560798193957398 0.5337072167409056 0.0608750446422686 0.08662839067472702
55 0.7117667577073424 0.5480162594286775 0.0608750446422686 0.08662839067472686
56 0.8689480121715694 0.5584372334499946 0.0608750446422686 0.08662839067472702
66 0.2429015296214397 0.7597039060311803 0.06090231818121907 0.08819089067472685