44 0.32600188027406213 0.4973052294137405 0.058285198672140125 0.08158634328594587
37 0.2368540636245 0.24392622024035832 0.058285198672140125 0.08158634328594587
38 0.39623815398357964 0.24143650361423727 0.058285198672140125 0.08158634328594587
39 0.5556313347017389 0.23738428698811628 0.058285198672140125 0.08158634328594587
41 0.708779060599438 0.23258718179831375 0.058285198672140125 0.08158634328594587
43 0.8673819009585175 0.23010201035173256 0.05672269867214012 0.08157725292686617
42 0.24787688027406213 0.49775974736772133 0.058285198672140125 0.08158634328594587
53 0.482256425453602 0.4956149435057787 0.058285198672140125 0.08158634328594587
46 0.5611808561717612 0.49203088037225806 0.058285198672140125 0.08158634328594587
55 0.7166496061717612 0.491126389643836 0.058285198672140125 0.08158634328594587
56 0.8736990368899205 0.48708780855633443 0.058285198672140125 0.08158634328594587
66 0.2558019680008631 0.7469239552132436 0.059856789031219736 0.0831579336450254