44 0.31691006806967864 0.5187086842511176 0.06037497334499946 0.08697389448011279
37 0.2365482167011348 0.2579836440730758 0.06037497334499946 0.08697389448011297
38 0.39761298603595285 0.2717303185849609 0.06037497334499946 0.08697389448011297
39 0.5563067333704528 0.2830923327884204 0.06037497334499946 0.08697389448011297
41 0.7095226400381801 0.29357763960555366 0.06037497334499946 0.08697389448011297
43 0.8674533187062256 0.306488517039538 0.05879429201145427 0.0853841209411625
42 0.24029302406904227 0.512684780842551 0.06037497334499946 0.08697389448011279
53 0.4740685874044967 0.5323871749156268 0.06037497334499946 0.08697389448011297
46 0.5530112000715877 0.536889488632619 0.06037497334499946 0.08697389448011279
55 0.7086254007399512 0.5521032057581778 0.06037497334499946 0.08697389448011297
56 0.8657566480744512 0.563437946422687 0.06037497334499946 0.08697389448011279
66 0.23849635610276798 0.7610404602256999 0.06039315467854491 0.08853639448011297