55 0.2125 0.5140625 0.05625 0.0859375
39 0.04921875 0.26171875 0.05625 0.0859375
41 0.2 0.26640625 0.05625 0.0859375
46 0.0609375 0.51015625 0.05625 0.0859375
45 0.50390625 0.278125 0.05625 0.0859375
43 0.3546875 0.2734375 0.05625 0.0859375
46 0.65546875 0.28203125 0.05625 0.0859375
47 0.8046875 0.28984375 0.05625 0.0859375
48 0.95390625 0.29453125 0.0546875 0.0859375
56 0.36796875 0.51953125 0.05625 0.0859375
57 0.51640625 0.52265625 0.05625 0.0859375
58 0.66796875 0.52734375 0.05625 0.0859375
59 0.81796875 0.53203125 0.05625 0.0859375
60 0.96796875 0.5375 0.05625 0.0859375