55 0.2095365429400446 0.510611288834828 0.05832156010845857 0.08783634328594588
39 0.05164781664956212 0.254215322208707 0.05832156010845859 0.08783634328594588
41 0.20238816003370386 0.2621237918598901 0.05832156010845857 0.08783634328594588
46 0.0580149495559029 0.502698274004105 0.05832156010845859 0.08783634328594588
45 0.506194416083828 0.2810793667008758 0.05832156010845857 0.08783634328594588
43 0.3570165726996863 0.27317998740877225 0.05832156010845857 0.08783634328594588
46 0.6577160094679698 0.2889923815315987 0.05832156010845857 0.08783634328594588
47 0.8068756721339522 0.3000167608237022 0.05832156010845857 0.08783634328594588
48 0.956053515518094 0.30791614011580565 0.05675906010845857 0.08782725292686626
56 0.3649598411446465 0.5193282795632499 0.05832156010845857 0.08783634328594588
57 0.5125842748878678 0.5256560684962739 0.05832156010845857 0.08783634328594588
58 0.6641013230924698 0.5343503333269968 0.05832156010845857 0.08783634328594588
59 0.8140604164766115 0.5422542577986401 0.05832156010845857 0.08783634328594588
60 0.9640149646812134 0.5509394322702834 0.05832156010845857 0.08783634328594588