55 0.22243152231783903 0.5254595840143678 0.06090231818121907 0.0878454336450254
39 0.04624730316368535 0.2775846445156099 0.06090231818121904 0.08784543364502548
41 0.19702855316368534 0.27846186416679297 0.06090231818121903 0.08784543364502548
46 0.0708962958567894 0.5261403191836449 0.06090231818121903 0.0878454336450254
45 0.5009484399331605 0.2810111890077786 0.06090231818121907 0.08784543364502548
43 0.3517433267026357 0.28092430971567517 0.06090231818121907 0.08784543364502548
46 0.6524836663942102 0.2803304538385015 0.06090231818121907 0.08784543364502548
47 0.8017569634721108 0.2843235831306051 0.06090231818121907 0.0878454336450254
48 0.9509620767026357 0.2844104624227085 0.05933981818121907 0.08783634328594588
56 0.377900272317839 0.5263640747427898 0.06090231818121907 0.0878454336450254
57 0.5262968620094135 0.5248839088553534 0.06090231818121907 0.0878454336450254
58 0.6778457252399384 0.5249844236860763 0.06090231818121907 0.0878454336450254
59 0.8278457252399385 0.5258570981577197 0.06090231818121907 0.0878454336450254
60 0.9736972830746644 0.526729772629363 0.05260543385067109 0.0878454336450254