55 0.19609375 0.4905630073599533 0.0578125 0.08504770934118148
39 0.0484375 0.24353237133990877 0.0578125 0.08504770934118148
41 0.19921875 0.24372437002704422 0.0578125 0.08504770934118148
46 0.04375 0.4911340773392725 0.0578125 0.08504770934118148
45 0.50390625 0.2464884800684059 0.0578125 0.08504770934118148
43 0.35390625 0.24630557204804324 0.0578125 0.08504770934118148
46 0.65546875 0.24590831942231411 0.0578125 0.08504770934118148
47 0.80390625 0.24841679610913134 0.0578125 0.08504770934118148
48 0.95390625 0.250162204129494 0.0546875 0.08501134667409058
56 0.35078125 0.49080045938095235 0.0578125 0.08504770934118148
57 0.5 0.4909742767345423 0.0578125 0.08504770934118148
58 0.65078125 0.4903850254216778 0.0578125 0.08504770934118148
59 0.80234375 0.4913673647755859 0.0578125 0.08504770934118148
60 0.95078125 0.4930945914624031 0.0578125 0.08504770934118148