55 0.19890267095560188 0.4805307426400466 0.05673178903121974 0.08346702800763595
39 0.05449309904148247 0.23453808465945486 0.05673178903121974 0.08346702800763603
41 0.20527889422102227 0.23356483597231942 0.05673178903121974 0.08346702800763595
46 0.04655892095560188 0.4823034226607275 0.05673178903121974 0.08346702800763595
45 0.5099936652982612 0.23470697593095774 0.05673178903121965 0.08346702800763603
43 0.3599891201187213 0.2356711339513204 0.05673178903121974 0.08346702800763595
46 0.661560710477801 0.23372463657704956 0.05673178903121965 0.08346702800763603
47 0.8100163911959601 0.2351224098902323 0.05673178903121965 0.08346702800763595
48 0.9600300267345796 0.23572075186986963 0.05360678903121965 0.08343066534054513
56 0.3535992613146815 0.4802932906190476 0.05673178903121974 0.08346702800763595
57 0.5028225564942213 0.47933822326545766 0.05673178903121965 0.08346702800763595
58 0.6536038064942213 0.4775837245783222 0.05673178903121965 0.08346702800763595
59 0.8051799420328407 0.4781638852244141 0.05673178903121965 0.08346702800763595
60 0.95363107757146 0.4787804085375969 0.05673178903121965 0.08346702800763595