57 0.02933225953900938 0.533026123438371 0.05866451907801876 0.08941702400410509
58 0.18608040706530993 0.5300425448849522 0.06249209172016936 0.08941702400410492
59 0.3431798409126857 0.5270498759724538 0.06249209172016936 0.08941702400410509
60 0.4955235909126857 0.5279361859827165 0.06249209172016936 0.08941702400410509
61 0.6549667747600616 0.5249571526088375 0.06249209172016936 0.08941702400410509
62 0.8081054115295367 0.5250667577986401 0.06249209172016954 0.08941702400410509
63 0.9526775718379621 0.5235638660135047 0.053117091720169186 0.08936248184962743
45 0.03493451298893881 0.28148180415653024 0.06249209172016938 0.08941702400410509
46 0.19278792329736433 0.2800561804235716 0.06249209172016936 0.08941702400410509
47 0.34903792329736427 0.2809652163315334 0.06249209172016936 0.08941702400410509
48 0.5053288336057898 0.2795305022394952 0.06249209172016936 0.08941702400410509
49 0.6553833806836905 0.27727817671113847 0.06249209172016936 0.08941702400410509
50 0.8101527013005416 0.27349062226002063 0.06087504464226896 0.08628293364502548
51 0.9554515645310662 0.27511727565442506 0.05624209172016918 0.08938066256778665