57 0.03981856244614965 0.5323852386616821 0.06145565046753822 0.08977157200827221
58 0.1983895865484506 0.5266335833068194 0.061455650467538224 0.08977157200827221
59 0.35539811065075155 0.5209001092855022 0.06145565046753818 0.08977157200827239
60 0.5077418606507516 0.5191274292648214 0.06145565046753809 0.08977157200827239
61 0.6670941347530526 0.513366683243186 0.06145565046753827 0.08977157200827221
62 0.8202145895735127 0.5108036625557324 0.06145565046753809 0.08977157200827221
63 0.9647322040348932 0.5067781392027787 0.052080650467538445 0.08966248400699968
45 0.041480014634331194 0.28078637599459116 0.06145565046753822 0.08977157200827239
46 0.19927887909571176 0.27660631130650126 0.06145565046753818 0.08977157200827239
47 0.35552887909571174 0.27478817795195676 0.06145565046753818 0.08977157200827239
48 0.5117652435570923 0.2706262945974123 0.06145565046753809 0.08977157200827239
49 0.661747062838933 0.2657558865770496 0.06145565046753809 0.08977157200827239
50 0.8164072917616941 0.2592684345560506 0.059874969749379045 0.08662839067472686
51 0.9617243369412339 0.2583588205363242 0.05520565046753845 0.08969884667409059