57 0.03602632006740768 0.5223295333386362 0.05833974082661784 0.09129770934118149
58 0.193902452580965 0.513228348026726 0.05833974082661784 0.09129770934118149
59 0.3517831302740621 0.5033459127148159 0.05833974082661779 0.09129770934118149
60 0.5041677868899204 0.4980873427354968 0.05833974082661779 0.09129770934118149
61 0.6628251694034777 0.48899524809035955 0.05833974082661797 0.09129770934118149
62 0.8152189163784156 0.48217417811104035 0.05833974082661797 0.09129770934118149
63 0.961371753712433 0.4737178827975394 0.04896474082661797 0.09118862133990877
45 0.04374441305876594 0.2700585086728179 0.05833974082661784 0.09129770934118149
46 0.20160691003370382 0.2633010733609078 0.05833974082661779 0.09129770934118149
47 0.35712111182910194 0.2572976160486796 0.05833974082661779 0.09129770934118149
48 0.5134301991631194 0.2489594994032241 0.05833974082661797 0.09129770934118149
49 0.6634847413175972 0.24132990742358676 0.05833974082661779 0.09129770934118149
50 0.8190262141902341 0.23063895011135851 0.05833065046753809 0.08973520934118148
51 0.963584735267473 0.22763322346431214 0.05208974082661797 0.09122498400699967