57 0.0359375 0.525 0.059375 0.0875
58 0.19453125 0.5234375 0.059375 0.0875
59 0.3515625 0.52265625 0.059375 0.0875
60 0.50390625 0.525 0.059375 0.0875
61 0.66328125 0.52421875 0.059375 0.0875
62 0.81640625 0.52578125 0.059375 0.0875
63 0.96171875 0.52578125 0.05 0.0875
45 0.04375 0.2734375 0.059375 0.0875
46 0.2015625 0.2734375 0.059375 0.0875
47 0.3578125 0.2765625 0.059375 0.0875
48 0.5140625 0.2765625 0.059375 0.0875
49 0.6640625 0.2765625 0.059375 0.0875
50 0.81875 0.27421875 0.0578125 0.084375
51 0.9640625 0.27734375 0.053125 0.0875