57 0.0390625 0.5140625 0.05625 0.0890625
58 0.196875 0.50546875 0.05625 0.0890625
59 0.3546875 0.496875 0.05625 0.0890625
60 0.50703125 0.4921875 0.05625 0.0890625
61 0.665625 0.484375 0.05625 0.0890625
62 0.81875 0.478125 0.05625 0.0890625
63 0.96484375 0.4703125 0.046875 0.0890625
45 0.04921875 0.26171875 0.05625 0.0890625
46 0.20703125 0.25546875 0.05625 0.0890625
47 0.36328125 0.25078125 0.05625 0.0890625
48 0.51953125 0.24296875 0.05625 0.0890625
49 0.66953125 0.23671875 0.05625 0.0890625
50 0.825 0.2265625 0.05625 0.0875
51 0.96953125 0.22421875 0.05 0.0890625