60 0.10241893452878825 0.526059713879148 0.06148292154477706 0.09481366801906325
61 0.2790087056060271 0.5244541237805364 0.06148292154477701 0.09481366801906325
62 0.44774961524694745 0.528962165987173 0.06144656010845857 0.08856366801906326
63 0.6180530248878678 0.5334974817327601 0.06144656010845857 0.08856366801906326
64 0.7891649556060271 0.5333589342478223 0.06144656010845857 0.08856366801906326
65 0.9540223411446466 0.5338925426070833 0.06144656010845857 0.08856366801906326
48 0.1032512232654204 0.2487023271096728 0.06148292154477706 0.09481366801906325
49 0.2790370184449602 0.25098935024158603 0.06144656010845857 0.08856366801906326
50 0.44701485880403985 0.25235875567874755 0.06144656010845857 0.08856366801906326
51 0.6212336088040399 0.2553997552717105 0.06144656010845857 0.08856366801906326
52 0.7915551991631193 0.2568100710172975 0.06144656010845857 0.08856366801906326
53 0.9555949732654204 0.26358004260708323 0.05675906010845857 0.08848184740221221