60 0.0883423364484589 0.5324574166534097 0.06737050649282175 0.10076361600890867
61 0.2636832556853381 0.5108898572963199 0.06737050649282175 0.10076361600890867
62 0.4334326939969409 0.4964171826066391 0.0672614123370204 0.09451361600890884
63 0.6039633823085435 0.4819354172501857 0.0672614123370204 0.09451361600890884
64 0.773767367698047 0.4643377425605049 0.0672614123370204 0.09451361600890866
65 0.9396787398570254 0.4460042712046877 0.06726141233702024 0.09451361600890866
48 0.08615213961214425 0.2551954826543642 0.06737050649282175 0.10076361600890867
49 0.26220612500164764 0.23752508263050168 0.0672614123370204 0.09451361600890866
50 0.43121522362167586 0.22071774860759366 0.0672614123370204 0.09451361600890866
51 0.6064743222417042 0.20383768925050383 0.0672614123370204 0.09451361600890866
52 0.7762646708617323 0.18702126456082305 0.06726141233702058 0.09451361600890866
53 0.9404908120954343 0.17573722453855134 0.06257391233702023 0.09445907200827239