60 0.096875 0.5265625 0.0640625 0.0984375
61 0.27265625 0.51015625 0.0640625 0.0984375
62 0.4421875 0.50078125 0.0640625 0.0921875
63 0.6125 0.49140625 0.0640625 0.0921875
64 0.7828125 0.478125 0.0640625 0.0921875
65 0.9484375 0.46484375 0.0640625 0.0921875
48 0.0953125 0.24921875 0.0640625 0.0984375
49 0.27109375 0.23671875 0.0640625 0.0921875
50 0.43984375 0.225 0.0640625 0.0921875
51 0.61484375 0.21328125 0.0640625 0.0921875
52 0.78515625 0.20078125 0.0640625 0.0921875
53 0.94921875 0.19453125 0.059375 0.0921875