60 0.10938162870292831 0.537663105582586 0.06461701190385667 0.09568520472226431
61 0.28588049618937095 0.5256983950065892 0.06461701190385671 0.09568520472226431
62 0.45460322511213214 0.5200291362259905 0.06458065046753828 0.08943520472226432
63 0.6248929992144332 0.5151320370863122 0.0645806504675381 0.08943520472226432
64 0.7959322070599554 0.504761642767094 0.06458065046753828 0.08943520472226432
65 0.9599492552645572 0.49599465506373414 0.06458065046753844 0.08943520472226432
48 0.09761183996629616 0.2603784429166035 0.06461701190385667 0.09568520472226431
49 0.27335218335043787 0.25232452752014656 0.06458065046753828 0.08943520472226432
50 0.4412800267345796 0.2443160639190876 0.06458065046753828 0.08943520472226432
51 0.6146811652982611 0.23705703406125003 0.0645806504675381 0.08943520472226432
52 0.784948213502863 0.22825368492157172 0.0645806504675381 0.08943520472226432
53 0.9490016231437834 0.22573669721821185 0.059893150467538445 0.08940793364502549