60 0.1020572274029059 0.5125 0.06835110534690844 0.1
61 0.2785015487348605 0.50234375 0.06835110534690844 0.1
62 0.4479873454009969 0.4984375 0.06827838001272664 0.09375
63 0.618263482733906 0.4953125 0.06827838001272682 0.09375
64 0.7892754167329514 0.48828125 0.06827838001272664 0.09375
65 0.9548095100652244 0.48046875 0.06827838001272682 0.09375
48 0.10742379069858946 0.23515625 0.06835110534690844 0.1
49 0.28313231536440764 0.22890625 0.06827838001272664 0.09375
50 0.4518186806969986 0.2234375 0.06827838001272664 0.09375
51 0.6275272053628168 0.2171875 0.06827838001272682 0.09375
52 0.7977669800286351 0.2109375 0.06827838001272664 0.09375
53 0.9618203893618624 0.21015625 0.06359088001272681 0.09375