54 0.32109375 0.0734375 0.05 0.0734375
54 0.5 0.06015625 0.05 0.0734375
54 0.68046875 0.05234375 0.0484375 0.0671875
54 0.87421875 0.0515625 0.0484375 0.053125
1 0.37890625 0.071875 0.05 0.0734375
2 0.55546875 0.0625 0.05 0.0734375
3 0.73984375 0.053125 0.0484375 0.0640625
54 0.3296875 0.26875 0.05 0.0734375
4 0.93671875 0.0515625 0.0484375 0.05
0 0.38515625 0.27109375 0.05 0.0734375
58 0.33984375 0.66875 0.0453125 0.065625
38 0.33515625 0.4859375 0.0453125 0.065625
39 0.44921875 0.484375 0.0453125 0.065625
41 0.56171875 0.48125 0.0453125 0.065625
45 0.684375 0.478125 0.0453125 0.065625
46 0.8046875 0.47734375 0.05 0.06875
47 0.9296875 0.4765625 0.05 0.06875
59 0.45390625 0.665625 0.0453125 0.065625
60 0.56640625 0.665625 0.0453125 0.0625
61 0.68203125 0.66875 0.0453125 0.0625
62 0.8046875 0.6671875 0.0453125 0.0625
63 0.925 0.66640625 0.0453125 0.0625