54 0.3270261083130605 0.08538766964062106 0.05042724687674198 0.07431025324641087
54 0.5050874757995032 0.07755935308095982 0.05042724687674216 0.0743102532464109
54 0.6855198643631847 0.07445944682972408 0.05042724687674198 0.07431025324641087
54 0.8784749788245652 0.07548397889009106 0.04882838544042371 0.06803297970746054
1 0.3848386083130605 0.08639679058178365 0.05042724687674198 0.07431025324641087
2 0.5613602016972022 0.08244745048317206 0.05042724687674198 0.07431025324641087
3 0.7448903191836449 0.074714591309837 0.05042724687674216 0.07431025324641087
54 0.3515999031980127 0.2811092727248762 0.05042724687674198 0.07431025324641087
4 0.9425420240041051 0.07738344398705502 0.04882838544042371 0.06803297970746054
0 0.40630103873663215 0.284407596588138 0.05042724687674198 0.07431025324641087
58 0.39376169476331524 0.6802422479681098 0.04569429508134393 0.06641593262955983
38 0.3755151679305398 0.49791098903965614 0.04569429508134393 0.06641593262956
39 0.4880197131100796 0.5006559338440806 0.04569429508134402 0.06641593262955983
41 0.6005151679305397 0.501838378648505 0.04569429508134384 0.06641593262955983
45 0.7231623275714603 0.5024168514561067 0.04569429508134384 0.06641593262955983
46 0.8434839179305398 0.5060794139552829 0.04883747579950324 0.06959547970746058
47 0.9684884631100796 0.5090425470713101 0.04883747579950324 0.06959547970746058
59 0.5078196495837755 0.6814519663114846 0.04569429508134384 0.06641593262955983
60 0.6203332851223948 0.6857594111159091 0.04567611436318479 0.06329093262955983
61 0.7359901013791734 0.6932464029982344 0.04567611436318479 0.06329093262956001
62 0.8594276013791735 0.6954010125753112 0.04567611436318444 0.06329093262955983
63 0.9780649422783304 0.6990499383050122 0.04387011544333923 0.06329093262955983