54 0.3390625 0.05859375 0.04375 0.0703125
54 0.51796875 0.0453125 0.04375 0.0703125
54 0.6984375 0.03671875 0.04375 0.0703125
54 0.89140625 0.03203125 0.04375 0.0640625
1 0.396875 0.05703125 0.04375 0.0703125
2 0.5734375 0.0484375 0.04375 0.0703125
3 0.7578125 0.03515625 0.04375 0.0703125
54 0.34765625 0.253125 0.04375 0.0703125
4 0.95546875 0.03203125 0.04375 0.0640625
0 0.40234375 0.25546875 0.04375 0.0703125
58 0.35703125 0.653125 0.040625 0.0625
38 0.353125 0.4703125 0.040625 0.0625
39 0.46640625 0.46953125 0.040625 0.0625
41 0.57890625 0.4671875 0.040625 0.0625
45 0.7015625 0.46484375 0.040625 0.0625
46 0.821875 0.46484375 0.04375 0.065625
47 0.946875 0.46484375 0.04375 0.065625
59 0.47109375 0.65078125 0.040625 0.0625
60 0.58359375 0.6515625 0.040625 0.059375
61 0.69921875 0.65546875 0.040625 0.059375
62 0.82265625 0.6546875 0.040625 0.059375
63 0.9421875 0.6546875 0.040625 0.059375