54 0.3488005934823376 0.06984330474570544 0.04886474687674207 0.07371930113146816
54 0.5269346838414173 0.06724450381062902 0.04886474687674216 0.07371930113146814
54 0.7073852531232581 0.06931956733693316 0.04886474687674216 0.07371930113146816
54 0.8995318465073996 0.07523270317014019 0.04882838544042371 0.06746930113146817
1 0.40581820794371815 0.0718552566392994 0.048864746876741985 0.07371930113146816
2 0.5823670724050988 0.07317179606330258 0.04886474687674216 0.07371930113146814
3 0.7667511627641783 0.0705366336919077 0.04886474687674216 0.07371930113146816
54 0.36016429859738536 0.2650830818730685 0.04886474687674207 0.07371930113146821
4 0.9635716206097007 0.07876624844787586 0.04882838544042371 0.06746930113146814
0 0.4148199823406067 0.27023366930528187 0.04886474687674216 0.07371930113146821
58 0.37658716667300324 0.6649739975641131 0.04568520472226432 0.06432612041330898
38 0.3698382386853185 0.48220694935951125 0.04568520472226432 0.06432612041330898
39 0.48229733206946024 0.4885836935057787 0.04568520472226432 0.06432612041330898
41 0.5947700609922213 0.4926166876520462 0.04568520472226432 0.06432612041330898
45 0.7173944947354427 0.4973718444642962 0.04568520472226432 0.06432612041330898
46 0.8376615429400445 0.5044843868151656 0.04883747579950324 0.0690318011314682
47 0.9626206363241863 0.5107884080887962 0.04883747579950324 0.0690318011314682
59 0.4906178504162246 0.6697791513513011 0.04568520472226432 0.06432612041330898
60 0.6030723986208264 0.6769371454975686 0.04566702400410509 0.06120112041330898
61 0.7186292209277293 0.6879832089256768 0.04566702400410509 0.06120112041330898
62 0.8420258143118712 0.6942963205583871 0.04566702400410492 0.06120112041330898
63 0.9607349076960127 0.700636703268336 0.04566702400410492 0.06120112041330898