54 0.34008525771063775 0.05662114207972295 0.04497730925276535 0.0705670300542293
54 0.5187596826295598 0.042299045965106724 0.04497730925276535 0.07056703005422929
54 0.6990784281653329 0.03396943725926276 0.04497730925276535 0.06793887451852552
54 0.8919653575484819 0.02950185758609637 0.044868215096963836 0.05900371517219274
1 0.3978704841716874 0.0547222987937771 0.04497730925276526 0.07056703005422929
2 0.5742829797074606 0.0451013382177803 0.04497730925276535 0.07056703005422929
3 0.7584261546263826 0.03301547043675003 0.04497730925276535 0.06603094087350006
54 0.35207456330995507 0.25110239510478505 0.04497730925276526 0.07056703005422929
4 0.956027857548482 0.029315505224964206 0.044868215096963836 0.05863101044992841
0 0.4068029736183806 0.2531279825369984 0.04497730925276535 0.07056703005422929
58 0.3684315892812421 0.6510478529503073 0.041715941558013635 0.06273634933607006
38 0.36133433522405234 0.4682580788480064 0.041715941558013545 0.06273634933607006
39 0.4746019484545771 0.4668177778147341 0.041715941558013725 0.06273634933607006
41 0.5870610381461516 0.4638195219610016 0.041715941558013545 0.06273634933607006
45 0.7096763778377262 0.46076217877325165 0.041715941558013545 0.06273634933607006
46 0.8299888778377262 0.4600622211241211 0.04489548863591395 0.06587953005422928
47 0.9549888778377262 0.45933499239775166 0.04489548863591395 0.06587953005422928
59 0.4824531789728166 0.6480405067374952 0.041715941558013545 0.06273634933607006
60 0.5949668157422918 0.6481672508837628 0.04166139448011279 0.05961134933607006
61 0.7106599995896676 0.651400814311871 0.04166139448011297 0.05961134933607006
62 0.8340838628201925 0.6499014259445813 0.04166139448011279 0.05961134933607006
63 0.9536151128201926 0.6492060134749905 0.04166139448011279 0.05961134933607006