54 0.3067136083130605 0.07790578962039493 0.05356133723582168 0.07530907220870701
54 0.48472497882456533 0.05733823868531851 0.05356133723582168 0.075309072208707
54 0.6651119155928488 0.04222580221162266 0.05039997579950324 0.06904089149054776
54 0.8588210089769905 0.03406734768575006 0.05031816256778683 0.05497839149054777
1 0.3645079275949013 0.07444444633444906 0.05356133723582168 0.075309072208707
2 0.5401982740041051 0.05779678093799208 0.05356133723582168 0.075309072208707
3 0.724482370413309 0.04109911856659718 0.05038179508134384 0.06591589149054777
54 0.3234749031980127 0.27312738602959874 0.05356133723582168 0.07530907220870695
4 0.9213073734383711 0.03135998332256535 0.05029998184962743 0.05185339149054776
0 0.3789436531980127 0.2728046782822723 0.05356133723582168 0.07530907220870695
58 0.350016239942855 0.6722052354638647 0.04726588544042354 0.06746021077238851
38 0.33801516793053976 0.489456367977422 0.04726588544042354 0.06746021077238851
39 0.45126460167376103 0.4833285669441497 0.04726588544042372 0.06746021077238851
41 0.5637236950579029 0.4756428110904173 0.04726588544042354 0.06746021077238851
45 0.6863390384420446 0.46789796790266724 0.04726588544042354 0.06746021077238851
46 0.806619722185266 0.46172926025353667 0.05353406615858276 0.07062157220870695
47 0.931592451108027 0.4563145315271672 0.05353406615858276 0.07062157220870695
59 0.4632565833269968 0.6645149344305924 0.04726588544042372 0.06746021077238851
60 0.5757338574292977 0.6599541785768599 0.04724770472226432 0.0643352107723885
61 0.6913543122497579 0.6585002420049682 0.04724770472226432 0.0643352107723885
62 0.8139742008134394 0.6515366488172182 0.04724770472226432 0.0643352107723885
63 0.9342594297362006 0.6461491911680877 0.04724770472226432 0.0643352107723885