23 0.5100433306015485 0.47668768150372615 0.09694882001909004 0.14117951190385672
40 0.38721435793286674 0.4922450246914762 0.09694882001909004 0.14117951190385652
13 0.5164784279917276 0.05957849131759715 0.10141814401654478 0.1191569826351943
40 0.3929500213240004 0.06696881050124205 0.10156359468490823 0.1339376210024841
40 0.7876234379376392 0.454761642767094 0.09694882001909004 0.14117951190385672
24 0.9112336606063209 0.4391997543998042 0.10639654535327167 0.14748405405833437
29 0.11416392520691492 0.9305227712736306 0.10472495735199913 0.13809996369925487
40 0.02194006253982402 0.934184102459328 0.042152232017817357 0.13148634933607006
40 0.3729122165420512 0.9157370668459539 0.1047795013526355 0.14278746369925485
30 0.5058519858768693 0.9040268863241863 0.1047795013526354 0.14278746369925485
40 0.7802980025461874 0.8829002783057135 0.1047795013526354 0.14278746369925485
31 0.9030451592139146 0.8743741851179635 0.1047795013526354 0.14278746369925485