23 0.5455332735422457 0.4893559695578955 0.09148984496658023 0.14061709172016937
40 0.4226588352306429 0.49971499675029385 0.09148984496658023 0.14061709172016937
13 0.5309675819809367 0.07022414001259077 0.09431483603812651 0.12348413879807008
40 0.40587212459461053 0.07351100689656356 0.0945057508107789 0.13442163879807006
40 0.824712258931749 0.4785992962605312 0.09148984496658023 0.14061709172016937
24 0.9452565840128269 0.46741810875970735 0.09628643912238175 0.1469489123370204
29 0.17138133848034906 0.9267103246740408 0.09765802434972923 0.1360386858759707
40 0.049451791402448396 0.9277079886359143 0.0976307508107789 0.1344761858759707
40 0.43089270617510084 0.9234252321397971 0.09932961850553071 0.14231595941492117
30 0.5646500974088028 0.9163821197200512 0.09932961850553071 0.14231595941492117
40 0.8383330592593559 0.9070924890363609 0.09932961850553071 0.14231595941492117
31 0.9462819269541075 0.9011618632239342 0.06807961850553071 0.1417704886359143