23 0.5421875 0.4952831453993727 0.08125 0.13328519867214011
40 0.41953125 0.5045904885871226 0.08125 0.13328519867214011
13 0.5296875 0.06733417657334953 0.0859375 0.13466835314669906
40 0.4046875 0.07498934699837902 0.0859375 0.134874969749379
40 0.8203125 0.4881963114832007 0.08125 0.13328519867214011
24 0.94375 0.4788844231159109 0.0890625 0.13958065046753826
29 0.16640625 0.9318443767580208 0.0875 0.13488406010845858
40 0.04375 0.9325579699457707 0.0875 0.13488406010845858
40 0.425 0.9272149223303441 0.0875 0.13488406010845858
30 0.55859375 0.9225314466290367 0.0875 0.13488406010845858
40 0.83203125 0.9162531337901036 0.0875 0.13488406010845894
31 0.95625 0.912405450243274 0.0875 0.13488406010845858