23 0.5192015354169824 0.4834731136758137 0.094559041958086 0.13960792154477702
40 0.39581403239192037 0.4913487253085238 0.094559041958086 0.13960792154477702
13 0.5417653191836449 0.06486855942108755 0.09759313836728971 0.1240011022629363
40 0.41600224990180407 0.06726178551517831 0.09762949980360816 0.1302511022629363
40 0.7980759691602037 0.47962699277152543 0.094559041958086 0.13960792154477702
24 0.9214634721852659 0.47175138113881515 0.10397040339440444 0.14591246369925487
29 0.10844286006157637 0.9146624636992549 0.10238063231716561 0.14121587334017532
40 0.02015706488203656 0.9133676084112563 0.03049654195808598 0.1392352168225127
40 0.36701842934341716 0.9130419181269314 0.10238063231716561 0.14121587334017532
30 0.500589453445718 0.9099128938282387 0.10238063231716552 0.14121587334017532
40 0.7747809323684793 0.9068207518467115 0.10238063231716552 0.14121587334017532
31 0.8982093420093996 0.9059763902140017 0.10238063231716552 0.14121587334017532