13 0.16943632211051113 0.11502320779336328 0.08512040944452867 0.12959777110331835
40 0.05152665944452865 0.12723860998411396 0.08512040944452866 0.12959777110331835
14 0.5364829215447771 0.08439517614003338 0.08512040944452863 0.12959777110331835
40 0.41855053298109557 0.09270432833078406 0.08512040944452863 0.12959777110331835
16 0.9003636143631848 0.05501341355813168 0.08510222872636959 0.11002682711626335
40 0.7855744065176624 0.06148446611455667 0.08512040944452863 0.12296893222911334
40 0.07492027029167193 0.5221829172082844 0.08512040944452866 0.12959777110331833
40 0.4435475504440971 0.49465261201600413 0.08512040944452863 0.12959777110331833
23 0.1952054992144331 0.5153953547091081 0.0913794998036083 0.13126936525911964
24 0.5653589179305397 0.4815877759778776 0.08825449980360815 0.13121481818121908
30 0.23030876970249672 0.908572610391151 0.08359427088084707 0.13582049756436804
40 0.11317581185697445 0.9199931258124266 0.08359427088084712 0.13582049756436804
40 0.4817712757526209 0.8869940706201463 0.08359427088084707 0.13582049756436804
40 0.852696854109648 0.8516103551194405 0.08359427088084707 0.13582049756436804
31 0.5949934384186035 0.8748604890462467 0.08825449980360815 0.13121481818121908
32 0.9616975867448424 0.8465352970844913 0.07660482651031515 0.13110572402541756