13 0.19304266233702042 0.09375 0.0913807508107789 0.1328125
40 0.07522391680124726 0.10234375 0.0913807508107789 0.1328125
14 0.5613971960222405 0.07109375 0.0913807508107789 0.1328125
40 0.4435375401780418 0.07734375 0.0913807508107789 0.1328125
16 0.9252687812495882 0.06015625 0.08913641233702023 0.09375
40 0.8104795783274887 0.06328125 0.08940914772652384 0.109375
40 0.09151275892515845 0.4984375 0.0913807508107789 0.1328125
40 0.4614843396882792 0.47890625 0.0913807508107789 0.1328125
23 0.21175707507778257 0.49453125 0.09924779788867957 0.1359375
24 0.5831684249156268 0.46796875 0.09456029788867966 0.1359375
30 0.2404913701237931 0.8875 0.08990007142762994 0.1375
40 0.12268626135749514 0.896875 0.08990007142762994 0.1375
40 0.49257602150376484 0.87265625 0.08990007142762994 0.1375
40 0.864754984572134 0.8453125 0.08990007142762976 0.1375
31 0.6064612435005877 0.8625 0.09456029788867966 0.1359375
32 0.9669337244291594 0.84375 0.06613255114168126 0.134375