13 0.17795280405833439 0.10262391864259202 0.08512949980360825 0.130669292011454
40 0.060838026930971324 0.11648751865850038 0.08512949980360826 0.130669292011454
14 0.545717020979043 0.06426030529918339 0.08512949980360833 0.12852061059836678
40 0.4278073583130605 0.07471490527532085 0.08512949980360833 0.130669292011454
16 0.9088573704133089 0.04027172527452543 0.08490224082661797 0.08054345054905086
40 0.7940590722087071 0.04875238928232053 0.08499314441741408 0.09750477856464106
40 0.08579868295765442 0.5123176393220914 0.08512949980360826 0.1306692920114539
40 0.4551390354169825 0.47520525393859375 0.08512949980360833 0.1306692920114539
23 0.20606118598271653 0.5023239266390922 0.09296018052176755 0.13388519867918128
24 0.576927677005726 0.458943359922049 0.08827268052176755 0.133830654678545
30 0.24428036611170062 0.8940932559675471 0.08359427088084707 0.13533861067790837
40 0.12638888416387734 0.9087471966502282 0.08359427088084712 0.13533861067790837
40 0.49570651072550637 0.8677285612667305 0.08359427088084707 0.13533861067790837
40 0.8665639113894363 0.8227854945496873 0.08359427088084707 0.13533861067790837
31 0.6089059474937898 0.8523479145846856 0.08827268052176755 0.13383065467854466
32 0.9694010024358869 0.8160895045353698 0.06119799512822617 0.13357611600890848