13 0.1878898039863188 0.10408134821299113 0.08272268801718101 0.12798072402541769
40 0.06987560065245521 0.10592844602224046 0.08272268801718104 0.12798072402541766
14 0.5559130979869551 0.1058167666357962 0.08272268801718105 0.12798072402541769
40 0.43793525732018246 0.10453886444504552 0.08272268801718105 0.12798072402541766
16 0.9209204799888642 0.09812263798070057 0.08272268801718105 0.12798072402541769
40 0.806013095321455 0.10158678286785058 0.08272268801718105 0.12798072402541766
40 0.06526663259868495 0.5020221960222404 0.08272268801718101 0.12798072402541755
40 0.4348160639322304 0.5069098879839959 0.08272268801718105 0.12798072402541755
23 0.1855609512651395 0.5056847585214166 0.0889908693507265 0.12965231818121908
24 0.5567456079328668 0.5043497240221224 0.08586586935072642 0.12959777110331833
30 0.1934701645449147 0.9004341968330195 0.08123291335136278 0.1342034504864671
40 0.07545596121105108 0.9022812946422686 0.0812329133513628 0.1342034504864671
40 0.4450690272120056 0.9017002366040241 0.08123291335136287 0.1342034504864671
40 0.817062205880051 0.898035088874205 0.08123291335136287 0.13420345048646745
31 0.5591769805458692 0.8997849549473991 0.08586586935072642 0.12959777110331813
32 0.9326417525461874 0.9039595807565302 0.0858658693507266 0.12959777110331813