13 0.18203125 0.10625 0.0796875 0.125
40 0.0640625 0.1125 0.0796875 0.125
14 0.55 0.0953125 0.0796875 0.125
40 0.43203125 0.09765625 0.0796875 0.125
16 0.91484375 0.075 0.0796875 0.125
40 0.8 0.08203125 0.0796875 0.125
40 0.07109375 0.50859375 0.0796875 0.125
40 0.440625 0.5 0.0796875 0.125
23 0.19140625 0.5078125 0.0859375 0.1265625
24 0.5625 0.49375 0.0828125 0.1265625
30 0.2109375 0.90234375 0.078125 0.13125
40 0.09296875 0.9078125 0.078125 0.13125
40 0.4625 0.89453125 0.078125 0.13125
40 0.834375 0.878125 0.078125 0.13125
31 0.5765625 0.88828125 0.0828125 0.1265625
32 0.95 0.8796875 0.0828125 0.1265625