16 0.4104829820460191 0.08051576443793947 0.09135222872636942 0.12552724082661784
40 0.29161480737798406 0.10013739714788852 0.09135222872636942 0.12552724082661784
17 0.7942267229708329 0.05696619759198561 0.09592155405833439 0.1052420119038567
40 0.6707528615345144 0.06249805922469581 0.09599427693097126 0.11774201190385669
15 0.5362899404807167 0.4796986738824681 0.102371541958086 0.13965337334017516
42 0.4088689224285399 0.4922390596174793 0.102371541958086 0.13965337334017497
40 0.2853450640172835 0.5063646712501895 0.102371541958086 0.13965337334017497
24 0.9240626512531052 0.4350780829342133 0.10081813231716552 0.14120678298109546
40 0.8013427687395478 0.44530198974646334 0.10081813231716552 0.14120678298109546
32 0.4135412242473791 0.8977487162333375 0.10552381303532492 0.14435905405833438
40 0.2892588417338217 0.9079635326865079 0.10552381303532483 0.14435905405833438
40 0.6691736007108121 0.871109989942855 0.10552381303532492 0.14435905405833438
33 0.8028400735834491 0.8593872156441623 0.10552381303532457 0.14435905405833438