16 0.41796875 0.0765625 0.0890625 0.1234375
40 0.29921875 0.09453125 0.0890625 0.1234375
17 0.80234375 0.0546875 0.09375 0.109375
40 0.67890625 0.06015625 0.09375 0.1203125
15 0.53984375 0.47734375 0.0984375 0.1375
42 0.41171875 0.48828125 0.0984375 0.1375
40 0.28828125 0.50078125 0.0984375 0.1375
24 0.92734375 0.4375 0.096875 0.1390625
40 0.8046875 0.44609375 0.096875 0.1390625
32 0.41171875 0.89375 0.1015625 0.1421875
40 0.2875 0.90234375 0.1015625 0.1421875
40 0.66796875 0.8703125 0.1015625 0.1421875
33 0.8015625 0.86015625 0.1015625 0.1421875