16 0.43984375 0.07109375 0.0890625 0.128125
40 0.32265625 0.0859375 0.0890625 0.128125
17 0.8234375 0.0578125 0.09375 0.115625
40 0.7 0.0625 0.09375 0.125
15 0.584375 0.47734375 0.1 0.140625
42 0.45625 0.4828125 0.1 0.140625
40 0.3328125 0.49296875 0.1 0.140625
24 0.96015625 0.4484375 0.0796875 0.1421875
40 0.8484375 0.453125 0.0984375 0.1421875
32 0.4765625 0.890625 0.103125 0.1453125
40 0.353125 0.8953125 0.103125 0.1453125
40 0.7328125 0.875 0.103125 0.1453125
33 0.86640625 0.86796875 0.103125 0.1453125