16 0.4258727040101814 0.07005467727563902 0.09207950668363551 0.1260545173456358
40 0.3073136080124085 0.08784270862509282 0.09207950668363551 0.1260545173456358
17 0.8108562313414996 0.05337625461491147 0.09660337468172671 0.10675250922982293
40 0.6874550940085905 0.05839129228995654 0.09673064401654478 0.11678258457991308
15 0.5454072380649061 0.4718433492600488 0.10318063868554468 0.1402442866804538
42 0.417382235399406 0.48192796861077536 0.10318063868554468 0.1402442866804538
40 0.29406291406745144 0.49352054396086553 0.1031806386855445 0.1402442866804538
24 0.9333066800604517 0.4345127878740058 0.10163632001909022 0.14178860534690846
40 0.8107231553946335 0.4421900225573232 0.10163632001909022 0.14178860534690846
32 0.41506904145444895 0.8874785346117298 0.10636018268618094 0.1449681493475449
40 0.29092301678863075 0.8951739506285927 0.10636018268618094 0.1449681493475449
40 0.6718821154519036 0.8657377052435041 0.10636018268618094 0.1449681493475449
33 0.8053849587841764 0.8563707012253687 0.10636018268618094 0.14496814934754454