16 0.4234375 0.09609375 0.0828125 0.1203125
40 0.30546875 0.10859375 0.0828125 0.1203125
17 0.80703125 0.078125 0.0859375 0.1328125
40 0.68359375 0.08359375 0.0859375 0.1328125
15 0.56953125 0.50390625 0.090625 0.1328125
42 0.44140625 0.50859375 0.090625 0.1328125
40 0.31796875 0.515625 0.090625 0.1328125
24 0.95546875 0.48203125 0.0890625 0.134375
40 0.8328125 0.48515625 0.0890625 0.134375
32 0.46484375 0.915625 0.09375 0.1375
40 0.340625 0.91796875 0.09375 0.1375
40 0.7203125 0.90390625 0.09375 0.1375
33 0.85390625 0.9 0.09375 0.1375