16 0.41640625 0.10007883069471812 0.084375 0.12236587939029935
40 0.2984375 0.11345500858420698 0.084375 0.12236587939029935
17 0.8 0.07731051384876428 0.0875 0.1348840601084586
40 0.6765625 0.08440487548147448 0.0875 0.1348840601084586
15 0.56953125 0.5056571858845207 0.0921875 0.13491133118569748
42 0.44140625 0.511943026439992 0.0921875 0.13491133118569748
40 0.31796875 0.5205998880727022 0.0921875 0.13491133118569748
24 0.9546875 0.47977295939764647 0.090625 0.13646474082661797
40 0.8328125 0.4845326613894363 0.090625 0.13646474082661797
32 0.471875 0.9191515384420444 0.096875 0.13962610226293606
40 0.34765625 0.922335104895215 0.096875 0.13962610226293606
40 0.72734375 0.904231562151562 0.096875 0.13962610226293606
33 0.8609375 0.8987587878528693 0.096875 0.13962610226293606