16 0.42414547732336405 0.07838282272436099 0.09527723201781732 0.13234088001272667
40 0.30752105132081875 0.09577831337522535 0.09527723201781732 0.13234088001272667
17 0.8064130846594548 0.06251565877622224 0.09967383068109044 0.10739542401336302
40 0.6829028593252732 0.06732933342613209 0.0998192813494537 0.11989542401336302
15 0.5780757152689575 0.48100947807922356 0.10636018268618094 0.1449681493475449
42 0.4498325366009121 0.48967485872849714 0.10636018268618094 0.1449681493475449
40 0.32701265459900314 0.5023101240451797 0.10636018268618094 0.1449681493475449
24 0.9527853612746846 0.4431764074633577 0.08606586401972649 0.1462942920114539
40 0.8417478639401846 0.4504792827816311 0.10481586401972649 0.14651246801399936
32 0.47947129921232373 0.8971060980664969 0.10953972668681722 0.1496920120146356
40 0.3567150518778238 0.9042726133831795 0.10953972668681722 0.1496920120146356
40 0.7360122005490508 0.8750878367679498 0.10953972668681722 0.1496920120146356
33 0.8689610605506417 0.8649145001193126 0.10953972668681722 0.1496920120146356