16 0.42399655708339645 0.08870262094445787 0.08351245764913066 0.12175799756436803
40 0.30610052995603343 0.10326177313520853 0.08351245764913048 0.12175799756436803
17 0.8074857679539809 0.06559724472664188 0.08671018052176756 0.13119448945328377
40 0.6840800842107596 0.07166157670922627 0.08671018052176756 0.1343125446422687
15 0.5724628908031767 0.49396504505260114 0.09139768052176755 0.13439436525911966
42 0.4443651618804155 0.500888975246529 0.09139768052176755 0.13439436525911966
40 0.32096856849627386 0.5100748348236058 0.09139768052176755 0.13439436525911966
24 0.9566754951678191 0.4653534809318671 0.08664900966436165 0.13592959172016936
40 0.8356350564942213 0.4706194537394688 0.08984427088084708 0.13592959172016936
32 0.47017070042065595 0.9075111221622738 0.09454995159900648 0.13913641233702023
40 0.3459655859592754 0.9120231185088258 0.0945499515990063 0.13913641233702023
40 0.7255712727275588 0.8913331485438931 0.09454995159900648 0.13913641233702023
33 0.8591422968298599 0.8850950109636393 0.09454995159900648 0.13913641233702023