17 0.3515625 0.08671875 0.090625 0.1390625
40 0.225 0.0765625 0.090625 0.1375
18 0.73828125 0.1046875 0.090625 0.1390625
40 0.61640625 0.0953125 0.090625 0.1390625
53 0.10078125 0.4984375 0.1 0.1484375
24 0.49140625 0.50859375 0.096875 0.1390625
17 0.61953125 0.51328125 0.096875 0.1390625
40 0.36640625 0.5046875 0.096875 0.1390625
33 0.37421875 0.92265625 0.096875 0.1375
40 0.24453125 0.921875 0.096875 0.1375
64 0.77109375 0.93359375 0.1015625 0.1328125
40 0.6390625 0.93046875 0.1015625 0.1390625