17 0.3421875 0.07890625 0.0859375 0.1359375
40 0.215625 0.07421875 0.0859375 0.1359375
18 0.728125 0.07890625 0.0859375 0.1359375
40 0.60625 0.07578125 0.0859375 0.1359375
53 0.08359375 0.503125 0.096875 0.14375
24 0.47421875 0.4953125 0.09375 0.1359375
17 0.60234375 0.49296875 0.09375 0.1359375
40 0.34921875 0.496875 0.09375 0.1359375
33 0.34921875 0.91484375 0.09375 0.134375
40 0.21953125 0.91953125 0.09375 0.134375
64 0.746875 0.9140625 0.0984375 0.1421875
40 0.6140625 0.9140625 0.0984375 0.1421875