17 0.34172843686647936 0.07691546136156371 0.08672836123992678 0.13643746974937898
40 0.21519320794371816 0.07296428044701275 0.08672836123992678 0.13643746974937895
18 0.7276659368664793 0.07467014266889814 0.0867283612399266 0.13643746974937898
40 0.6058091175846385 0.07225419067710832 0.08672836123992678 0.13643746974937895
53 0.08066665437636308 0.5026386657892404 0.09771131303532483 0.1443136022629364
24 0.47133710617176117 0.4925535760193361 0.09454086123992678 0.136482921544777
17 0.5994757417103805 0.4894644165748073 0.0945408612399266 0.136482921544777
40 0.3463280158126816 0.4948433047457055 0.09454086123992678 0.136482921544777
33 0.3438963447588838 0.9128120547457055 0.09453177088084708 0.13492042154477701
40 0.21418157368164498 0.9182540545493136 0.09453177088084708 0.13492042154477701
64 0.7415571399384236 0.9097173083599428 0.09926472267624523 0.14276019262201595
40 0.6087446399384236 0.9104899888817103 0.09926472267624523 0.14276019262201595