17 0.33424718332272774 0.08202489604549791 0.08435791335136278 0.13377611067790857
40 0.20770286465627322 0.07898970802831687 0.08435791335136278 0.13377611067790857
18 0.7211022933243185 0.0748060260979955 0.08435791335136286 0.13377611067790857
40 0.5984460433243186 0.07337879141467808 0.08435791335136286 0.13377611067790857
53 0.083135385264185 0.5104113360120903 0.09382382001909004 0.14169769867918128
24 0.47398765193350306 0.4954254193984515 0.09060791335136287 0.13384883601209036
17 0.6013950366009121 0.4914384480824053 0.09060791335136287 0.13384883601209036
40 0.3489149265993213 0.500220912714816 0.09060791335136287 0.1338488360120902
33 0.35656051054268756 0.9175538633831796 0.09058973201781742 0.13228633601209056
40 0.22755426320818758 0.9246476533656803 0.09058973201781732 0.13228633601209056
64 0.753580961211051 0.9096719221037226 0.09536813868554468 0.1401533800127268
40 0.6215042578771875 0.9120418494191324 0.09536813868554468 0.1401533800127268