17 0.32685287060970064 0.084375 0.091434041958086 0.1390625
40 0.20029037060970065 0.084375 0.091434041958086 0.1390625
18 0.7128676386618774 0.07109375 0.091434041958086 0.1390625
40 0.5909835483027978 0.07265625 0.091434041958086 0.1390625
53 0.08058029596510673 0.51796875 0.10241699375348408 0.146875
24 0.4713325609922213 0.49609375 0.099246541958086 0.1390625
17 0.5994984676080797 0.4890625 0.099246541958086 0.1390625
40 0.3462961995559029 0.50234375 0.099246541958086 0.1390625
33 0.358712823681645 0.91953125 0.0992374515990063 0.1375
40 0.22897078152716724 0.92890625 0.0992374515990063 0.1375
64 0.7556696369133615 0.90546875 0.10397040339440444 0.1453125
40 0.6228298658361227 0.91015625 0.10397040339440444 0.1453125