17 0.3678381107948928 0.0777677272835932 0.0977943920444809 0.14329656134627214
40 0.24104378571381496 0.06763184798695514 0.09771257142762994 0.13526369597391028
18 0.7535398315738997 0.10453602856464106 0.09779439204448082 0.14329656134627214
40 0.6322142564928217 0.09266383191441303 0.097794392044481 0.14329656134627214
53 0.1092360470746054 0.4832023039863188 0.107333033278183 0.1527806493475449
24 0.5002837869283356 0.5028757205999576 0.10404439204448082 0.14336928668045382
17 0.6277775413925626 0.5099876919160039 0.10404439204448099 0.14336928668045382
40 0.3751337824641088 0.4957364772835932 0.1040443920444809 0.14336928668045382
33 0.37539820413332475 0.9137870432845479 0.10401711850553053 0.14180678668045416
40 0.24561524674699853 0.9098273439688196 0.10401711850553061 0.14180678668045382
64 0.771051623370204 0.9287184158975503 0.10843188311602728 0.12623633068109044
40 0.6397061659838779 0.9247768979153677 0.10862279788867965 0.13717383068109043