17 0.35004881858825615 0.0805822037361735 0.09305234496658024 0.14064436525911972
40 0.2236635965914333 0.07263511039115103 0.09302507142762995 0.13908186525911972
18 0.7364539228903272 0.09180075284596437 0.09305234496658024 0.1406443652591197
40 0.6147425641240293 0.08455308888409088 0.09305234496658024 0.14064436525911972
53 0.09208099107484155 0.4966783567377031 0.10259098620028231 0.15018300649282174
24 0.48252871307166434 0.5000162220001181 0.09930234496658023 0.14075345941492118
17 0.6105718924548134 0.5024672918061903 0.09930234496658023 0.14075345941492118
40 0.35759689691904023 0.4982918551161452 0.09930234496658023 0.14075345941492118
33 0.3581137252498242 0.9161242374213936 0.09927507142762985 0.13919095941492116
40 0.22843986201929942 0.917606691154272 0.09927507142762995 0.13919095941492116
64 0.7547978104771719 0.9201342585280073 0.10388075081077872 0.13458528003177223
40 0.6228211075550726 0.9193138725693111 0.10398984496658023 0.1408352800317722