18 0.27373696096878025 0.08600332403722556 0.09767495159900638 0.13862724267981757
40 0.15261139471200158 0.09006302068745359 0.09767495159900638 0.13862724267981757
53 0.05871438632418634 0.517124412675045 0.09613063231716559 0.14173406134627217
46 0.1868757477605048 0.5123652820257716 0.09769313231716562 0.14175224267981754
25 0.5784138079671592 0.4942634560789054 0.09764768052176756 0.13393974267981754
40 0.4572655158126816 0.5022294027291335 0.09764768052176756 0.13393974267981754
34 0.364962823681645 0.9238402260502705 0.1023624515990063 0.1386817866804538
40 0.23209123634762746 0.9315550846793403 0.1023624515990063 0.13688983064131932
35 0.7557241790678393 0.9049480594366315 0.1023624515990063 0.13868178668045417
40 0.6306878176315207 0.909743552752996 0.10236245159900648 0.1386817866804538
26 0.9598047085328932 0.47448095146399394 0.075809041958086 0.1399352040101814
40 0.8457013019170351 0.4801849641151765 0.09764768052176756 0.13393974267981754