18 0.2674698580124085 0.09450616736949832 0.09851132001909005 0.1417522426798176
40 0.1456584926798176 0.09855677335295364 0.09851132001909005 0.14175224267981756
53 0.06235892807126945 0.5256545280076359 0.09698518268618092 0.144859061346272
46 0.19119245273708768 0.5209044880251352 0.09854768268618094 0.14487724267981755
25 0.5815538234006787 0.5027935714114964 0.10001927601845359 0.13708292401336308
40 0.4605691614019515 0.5107595180617244 0.10001927601845359 0.13708292401336308
34 0.3779872121259942 0.9307471100214763 0.10319882001909005 0.13850577995704755
40 0.24445709679340327 0.9346573580124085 0.10310791335136278 0.130685283975183
35 0.7675582421228125 0.913496356102768 0.10319882001909005 0.14180678668045382
40 0.6434122174569943 0.9183009400859051 0.10319882001909005 0.14180678668045382
26 0.9624834606938169 0.48226617946367584 0.07503307861236622 0.14311474801081764
40 0.8485413287316789 0.4887150794477675 0.10001927601845359 0.13708292401336308