18 0.280331842655955 0.07890625 0.09533177601845369 0.1359375
40 0.15920172998886417 0.08203125 0.09533177601845369 0.1359375
53 0.05580072593095773 0.50859375 0.09380563868554459 0.1390625
46 0.18397117926482132 0.5046875 0.09536813868554458 0.1390625
25 0.5755592426002758 0.4890625 0.09683973201781733 0.13125
40 0.4543836765993213 0.49609375 0.09683973201781733 0.13125
34 0.3526088072088239 0.9171875 0.10001927601845377 0.1359375
40 0.21892415054109668 0.925 0.10001927601845369 0.1359375
35 0.743424711211051 0.90078125 0.10001927601845359 0.1359375
40 0.6183792578771875 0.9046875 0.10001927601845359 0.1359375
26 0.9585808279360484 0.47109375 0.07347495735199913 0.1375
40 0.8436734432686392 0.4765625 0.09683973201781733 0.13125