53 0.04052306527482002 0.654333511338318 0.05838519262201593 0.09911020934118149
46 0.12956738455666078 0.6522448473504083 0.06776019262201594 0.09921929734245402
39 0.1177339633064713 0.3638454186823629 0.06776019262201594 0.09921929734245412
41 0.2926976018701528 0.3596317280394527 0.06776019262201594 0.0992192973424542
43 0.4723669211519936 0.35859758139717884 0.06776019262201594 0.09921929734245412
45 0.6504646500747547 0.3559827534213596 0.06776019262201594 0.09921929734245412
46 0.8355618127407372 0.34798099144649475 0.07088519262201558 0.09925566000954493
55 0.30142420383850155 0.6511197940404072 0.06776019262201594 0.09921929734245402
55 0.47874977312034234 0.6500583753978152 0.06776019262201594 0.09921929734245402
57 0.6638742068635637 0.6467441134229505 0.06776019262201594 0.09921929734245402
58 0.8443156857863248 0.6441565574474494 0.06776019262201594 0.09921929734245402