53 0.04052306527482002 0.654119873438371 0.05838519262201593 0.09877384328594588
46 0.12956738455666078 0.6515130239059091 0.06776019262201594 0.09882838544042372
39 0.1177339633064713 0.3631726865718917 0.06776019262201594 0.09882838544042354
41 0.2926976018701528 0.3579408067888089 0.06776019262201594 0.09882838544042354
43 0.4723669211519936 0.35586119808296496 0.06776019262201594 0.09882838544042354
45 0.6504646500747547 0.3522099990180414 0.06776019262201594 0.09882838544042354
46 0.8355618127407372 0.3431309565689761 0.07088519262201558 0.09884656615858275
55 0.30142420383850155 0.6493879634046672 0.06776019262201594 0.09882838544042354
55 0.47874977312034234 0.6472947191602038 0.06776019262201594 0.09882838544042354
57 0.6638742068635637 0.6429031767111384 0.06776019262201594 0.09882838544042372
58 0.8443156857863248 0.6392656131848343 0.06776019262201594 0.09882838544042354