40 0.06181475568367641 0.5100991365782204 0.04378889400871961 0.4934400549564699
27 0.12408028335250862 0.48540079724716984 0.05117146018152962 0.5138180774054345
61 0.19634554747253274 0.4995287612733835 0.04975637239539535 0.5335048491532652
43 0.2696529319795239 0.4912930912391832 0.04387847278767674 0.5280935203030046
66 0.3404327249870902 0.4981105211413284 0.05270172068346587 0.5386857611031481
55 0.4148782071442167 0.5046399299180012 0.048984843660216056 0.5185957597796559
53 0.48785741364151913 0.511284547144863 0.05117146018152962 0.5138180774054345
40 0.6359640522521703 0.5045989887252833 0.04529356057381109 0.5084067485551736
12 0.7008083592941171 0.48464952965590713 0.0489464527549487 0.503744274631141
48 0.7738131597282644 0.5011951369817786 0.05115866321310695 0.5088675823559295
60 0.8438726118743413 0.5130206661585234 0.04744178618985714 0.48877758103243724
65 0.9168454198874324 0.5171900358606326 0.05335807670284302 0.5090403950312129