40 0.06191679375633107 0.6212023756153925 0.043366546402814794 0.4917694758863139
27 0.12380722456697359 0.5889826064026487 0.050732048025891305 0.5118594674611137
61 0.19602983164429696 0.5967700135134362 0.049299895690023535 0.5316038453837775
43 0.26930522589604855 0.5773728995584636 0.043426262219738235 0.5264229412328486
66 0.3400487610670643 0.5776769618196379 0.05224097784066065 0.5366695449839944
55 0.41444945455665105 0.5731745347196971 0.04854116536714435 0.5167235590975846
53 0.48739240321740285 0.5735650003939053 0.050732048025891305 0.5118594674611137
40 0.6354350598736972 0.549679859907831 0.044858414555606005 0.5066785633101848
12 0.700266572834977 0.522525790295304 0.04851557287417718 0.5018720739490699
48 0.7732180523267177 0.5278667510190171 0.050723517194902194 0.5069089724116087
60 0.8432369804988106 0.5330925071920183 0.047023704721385964 0.48696298652519887
65 0.9161671329130787 0.526057230291969 0.05292293068463826 0.5069953758246427