40 0.06048387096774194 0.5668316831683168 0.04105571847507331 0.48514851485148514
27 0.12280058651026393 0.5396039603960396 0.04838709677419355 0.504950495049505
61 0.19501466275659823 0.551980198019802 0.0469208211143695 0.5247524752475248
43 0.26832844574780057 0.5396039603960396 0.04105571847507331 0.5198019801980198
66 0.3390762463343108 0.5445544554455446 0.04985337243401759 0.5297029702970297
55 0.41348973607038125 0.5470297029702971 0.04618768328445748 0.5099009900990099
53 0.4864369501466276 0.551980198019802 0.04838709677419355 0.504950495049505
40 0.6345307917888563 0.5396039603960396 0.04252199413489736 0.5
12 0.6994134897360704 0.5173267326732673 0.04618768328445748 0.49504950495049505
48 0.7723607038123167 0.5297029702970297 0.04838709677419355 0.5
60 0.842375366568915 0.5396039603960396 0.04472140762463343 0.4801980198019802
65 0.9153225806451613 0.5396039603960396 0.050586510263929615 0.5