52 0.54140625 0.5015625 0.0875 0.1453125
40 0.41875 0.50390625 0.0875 0.1453125
40 0.4 0.071875 0.0953125 0.14375
40 0.81484375 0.48671875 0.0875 0.1453125
24 0.94140625 0.48828125 0.1 0.1453125
40 0.4234375 0.92734375 0.09375 0.1453125
30 0.5625 0.92734375 0.0875 0.1453125
13 0.53046875 0.07265625 0.0953125 0.1453125
40 0.82734375 0.92109375 0.1015625 0.1453125
51 0.1453125 0.51171875 0.0875 0.1453125
59 0.16484375 0.92734375 0.0875 0.1453125
39 0.140625 0.09140625 0.0875 0.134375
31 0.95703125 0.9140625 0.0859375 0.140625