52 0.54140625 0.5046875 0.0875 0.1453125
40 0.41875 0.50625 0.0875 0.1453125
40 0.4 0.07421875 0.0953125 0.14375
40 0.81484375 0.49140625 0.0875 0.1453125
24 0.94140625 0.49375 0.1 0.1453125
40 0.4234375 0.928125 0.09375 0.14375
30 0.5625 0.92890625 0.0875 0.1421875
13 0.53046875 0.07578125 0.0953125 0.1453125
40 0.82734375 0.92578125 0.1015625 0.1453125
51 0.1453125 0.5125 0.0875 0.1453125
59 0.16484375 0.92734375 0.0875 0.1453125
39 0.140625 0.0921875 0.0875 0.134375
31 0.95703125 0.91953125 0.0859375 0.140625