24 0.55 0.48110017059200344 0.0875 0.129143154678545
40 0.06328125 0.1133261559914095 0.0875 0.12914315467854492
40 0.42890625 0.0918842239417754 0.0875 0.12914315467854492
40 0.796875 0.06729001989182315 0.0875 0.12914315467854492
40 0.0640625 0.5094108153246367 0.0875 0.129143154678545
40 0.43515625 0.48868649860759367 0.0875 0.129143154678545
40 0.80078125 0.46490081655795945 0.0875 0.129143154678545
40 0.06875 0.9077937713240004 0.0875 0.129143154678545
40 0.44140625 0.8862700232734119 0.0875 0.129143154678545
40 0.8109375 0.8640013878899142 0.0875 0.129143154678545
13 0.17578125 0.10420459997613747 0.0875 0.12914315467854492
14 0.54375 0.08507914592618522 0.0875 0.12914315467854492
16 0.91171875 0.059793884607752715 0.0875 0.11958776921550543
23 0.18046875 0.5018063059755011 0.0875 0.135393154678545
30 0.18671875 0.8986085806413193 0.0875 0.132268154678545
31 0.55390625 0.8802734672581398 0.0875 0.13226815467854464
32 0.93203125 0.8594673345401421 0.0921875 0.13232269867918128