24 0.56171875 0.49375 0.08125 0.1234375
40 0.06640625 0.1140625 0.08125 0.1234375
40 0.43125 0.1015625 0.08125 0.1234375
40 0.79921875 0.0859375 0.08125 0.1234375
40 0.07578125 0.5109375 0.08125 0.1234375
40 0.446875 0.49921875 0.08125 0.1234375
40 0.81328125 0.48359375 0.08125 0.1234375
40 0.08984375 0.90859375 0.08125 0.1234375
40 0.4625 0.896875 0.08125 0.1234375
40 0.83203125 0.8828125 0.08125 0.1234375
13 0.178125 0.10859375 0.08125 0.1234375
14 0.54609375 0.09765625 0.08125 0.1234375
16 0.9140625 0.07578125 0.08125 0.1234375
23 0.1921875 0.50625 0.08125 0.1296875
30 0.2078125 0.90234375 0.08125 0.1265625
31 0.57421875 0.89296875 0.08125 0.1265625
32 0.953125 0.88125 0.0859375 0.1265625