24 0.55 0.48828125 0.0859375 0.1265625
40 0.0703125 0.10625 0.0859375 0.1265625
40 0.4359375 0.0953125 0.0859375 0.1265625
40 0.80390625 0.08203125 0.0859375 0.1265625
40 0.0640625 0.50234375 0.0859375 0.1265625
40 0.43515625 0.49296875 0.0859375 0.1265625
40 0.8015625 0.4796875 0.0859375 0.1265625
40 0.06171875 0.90078125 0.0859375 0.1265625
40 0.434375 0.890625 0.0859375 0.1265625
40 0.8046875 0.87890625 0.0859375 0.1265625
13 0.1828125 0.10078125 0.0859375 0.1265625
14 0.55078125 0.0921875 0.0859375 0.1265625
16 0.91953125 0.07265625 0.0859375 0.1265625
23 0.18046875 0.4984375 0.0859375 0.1328125
30 0.1796875 0.8953125 0.0859375 0.1296875
31 0.546875 0.8875 0.0859375 0.1296875
32 0.92578125 0.878125 0.090625 0.1296875