24 0.5588325609922213 0.4928257659108775 0.0866738190854491 0.12706246974937904
40 0.07989151219844429 0.09875059650739969 0.08667381908544902 0.127062469749379
40 0.4447352621984443 0.09662799766230895 0.0866738190854491 0.127062469749379
40 0.8127176477370636 0.09214346809905898 0.0866738190854491 0.12706246974937896
40 0.07289506099222137 0.49565286758463856 0.08667381908544905 0.12706246974937904
40 0.44397972063314184 0.4950564073032293 0.0866738190854491 0.12706246974937904
40 0.8104041513513011 0.489799718099059 0.0866738190854491 0.12706246974937904
40 0.07058156460645866 0.8933091175846386 0.08667381908544902 0.12706246974937904
40 0.4432287242473791 0.8927035669441498 0.0866738190854491 0.12706246974937868
40 0.8135457694269188 0.8897679018422803 0.0866738190854491 0.12706246974937904
13 0.1916193525575239 0.09653813583320701 0.08667381908544902 0.127062469749379
14 0.5595790121984443 0.09595985626995704 0.0866738190854491 0.12706246974937896
16 0.9283790091733822 0.08522078152716726 0.0866738190854491 0.127062469749379
23 0.18930585617176118 0.4941943858332071 0.08671018052176746 0.13331246974937905
30 0.1885594049655383 0.8910602954741274 0.08669199980360828 0.13018746974937906
31 0.5549474742473791 0.892053606269957 0.08669199980360816 0.13018746974937906
32 0.9346258838882996 0.8914071490136098 0.09137949980360816 0.13021474082661796