24 0.555699848066497 0.49624357940799657 0.09213405068427197 0.13074201734563573
40 0.08543860801240852 0.09238804201145402 0.09213405068427191 0.13074201734563579
40 0.45108178934595394 0.0982049740610881 0.09213405068427197 0.13074201734563579
40 0.8190505393459538 0.10248667811104036 0.09213405068427179 0.13074201734563579
40 0.06973507606617876 0.4882454346753633 0.09213405068427191 0.13074201734563573
40 0.4408651887332697 0.49568850139240633 0.09213405068427179 0.13074201734563573
40 0.808043598066497 0.4991798647755859 0.09213405068427179 0.13074201734563573
40 0.05795597545349447 0.885710780673136 0.09213405068427191 0.13074201734563573
40 0.43142983812058533 0.8931811193904974 0.09213405068427197 0.13074201734563573
40 0.8017514287873582 0.8982713454407678 0.09213405068427179 0.13074201734563573
13 0.19792042667886306 0.09213459802672605 0.09213405068427191 0.13074201734563579
14 0.5659437206794994 0.10110380207667828 0.09213405068427197 0.13074201734563579
16 0.935393154678545 0.09837243746017597 0.09213405068427179 0.13074201734563579
23 0.18614132606617878 0.48959994402449886 0.09220677601845369 0.13699201734563574
30 0.17668779411994903 0.8855300620225899 0.09217041335136278 0.13386701734563572
31 0.5439389287873582 0.8952714254057694 0.09217041335136286 0.13386701734563572
32 0.9228906321212218 0.9035866487905398 0.09685791335136287 0.133921561346272