24 0.5702962779998819 0.5012110872526472 0.08814665665497756 0.1280625446422686
40 0.05538870373287822 0.13061480032431155 0.08814665665497753 0.12806254464226868
40 0.41900119034019756 0.11118828489974078 0.08814665665497756 0.12806254464226868
40 0.7856977666390914 0.08947256655307068 0.08814665665497756 0.12806254464226868
40 0.0857400458567894 0.5271176534085666 0.08814665665497752 0.1280625446422686
40 0.45561616923358395 0.5085814821397973 0.08814665665497756 0.1280625446422686
40 0.8207502455324779 0.4868384902541768 0.08814665665497756 0.1280625446422686
40 0.12079252475017577 0.9244835771096728 0.08814665665497756 0.1280625446422686
40 0.4922311481269703 0.9059746793798537 0.08814665665497756 0.1280625446422686
40 0.8605174979648146 0.885848734572134 0.08814665665497756 0.12806254464226896
13 0.16694381249917617 0.12318985835926086 0.08814665665497756 0.12806254464226868
14 0.5337085726454459 0.10538039001259077 0.08814665665497756 0.12806254464226868
16 0.9003096915580138 0.07819592166592067 0.08811938311602745 0.1265000446422687
23 0.20199629139256253 0.5205557820603669 0.0882557508107789 0.1343125446422686
30 0.23780274674699853 0.9163728425309483 0.08820120373287824 0.13118754464226862
31 0.6030322804322186 0.9000986006453278 0.08820120373287814 0.13118754464226862
32 0.967138275971287 0.8816033396849839 0.06572344805742603 0.13107845048646743