24 0.56171875 0.49765625 0.0828125 0.125
40 0.0734375 0.10703125 0.0828125 0.125
40 0.43828125 0.103125 0.0828125 0.125
40 0.80625 0.09609375 0.0828125 0.125
40 0.07578125 0.5046875 0.0828125 0.125
40 0.446875 0.50078125 0.0828125 0.125
40 0.81328125 0.49375 0.0828125 0.125
40 0.0828125 0.90234375 0.0828125 0.125
40 0.45546875 0.8984375 0.0828125 0.125
40 0.825 0.89296875 0.0828125 0.125
13 0.18515625 0.10390625 0.0828125 0.125
14 0.553125 0.1015625 0.0828125 0.125
16 0.92109375 0.08828125 0.0828125 0.125
23 0.1921875 0.5015625 0.0828125 0.13125
30 0.20078125 0.89765625 0.0828125 0.128125
31 0.5671875 0.89765625 0.0828125 0.128125
32 0.94609375 0.89453125 0.0875 0.128125