15 0.5859375 0.49375 0.0953125 0.1359375
42 0.4625 0.49921875 0.0953125 0.1359375
40 0.3453125 0.509375 0.0953125 0.1359375
40 0.2984375 0.10546875 0.0953125 0.1359375
16 0.41875 0.09765625 0.0953125 0.1359375
40 0.67421875 0.0671875 0.0953125 0.134375
17 0.8015625 0.0640625 0.0953125 0.128125
40 0.37890625 0.91640625 0.0953125 0.1359375
40 0.765625 0.89296875 0.0953125 0.1359375
40 0.84296875 0.46640625 0.0953125 0.1359375
32 0.50390625 0.9078125 0.0953125 0.1359375
33 0.8875 0.8828125 0.0953125 0.1359375
61 0.125 0.93515625 0.0953125 0.128125
53 0.0875 0.53046875 0.0953125 0.1359375
43 0.04765625 0.13046875 0.090625 0.1359375
24 0.96015625 0.4625 0.0796875 0.1359375