15 0.59140625 0.49609375 0.096875 0.1359375
42 0.46796875 0.49765625 0.096875 0.1359375
40 0.35 0.50390625 0.096875 0.1359375
40 0.3125 0.0984375 0.096875 0.1359375
16 0.43359375 0.09375 0.096875 0.1359375
40 0.68984375 0.071875 0.096875 0.1359375
17 0.81796875 0.0703125 0.096875 0.1359375
40 0.375 0.91171875 0.096875 0.1359375
40 0.7625 0.9015625 0.096875 0.1359375
40 0.84921875 0.478125 0.096875 0.1359375
32 0.5 0.90703125 0.096875 0.1359375
33 0.884375 0.8953125 0.096875 0.1359375
61 0.1203125 0.925 0.096875 0.1359375
53 0.0921875 0.515625 0.096875 0.1359375
43 0.05859375 0.115625 0.096875 0.1359375
24 0.96328125 0.478125 0.0734375 0.1359375