15 0.59140625 0.49765625 0.1 0.1375
42 0.46796875 0.496875 0.1 0.1375
40 0.35 0.5015625 0.1 0.1375
40 0.31953125 0.0953125 0.1 0.1375
16 0.440625 0.09296875 0.1 0.1375
40 0.69765625 0.075 0.1 0.1375
17 0.82578125 0.07578125 0.1 0.1375
40 0.36796875 0.909375 0.1 0.1375
40 0.75546875 0.90625 0.1 0.1375
40 0.84921875 0.484375 0.1 0.1375
32 0.49296875 0.90703125 0.1 0.1375
33 0.87734375 0.90234375 0.1 0.1375
61 0.11328125 0.91796875 0.1 0.1375
53 0.0921875 0.50859375 0.1 0.1375
43 0.065625 0.1078125 0.1 0.1375
24 0.9625 0.4859375 0.075 0.1375