15 0.5945832118472578 0.4953125 0.10083757142762995 0.1375
42 0.47120025892515843 0.4984375 0.10083757142762995 0.1375
40 0.3541627633893853 0.50703125 0.10083757142762995 0.1375
40 0.30725516680124726 0.10234375 0.10083757142762995 0.1375
16 0.42745857264544596 0.09609375 0.10083757142762995 0.1375
40 0.6832585592527654 0.0703125 0.09924779788867966 0.1359375
17 0.8105886724832901 0.06953125 0.09913870373287814 0.1296875
40 0.3878300202859489 0.9140625 0.10083757142762995 0.1375
40 0.7742623981269704 0.89765625 0.10083757142762977 0.1375
40 0.8520002455324779 0.47265625 0.10083757142762977 0.1375
32 0.5127209261301475 0.9078125 0.10083757142762995 0.1375
33 0.8960010304322186 0.88984375 0.10083757142762977 0.1375
61 0.1334016189059771 0.92890625 0.09913870373287823 0.1296875
53 0.0958553855483639 0.5234375 0.10083757142762992 0.1375
43 0.056047222807601695 0.12265625 0.09615007142762992 0.1375
24 0.9628796497551187 0.4703125 0.07424070048976254 0.1375