15 0.5708913004440971 0.505648095525441 0.09297836123992678 0.1364738311856975
42 0.4474856167008758 0.5103987071581513 0.0929783612399266 0.1364738311856975
40 0.3303572040348933 0.51987318022718 0.09297836123992678 0.1364738311856975
40 0.28816359621281207 0.11573512607064966 0.09297836123992678 0.13647383118569745
16 0.408430644417414 0.10862258371978022 0.09297836123992678 0.13647383118569745
40 0.6644942920562819 0.07808215260883752 0.09297836123992678 0.13647383118569745
17 0.7925874757995033 0.07335881205336618 0.0929783612399266 0.13647383118569745
40 0.3600689925751337 0.9270635115110732 0.09297836123992678 0.1364738311856975
40 0.7466559323684793 0.9066571253832786 0.0929783612399266 0.1364738311856975
40 0.8285447191602039 0.4798042547735779 0.09297836123992695 0.1364738311856975
32 0.4850189956001958 0.9191969902374426 0.09297836123992678 0.1364738311856975
33 0.8684672998549219 0.8964286733914888 0.0929783612399266 0.1364738311856975
61 0.10624910098639004 0.9400028312838934 0.09288745764913058 0.11999433743221317
53 0.07189071906200792 0.5402437257995032 0.09297836123992673 0.1364738311856975
43 0.04065733713762579 0.14007555415653025 0.08047836123992674 0.13640110831306052
24 0.9535164063212708 0.47662523349994734 0.09296718735745842 0.1364738311856975