15 0.56796875 0.5015625 0.0875 0.1328125
42 0.44453125 0.50390625 0.0875 0.1328125
40 0.3265625 0.51015625 0.0875 0.1328125
40 0.30078125 0.10546875 0.0875 0.1328125
16 0.421875 0.10078125 0.0875 0.1328125
40 0.67890625 0.0765625 0.0875 0.1328125
17 0.80703125 0.07421875 0.0875 0.1328125
40 0.33984375 0.9171875 0.0875 0.1328125
40 0.72734375 0.90625 0.0875 0.1328125
40 0.8265625 0.48203125 0.0875 0.1328125
32 0.46484375 0.91328125 0.0875 0.1328125
33 0.84921875 0.89921875 0.0875 0.1328125
61 0.08515625 0.9328125 0.0875 0.1328125
53 0.06796875 0.52421875 0.0875 0.1328125
43 0.046875 0.12421875 0.0875 0.1328125
24 0.9515625 0.48125 0.0875 0.1328125