37 0.02480916030534351 0.28294573643410853 0.01812977099236641 0.10465116279069768
38 0.05152671755725191 0.28294573643410853 0.01812977099236641 0.10465116279069768
37 0.07776717557251908 0.2771317829457364 0.01812977099236641 0.10852713178294573
49 0.13263358778625955 0.2771317829457364 0.020038167938931296 0.10852713178294573
46 0.18606870229007633 0.2713178294573643 0.019083969465648856 0.10465116279069768
37 0.21135496183206107 0.27325581395348836 0.01717557251908397 0.10465116279069768
38 0.2390267175572519 0.2713178294573643 0.01717557251908397 0.10077519379844961
48 0.2666984732824427 0.26744186046511625 0.019083969465648856 0.10465116279069768
41 0.32061068702290074 0.2693798449612403 0.019083969465648856 0.10465116279069768
47 0.37404580152671757 0.2655038759689923 0.019083969465648856 0.10465116279069768
48 0.40219465648854963 0.26356589147286824 0.019083969465648856 0.10852713178294573
46 0.42843511450381677 0.2596899224806202 0.019083969465648856 0.10465116279069768
37 0.4551526717557252 0.2616279069767442 0.01812977099236641 0.10852713178294573
45 0.5085877862595419 0.2596899224806202 0.01812977099236641 0.10465116279069768
47 0.5620229007633588 0.2558139534883721 0.019083969465648856 0.10852713178294573
37 0.5892175572519084 0.25387596899224807 0.01717557251908397 0.10852713178294573
38 0.6159351145038168 0.25387596899224807 0.01812977099236641 0.10852713178294573
48 0.6431297709923665 0.25 0.020038167938931296 0.10852713178294573
37 0.8840648854961832 0.2441860465116279 0.01812977099236641 0.10465116279069768
47 0.7504770992366412 0.24612403100775193 0.019083969465648856 0.10465116279069768
37 0.7767175572519084 0.2441860465116279 0.01812977099236641 0.10852713178294573
38 0.8034351145038168 0.2441860465116279 0.019083969465648856 0.10465116279069768
37 0.8315839694656488 0.2441860465116279 0.01717557251908397 0.10465116279069768
38 0.6960877862595419 0.24612403100775193 0.01812977099236641 0.10465116279069768
38 0.02862595419847328 0.45930232558139533 0.01812977099236641 0.10465116279069768
48 0.055820610687022904 0.4573643410852713 0.020038167938931296 0.10465116279069768
38 0.08206106870229007 0.45542635658914726 0.01717557251908397 0.10077519379844961
43 0.10925572519083969 0.45542635658914726 0.020038167938931296 0.10077519379844961
48 0.16269083969465647 0.45348837209302323 0.020038167938931296 0.10465116279069768
41 0.21564885496183206 0.4496124031007752 0.019083969465648856 0.10077519379844961
37 0.2428435114503817 0.4496124031007752 0.01812977099236641 0.10077519379844961
46 0.2700381679389313 0.44573643410852715 0.020038167938931296 0.10077519379844961
37 0.2958015267175573 0.44573643410852715 0.01812977099236641 0.10077519379844961
47 0.3501908396946565 0.4437984496124031 0.020038167938931296 0.10077519379844961
46 0.4050572519083969 0.43992248062015504 0.020038167938931296 0.10465116279069768
48 0.43177480916030536 0.437984496124031 0.01812977099236641 0.09689922480620156
38 0.4570610687022901 0.436046511627907 0.01717557251908397 0.10077519379844961
37 0.4842557251908397 0.436046511627907 0.01812977099236641 0.10465116279069768
46 0.5381679389312977 0.43023255813953487 0.020038167938931296 0.10465116279069768
47 0.5925572519083969 0.43023255813953487 0.020038167938931296 0.10465116279069768
48 0.6192748091603053 0.42829457364341084 0.020038167938931296 0.10465116279069768
46 0.6455152671755725 0.4263565891472868 0.020038167938931296 0.10465116279069768
37 0.6722328244274809 0.4263565891472868 0.01812977099236641 0.10077519379844961
41 0.6999045801526718 0.4263565891472868 0.020038167938931296 0.10077519379844961
39 0.7533396946564885 0.42441860465116277 0.020038167938931296 0.10465116279069768
37 0.8067748091603053 0.42248062015503873 0.01812977099236641 0.10077519379844961
46 0.8344465648854962 0.42248062015503873 0.020038167938931296 0.10077519379844961
37 0.8602099236641222 0.42054263565891475 0.01812977099236641 0.10465116279069768
41 0.887881679389313 0.42054263565891475 0.019083969465648856 0.10465116279069768
43 0.9408396946564885 0.4166666666666667 0.019083969465648856 0.10465116279069768