37 0.025763358778625955 0.24817330715867492 0.01812977099236641 0.10593661330866713
38 0.05248091603053435 0.2482169435230544 0.01812977099236641 0.10593661330866713
37 0.07872137404580153 0.2424804540442715 0.01812977099236641 0.10981258230091526
49 0.13358778625954199 0.2424662438374013 0.020038167938931296 0.10994789288175418
46 0.18702290076335878 0.2367395630777882 0.019083969465648856 0.10600426859908663
37 0.21230916030534353 0.23688468237779683 0.01717557251908397 0.10586895801824776
38 0.23998091603053434 0.23492267895563285 0.01717557251908397 0.10199298902599964
48 0.2676526717557252 0.23102269103734482 0.019083969465648856 0.10600426859908663
41 0.32156488549618323 0.23301412061701812 0.019083969465648856 0.10600426859908668
47 0.375 0.22922542435352902 0.019083969465648856 0.10600426859908663
48 0.40314885496183206 0.22722959328615533 0.019083969465648856 0.10988023759133463
46 0.42938931297709926 0.22343108830349645 0.019083969465648856 0.10600426859908663
37 0.45610687022900764 0.22541270916399997 0.01812977099236641 0.10981258230091526
45 0.5095419847328244 0.2235619973966349 0.01812977099236641 0.10593661330866724
47 0.5629770992366412 0.21977330113314583 0.019083969465648856 0.10988023759133468
37 0.5901717557251909 0.21784512535619158 0.01717557251908397 0.10974492701049582
38 0.6168893129770993 0.21788876172057106 0.01812977099236641 0.10981258230091531
48 0.6440839694656488 0.21402260144749274 0.020038167938931296 0.10994789288175412
37 0.8850190839694656 0.20856754759332632 0.01812977099236641 0.10593661330866719
47 0.7514312977099237 0.2102873502675529 0.019083969465648856 0.10600426859908663
37 0.7776717557251909 0.2084268297810181 0.01812977099236641 0.10981258230091526
38 0.8043893129770993 0.20847046614539758 0.019083969465648856 0.10600426859908668
37 0.8325381679389313 0.2084126195741479 0.01717557251908397 0.10586895801824776
38 0.6970419847328244 0.2102677328292134 0.01812977099236641 0.10593661330866719
38 0.029103053435114504 0.4242931027894937 0.01812977099236641 0.10593661330866724
48 0.05629770992366412 0.42236492701253936 0.020038167938931296 0.10607192388950612
38 0.0825381679389313 0.4205044065260045 0.01717557251908397 0.10199298902599964
43 0.10973282442748092 0.4205142152451743 0.020038167938931296 0.10219595489725805
48 0.16316793893129772 0.4186635034778093 0.020038167938931296 0.10607192388950612
41 0.21612595419847327 0.4149086348595299 0.019083969465648856 0.1021282996068385
37 0.2433206106870229 0.41491844357869967 0.01812977099236641 0.10206064431641919
46 0.2705152671755725 0.4110522833056214 0.020038167938931296 0.10219595489725805
37 0.29627862595419846 0.4111635749604203 0.01812977099236641 0.10206064431641919
47 0.3506679389312977 0.4092452079026358 0.020038167938931296 0.10219595489725805
46 0.40553435114503816 0.40535502870351753 0.020038167938931296 0.10607192388950612
48 0.43225190839694655 0.403460680571773 0.01812977099236641 0.09818467532417101
38 0.4575381679389313 0.3997298308795336 0.01717557251908397 0.10199298902599964
37 0.4847328244274809 0.3997396395987033 0.01812977099236641 0.10593661330866724
46 0.538645038167939 0.39397913119388056 0.020038167938931296 0.10607192388950612
47 0.5930343511450382 0.39399874863222 0.020038167938931296 0.10607192388950612
48 0.6197519083969466 0.3921044005004755 0.020038167938931296 0.10607192388950612
46 0.6459923664122137 0.39024388001394067 0.020038167938931296 0.10607192388950612
37 0.6727099236641222 0.39028751637832015 0.01812977099236641 0.10206064431641919
41 0.700381679389313 0.3902634974522802 0.020038167938931296 0.10219595489725805
39 0.7538167938931297 0.38841278568491516 0.020038167938931296 0.10607192388950612
37 0.8072519083969466 0.3865620739175501 0.01812977099236641 0.10206064431641919
46 0.8349236641221374 0.3865380549915101 0.020038167938931296 0.10219595489725805
37 0.8606870229007634 0.38471136215018503 0.01812977099236641 0.10593661330866713
41 0.8883587786259542 0.3846873432241451 0.019083969465648856 0.10600426859908657
43 0.9413167938931297 0.3809324746058657 0.019083969465648856 0.10600426859908657