24 0.48254641793053976 0.49698791939845155 0.08982609016268803 0.13228633601209036
40 0.20985224385167994 0.0844675486950896 0.08982609016268786 0.13228633601209033
40 0.5964891806199634 0.07490492874758718 0.08982609016268786 0.13228633601209036
40 0.3560111890077787 0.5002027313812706 0.08982609016268786 0.1322863360120902
40 0.24210024257513368 0.9277544720321348 0.08982609016268786 0.13228633601209056
40 0.6412508148820366 0.920681052752996 0.08982609016268786 0.13228633601209056
17 0.3332442920562818 0.07809137404517974 0.08982609016268786 0.13228633601209036
18 0.7214755450813439 0.07401568543122276 0.08982609016268786 0.13228633601209036
17 0.6098674420328407 0.49456344808240527 0.08982609016268786 0.13228633601209036
33 0.3740633148820366 0.917572044716725 0.08982609016268786 0.13228633601209056
35 0.7646155920093995 0.9096173781030862 0.08982609016268803 0.1322863360120902