37 0.021469465648854963 0.18410852713178294 0.01812977099236641 0.10852713178294573
38 0.0491412213740458 0.19186046511627908 0.01717557251908397 0.10852713178294573
37 0.07538167938931298 0.19573643410852712 0.01717557251908397 0.1124031007751938
49 0.13024809160305342 0.2131782945736434 0.019083969465648856 0.1124031007751938
46 0.183206106870229 0.22674418604651161 0.019083969465648856 0.10852713178294573
37 0.20801526717557253 0.23449612403100775 0.01717557251908397 0.10852713178294573
38 0.23568702290076335 0.24224806201550386 0.016221374045801526 0.10852713178294573
48 0.2633587786259542 0.24806201550387597 0.01812977099236641 0.10852713178294573
41 0.3172709923664122 0.26744186046511625 0.01812977099236641 0.10852713178294573
47 0.37070610687022904 0.2810077519379845 0.019083969465648856 0.1124031007751938
48 0.39837786259541985 0.28875968992248063 0.019083969465648856 0.1124031007751938
46 0.42509541984732824 0.29457364341085274 0.01812977099236641 0.10852713178294573
37 0.4518129770992366 0.30426356589147285 0.01812977099236641 0.1124031007751938
45 0.5052480916030534 0.32170542635658916 0.01812977099236641 0.10852713178294573
47 0.5586832061068703 0.3333333333333333 0.019083969465648856 0.1124031007751938
37 0.5854007633587787 0.34108527131782945 0.01717557251908397 0.1124031007751938
38 0.612118320610687 0.3507751937984496 0.01717557251908397 0.1124031007751938
48 0.6393129770992366 0.35658914728682173 0.020038167938931296 0.1124031007751938
37 0.8802480916030534 0.43023255813953487 0.01717557251908397 0.10852713178294573
47 0.7461832061068703 0.3875968992248062 0.01812977099236641 0.10852713178294573
37 0.7729007633587787 0.39728682170542634 0.01812977099236641 0.1124031007751938
38 0.799618320610687 0.40310077519379844 0.01812977099236641 0.10852713178294573
37 0.8272900763358778 0.4127906976744186 0.016221374045801526 0.10852713178294573
38 0.6922709923664122 0.37209302325581395 0.01717557251908397 0.1124031007751938
38 0.018606870229007633 0.36046511627906974 0.01717557251908397 0.1124031007751938
48 0.04580152671755725 0.3682170542635659 0.020038167938931296 0.10852713178294573
38 0.0715648854961832 0.375968992248062 0.01717557251908397 0.10465116279069768
43 0.09875954198473283 0.38372093023255816 0.019083969465648856 0.10465116279069768
48 0.15267175572519084 0.4011627906976744 0.020038167938931296 0.10852713178294573
41 0.20610687022900764 0.4108527131782946 0.01812977099236641 0.10852713178294573
37 0.23282442748091603 0.42054263565891475 0.01717557251908397 0.10465116279069768
46 0.2595419847328244 0.4263565891472868 0.019083969465648856 0.10465116279069768
37 0.2857824427480916 0.43410852713178294 0.01717557251908397 0.10852713178294573
47 0.3401717557251908 0.45155038759689925 0.019083969465648856 0.10465116279069768
46 0.3945610687022901 0.46511627906976744 0.019083969465648856 0.10852713178294573
48 0.42127862595419846 0.4728682170542636 0.019083969465648856 0.10465116279069768
38 0.44656488549618323 0.4806201550387597 0.01717557251908397 0.10465116279069768
37 0.4737595419847328 0.4883720930232558 0.01717557251908397 0.10852713178294573
46 0.5271946564885496 0.501937984496124 0.019083969465648856 0.10852713178294573
47 0.5815839694656488 0.5174418604651163 0.019083969465648856 0.1124031007751938
48 0.6087786259541985 0.5251937984496124 0.019083969465648856 0.10852713178294573
46 0.6350190839694656 0.5329457364341085 0.019083969465648856 0.10852713178294573
37 0.6617366412213741 0.5406976744186046 0.01717557251908397 0.10852713178294573
41 0.6894083969465649 0.5503875968992248 0.019083969465648856 0.10465116279069768
39 0.7428435114503816 0.5658914728682171 0.019083969465648856 0.10852713178294573
37 0.7958015267175572 0.5813953488372093 0.01717557251908397 0.10465116279069768
46 0.8229961832061069 0.5910852713178295 0.019083969465648856 0.10852713178294573
37 0.8492366412213741 0.5988372093023255 0.01812977099236641 0.1124031007751938
41 0.8769083969465649 0.6065891472868217 0.019083969465648856 0.1124031007751938
43 0.9298664122137404 0.622093023255814 0.01812977099236641 0.10852713178294573