37 0.02226060647336864 0.1830937550269209 0.018596127688921847 0.10938405044927367
38 0.049965673391170584 0.18953776452070598 0.017641929215639413 0.1093389494668354
37 0.0762227870027433 0.19217345649590042 0.01765858481194496 0.1132149184590834
49 0.13116414939985874 0.20702201047081376 0.019566981758509818 0.11330512042396007
46 0.18418045925410376 0.2180847974183556 0.0195503261622043 0.109429151431712
37 0.20902293075205836 0.2246641098594556 0.017641929215639413 0.1093389494668354
38 0.2367279976698603 0.23110811935324063 0.01668773074235697 0.10929384848439706
48 0.26442473678950945 0.23561414435090167 0.018596127688921854 0.10938405044927367
41 0.31842022851149526 0.2524457838043773 0.018596127688921854 0.10938405044927373
47 0.37191363760238144 0.2634860202607 0.019566981758509818 0.11330512042396002
48 0.3996187045201834 0.2699300297544851 0.019566981758509818 0.11330512042396002
46 0.42636124516655016 0.2744811557345844 0.018596127688921854 0.10938405044927373
37 0.4531204414092224 0.2829082507069318 0.018612783285227485 0.11326001944152178
45 0.5066305060964141 0.2978244561555026 0.018596127688921854 0.10938405044927361
47 0.5601155873891476 0.3069267081157013 0.01956698175850971 0.11330512042396002
37 0.586866455833667 0.31341581859192463 0.017658584811944822 0.11321491845908345
38 0.6136256520763393 0.321842913564272 0.01765858481194504 0.11321491845908345
48 0.6408452919593474 0.3263714890531522 0.02052118023179237 0.11335022140639835
37 0.8820968627929696 0.3886269018401915 0.017641929215639413 0.10933894946683528
47 0.7478487657374253 0.35232793095804565 0.018596127688921854 0.10938405044927361
37 0.7746079619800976 0.3607550259303931 0.018612783285227266 0.11326001944152178
38 0.8013505026264643 0.3653061519104924 0.018596127688921854 0.10938405044927373
37 0.8290638973424191 0.3736881459004015 0.01668773074235697 0.10929384848439706
38 0.6938699296117452 0.3393722604968181 0.017658584811944822 0.11321491845908334
38 0.02015584068542389 0.3595856471215227 0.017658584811944954 0.11321491845908345
48 0.04738380836658461 0.3660522071065269 0.020504524635486725 0.10947425241415028
38 0.07318047833782168 0.37258641856518854 0.017625273619333838 0.10546298047458733
43 0.1004084460189824 0.3790529785501928 0.019533670565898723 0.10555318243946389
48 0.1543956099428154 0.3939466335075444 0.02050452463548674 0.10947425241415028
41 0.20787236343739607 0.40111090097161906 0.018596127688921854 0.10938405044927361
37 0.23463155968006832 0.40953799594396645 0.01762527361933389 0.10546298047458733
46 0.26137410032643504 0.4140891219240658 0.019533670565898775 0.10555318243946389
37 0.2876478695343133 0.4206007828915083 0.017641929215639413 0.10933894946683528
47 0.3421121326947875 0.4354718873576407 0.019533670565898668 0.10555318243946389
46 0.39655974025895624 0.4464670228315252 0.0195503261622043 0.10942915143171195
48 0.42331060870347564 0.45295613330774853 0.019533670565898668 0.10555318243946389
38 0.44863017943807154 0.45951289525762934 0.01762527361933389 0.10546298047458733
37 0.47585814711923224 0.4659794552426336 0.017641929215639413 0.10933894946683528
46 0.5293515562101185 0.4770196916989563 0.0195503261622043 0.10942915143171195
47 0.58380749157244 0.4899528116689647 0.01956698175850971 0.11330512042396002
48 0.6110354592536007 0.496419371653969 0.0195503261622043 0.10942915143171195
46 0.6373092284614789 0.5029310326214116 0.0195503261622043 0.10942915143171195
37 0.6640600969059984 0.5094201430976348 0.017641929215639413 0.10933894946683528
41 0.6917734916219531 0.517802137087544 0.019533670565898668 0.10555318243946389
39 0.7452752285109921 0.5307803580399907 0.0195503261622043 0.10942915143171195
37 0.7982998661633899 0.5437811294836565 0.017625273619334 0.10546298047458721
46 0.8255361616427035 0.5521856739647848 0.0195503261622043 0.10942915143171195
37 0.8518099308505817 0.5586973349322273 0.018612783285227266 0.11326001944152167
41 0.8795149977683836 0.5651413444260124 0.01956698175850971 0.11330512042396002
43 0.9325396354207814 0.5781421158696782 0.018596127688921854 0.10938405044927361