45 0.07744101062222933 0.3263983206556369 0.02708975867281791 0.04562158267027261
39 0.15488475795672926 0.31690459464513737 0.02708975867281791 0.04562158267027261
13 0.2698103239576838 0.3085370166295472 0.02705339600572696 0.042496582670272606
40 0.23617112062382012 0.3128341653007742 0.02705339600572696 0.042496582670272606
40 0.3510785052912292 0.306029087285184 0.02705339600572696 0.04249658267027252
12 0.38472679929186554 0.30095068861395696 0.02705339600572696 0.042496582670272606
54 0.4597722526257291 0.2961717346037756 0.027053396005727138 0.042496582670272606
3 0.4972995246260473 0.2933916325986849 0.02705339600572696 0.042496582670272606
66 0.5739165686266837 0.28781324725495816 0.027053396005727138 0.042496582670272606
40 0.6552029312937746 0.2837428179105951 0.027053396005727138 0.042496582670272606
28 0.6872978159611837 0.27790135057291343 0.027053396005727138 0.042496582670272606
40 0.7670307692950472 0.27306785256209576 0.02705339600572696 0.042496582670272606
26 0.8014421319621381 0.26954286322409593 0.030196577339272324 0.044095445337363426
46 0.8780773572963199 0.2624019778803691 0.030196577339272324 0.044095445337363426
57 0.1629047012651395 0.500380165977092 0.030196577339272456 0.044095445337363516
64 0.08550640726450316 0.5059676419875915 0.030196577339272456 0.044095445337363516
40 0.24031208593254857 0.49401143996659247 0.0301965773392725 0.044095445337363516
33 0.2794109485996395 0.4904319066279563 0.0301965773392725 0.044095445337363516
40 0.35293026460059396 0.4825461339513204 0.0301965773392725 0.044095445337363516
29 0.39200185526736664 0.48131035061268435 0.0301965773392725 0.044095445337363516
40 0.4647308306015484 0.4742149186028211 0.030196577339272324 0.044095445337363516
40 0.6915024159373211 0.4536098752387316 0.0301965773392725 0.044095445337363516
40 0.5781029872692758 0.46508427192077645 0.030196577339272324 0.044095445337363516
40 0.8838626386060028 0.4365298212126419 0.030196577339272324 0.044095445337363516
57 0.5030484432686393 0.4706444759309577 0.030196577339272324 0.044095445337363516
22 0.615657531269912 0.45996041991568576 0.0301965773392725 0.044095445337363516
21 0.7290115066040939 0.4523922732336409 0.030196577339272324 0.044095445337363516
51 0.8048745726050484 0.4444792285566869 0.030196577339272324 0.044095445337363516
18 0.9213899106063209 0.4337497192075512 0.030196577339272324 0.044095445337363516
63 0.05813429057927675 0.6429863839910913 0.028634077339272458 0.04407726400381797
40 0.17391383191441304 0.6283597153087284 0.030196577339272456 0.044095445337363516
40 0.2864956479153675 0.6200194092934563 0.0301965773392725 0.044095445337363516
40 0.438921213916322 0.6112154792727755 0.0301965773392725 0.044095445337363516
40 0.5515393925843675 0.5997501732575035 0.0301965773392725 0.044095445337363516
40 0.6664467772517766 0.5929450952419133 0.030196577339272324 0.044095445337363516
40 0.7805638212524129 0.5869303578930959 0.0301965773392725 0.044095445337363516
40 0.8970518872533674 0.5785445985439601 0.030196577339272324 0.044095445337363516
20 0.9346064312540037 0.5734207465388695 0.030196577339272324 0.044095445337363516
25 0.8188814339195037 0.5833599152212324 0.030196577339272324 0.044095445337363516
31 0.7047462085853219 0.5909371525700499 0.0301965773392725 0.044095445337363516
32 0.5906109832511401 0.5985143899188674 0.030178396005727137 0.042532945337363515
34 0.47644848591664013 0.6084353772676849 0.030196577339272324 0.044095445337363516
35 0.3247859885821403 0.618792716621593 0.0301965773392725 0.044095445337363516
36 0.21142292258118575 0.6271421133036377 0.03019657733927241 0.044095445337363516