45 0.07140840914994107 0.3214425775167099 0.026817030054229286 0.04421365016215582
39 0.1495015928931624 0.3146101505691929 0.026817030054229286 0.04421365016215582
13 0.2651084121750032 0.3094669086868677 0.026798849336070064 0.041088650162155814
40 0.2307515928931624 0.31319192654377515 0.026798849336070064 0.041088650162155814
40 0.3463720477136226 0.31039243466145006 0.026798849336070064 0.041088650162155814
12 0.3799476169954633 0.3066810535740177 0.026798849336070064 0.041088650162155814
54 0.4549430718159235 0.3045906737044014 0.026798849336070064 0.041088650162155814
3 0.4924339814568439 0.3023736087695933 0.026798849336070064 0.041088650162155814
66 0.5689873910977643 0.2994747053610266 0.026798849336070064 0.041088650162155814
40 0.6502419362773042 0.2988377313356089 0.026798849336070064 0.041088650162155814
28 0.6830317103796051 0.2943587370176518 0.026798849336070064 0.041088650162155814
40 0.7634913700205255 0.2913916497617093 0.026798849336070064 0.041088650162155814
26 0.7978572796614458 0.28922913190480176 0.029932939695149763 0.04270569724005639
46 0.8744015989432867 0.28476772849623516 0.02993293969514994 0.04270569724005639
57 0.1490072100850175 0.4982311741081432 0.029932939695149673 0.04270569724005639
64 0.07167255044409711 0.5011437142861851 0.029932939695149673 0.04270569724005639
40 0.22633732454639804 0.49453738393010144 0.029932939695149763 0.04270569724005639
33 0.2653861890077786 0.49151179545634294 0.029932939695149673 0.04270569724005639
40 0.3395913034691592 0.4878725523562018 0.029932939695149673 0.04270569724005639
29 0.3786538034691592 0.4871907138824433 0.029932939695149673 0.04270569724005639
40 0.45129187275099997 0.4827974943212524 0.029932939695149586 0.04270569724005639
40 0.679366875776062 0.47022180763450283 0.029932939695149586 0.04270569724005639
40 0.5653361920328408 0.47768152597787755 0.029932939695149586 0.04270569724005639
40 0.8722947191602038 0.45982227557413574 0.02993293969514994 0.04270569724005639
57 0.49034073721238053 0.47977190584749396 0.029932939695149586 0.04270569724005639
22 0.6028180113146815 0.47390196104306953 0.029932939695149586 0.04270569724005639
21 0.7168714209556019 0.47034849269969464 0.029932939695149586 0.04270569724005639
51 0.7926299450579029 0.46511947606060317 0.029932939695149586 0.04270569724005639
18 0.9097901739806641 0.4583864606393277 0.02993293969514994 0.04270569724005639
63 0.03808386650448403 0.6368999821430925 0.028370439695149675 0.042678423701106284
40 0.15366341470908593 0.6270692402607674 0.029932939695149673 0.04270569724005639
40 0.2669310291704665 0.6227481586868677 0.029932939695149673 0.04270569724005639
40 0.4192702339909268 0.6193077386392096 0.029932939695149586 0.04270569724005639
40 0.532519667734148 0.6118616570653099 0.029932939695149586 0.04270569724005639
40 0.6473588725546083 0.60907580195246 0.029932939695149586 0.04270569724005639
40 0.7614168273750683 0.6063035836090851 0.029932939695149586 0.04270569724005639
40 0.8785952370159889 0.6026955681878097 0.029932939695149586 0.04270569724005639
20 0.9160770562978297 0.5989160032530014 0.02993293969514994 0.04270569724005639
25 0.8004702370159889 0.6040592451353266 0.029932939695149586 0.04270569724005639
31 0.6856355773750684 0.6076263502481766 0.029932939695149586 0.04270569724005639
32 0.5715867129136878 0.6119610685915514 0.029923849336070063 0.0411431972400564
34 0.45676114363184706 0.6170906737044014 0.029932939695149586 0.04270569724005639
35 0.3052122791704665 0.6220799569825843 0.029932939695149673 0.04270569724005639
36 0.19116341470908593 0.6264146753259592 0.029932939695149673 0.04270569724005639