45 0.08386373329091104 0.31351815467854494 0.025509077339272455 0.04404090133672707
39 0.1612711179583201 0.30894938068904443 0.025509077339272455 0.04404090133672707
13 0.276932480625411 0.3071697993714073 0.025472714672181596 0.04091590133672707
40 0.24252111795832007 0.3098948100334075 0.025472714672181596 0.04091590133672707
40 0.35816429929186555 0.3096777287157705 0.025472714672181596 0.04091590133672707
12 0.3918035026257291 0.30616237738699753 0.025472714672181596 0.04091590133672707
54 0.4668125932925019 0.3062538313971789 0.025472714672181596 0.04091590133672707
3 0.5043307746260474 0.3051276834022696 0.025472714672181596 0.04091590133672707
66 0.5809114559595928 0.30445606874599634 0.025472714672181596 0.04091590133672707
40 0.6621705466263654 0.3046202480903595 0.025472714672181596 0.04091590133672716
28 0.694247249960229 0.3010867154280411 0.025472714672181596 0.04091590133672707
40 0.7747341812937746 0.3004605541056315 0.025472714672181596 0.04091590133672716
26 0.80912736262732 0.2992980434436313 0.028615896005727136 0.04251476400381797
46 0.8857353159611836 0.29628267878735814 0.028615896005727136 0.04251476400381797
57 0.16304106126673035 0.492588584022908 0.02861589600572705 0.04251476400381797
64 0.08567003926641217 0.4940323580124085 0.028615896005727004 0.04251476400381797
40 0.24041208326704852 0.49114481003340754 0.02861589600572696 0.04251476400381797
33 0.27950185526736665 0.48925559337204366 0.02861589600572696 0.04251476400381797
40 0.3537660586012302 0.4862129567154523 0.02861589600572696 0.04251476400381797
29 0.3928285586012303 0.48666749005408844 0.02861589600572705 0.04251476400381797
40 0.46552117126832115 0.4843879220639516 0.02861589600572696 0.04251476400381797
40 0.6929830999363665 0.4768770560948138 0.02861589600572696 0.04251476400381797
40 0.5788478746021848 0.4817998187459963 0.028615896005727136 0.04251476400381797
40 0.8852705972708665 0.4705196101209035 0.028615896005727136 0.04251476400381797
57 0.5038296932686392 0.482489614735815 0.028615896005727136 0.04251476400381797
22 0.6163933279360483 0.47832992075108705 0.028615896005727136 0.04251476400381797
21 0.7304740092695938 0.4780946580999045 0.028615896005727136 0.04251476400381797
51 0.8063098032702302 0.4742889527768586 0.028615896005727136 0.04251476400381797
18 0.9227796879376392 0.47017471212599415 0.028615896005727136 0.04251476400381797
63 0.0536286039147312 0.6288340720082723 0.027053396005727003 0.04249658267027243
40 0.16935360124923113 0.6215857406906353 0.028615896005727004 0.04251476400381797
40 0.282671213916322 0.61977888737268 0.02861589600572696 0.04251476400381797
40 0.43503314524986747 0.6199890673933609 0.02861589600572696 0.04251476400381797
40 0.5476058705840492 0.6150481234086329 0.028615896005727136 0.04251476400381797
40 0.6624678019175947 0.6148219514242231 0.028615896005727136 0.04251476400381797
40 0.7765393925843674 0.6153679387730405 0.02861589600572696 0.04251476400381797
40 0.8937632552514583 0.613606538788949 0.028615896005727136 0.04251476400381797
20 0.9312996179185493 0.6109178907940396 0.028615896005727136 0.04251476400381797
25 0.8156291645846856 0.6134787221116766 0.028615896005727136 0.04251476400381797
31 0.7007581425843674 0.6144861440960865 0.02861589600572696 0.04251476400381797
32 0.5866683705840493 0.615502656747269 0.028597714672181595 0.040952264003817976
34 0.4725513265834129 0.6188629193984515 0.02861589600572696 0.04251476400381797
35 0.32095246391632204 0.6202243300445434 0.02861589600572696 0.04251476400381797
36 0.2068536012492311 0.6220220926957258 0.02861589600572696 0.04251476400381797