37 0.043595769399401844 0.7296219326414682 0.028985042361400096 0.4414708015362599
52 0.08648515991858921 0.7345901352462461 0.03009400955674071 0.4303655886538898
37 0.12707781214222755 0.7168249433910443 0.02672770601828497 0.4412093171886399
37 0.3059224648935588 0.7094576902994704 0.02894564040896627 0.4189988914239002
53 0.349356488522308 0.7032553089349732 0.027876075166059576 0.45257601441862955
55 0.3911172108699377 0.708092769365941 0.031242378704515218 0.4417322858838796
37 0.5694073800235986 0.706278122715552 0.026688304065851143 0.4187374070762804
56 0.6128611046285648 0.7113116964072347 0.03011371053295766 0.4416015437100696
37 0.6545627240475438 0.6824412916696632 0.027816972237408706 0.4188681492500902
59 0.8339914118608708 0.6863753647211739 0.0301334115091747 0.45283749876624935
48 0.8762967673180623 0.6800422411828669 0.028985042361400096 0.4414708015362597
59 0.9180476391775837 0.6792617240857448 0.027876075166059576 0.45257601441862966
55 0.9614915132944412 0.6786773202493377 0.02900474333761714 0.45270675659243953