52 0.0417225452058073 0.48894731976063877 0.02746813533177694 0.55126236500652
37 0.08311236133937981 0.4778536688888059 0.026321156125856414 0.52301140965707
59 0.1267532607217875 0.5021351681524929 0.026327752304780395 0.5370959166993236
37 0.1670158861862114 0.4768750689734636 0.02518077309885987 0.5088449613498733
60 0.30646177423075055 0.5080806051248369 0.026327752304780332 0.5370959166993236
37 0.3472813988508249 0.5039882371416593 0.025174176919935762 0.49476045430762
38 0.38923481031897167 0.4999778104234247 0.02518077309885981 0.5088449613498733
37 0.432318710545729 0.5030915784912601 0.02404039007186333 0.49467851304267685
51 0.5706341098316576 0.5271729198565636 0.025200561635631814 0.5510984824766341
37 0.613724606237339 0.5162021808821453 0.025180773098859938 0.5088449613498736
60 0.6567986121957103 0.5404427095133608 0.025187369277783853 0.5229294683921271
37 0.6981917264187449 0.5223068051204013 0.0240403900718632 0.49467851304267685
50 0.8359402322806372 0.5463471758532333 0.025187369277783853 0.5229294683921271
43 0.8790307286863186 0.535376436878815 0.026307963768008324 0.494842395572563
59 0.9221080327341521 0.5525747119889038 0.028595326000925455 0.5372597992292097
55 0.9640614442022988 0.5485642852706692 0.026327752304780332 0.5370959166993236