52 0.04195011337868481 0.4859154929577465 0.027210884353741496 0.5492957746478874
37 0.08333333333333333 0.47183098591549294 0.026077097505668934 0.5211267605633803
59 0.12698412698412698 0.49295774647887325 0.026077097505668934 0.5352112676056338
37 0.16723356009070295 0.4647887323943662 0.024943310657596373 0.5070422535211268
60 0.3066893424036281 0.4859154929577465 0.026077097505668934 0.5352112676056338
37 0.34750566893424034 0.4788732394366197 0.024943310657596373 0.49295774647887325
38 0.38945578231292516 0.47183098591549294 0.024943310657596373 0.5070422535211268
37 0.43253968253968256 0.47183098591549294 0.023809523809523808 0.49295774647887325
51 0.5708616780045351 0.4859154929577465 0.024943310657596373 0.5492957746478874
37 0.6139455782312925 0.47183098591549294 0.024943310657596373 0.5070422535211268
60 0.6570294784580499 0.49295774647887325 0.024943310657596373 0.5211267605633803
37 0.6984126984126984 0.47183098591549294 0.023809523809523808 0.49295774647887325
50 0.8361678004535147 0.4859154929577465 0.024943310657596373 0.5211267605633803
43 0.8792517006802721 0.47183098591549294 0.026077097505668934 0.49295774647887325
59 0.9223356009070295 0.4859154929577465 0.02834467120181406 0.5352112676056338
55 0.9642857142857143 0.4788732394366197 0.026077097505668934 0.5352112676056338