40 0.43046875 0.48359375 0.0984375 0.134375
25 0.56171875 0.48125 0.0984375 0.134375
40 0.83515625 0.46875 0.0984375 0.134375
40 0.196875 0.91953125 0.0984375 0.134375
34 0.32421875 0.90859375 0.0984375 0.134375
40 0.59453125 0.89765625 0.0984375 0.134375
35 0.71328125 0.89296875 0.0984375 0.134375
26 0.95078125 0.46171875 0.0984375 0.134375
17 0.175 0.4921875 0.0984375 0.134375
24 0.04921875 0.50234375 0.0984375 0.134375
40 0.15859375 0.0796875 0.0984375 0.134375
18 0.28671875 0.071875 0.0984375 0.134375