40 0.42485980860123024 0.48203125 0.1015817760184536 0.1359375
25 0.5561098086012303 0.48203125 0.1015817760184536 0.1359375
40 0.8304194652689574 0.47421875 0.10158177601845395 0.1359375
40 0.1792076698759148 0.9140625 0.10158177601845368 0.1359375
34 0.3066514172104148 0.90546875 0.10158177601845368 0.1359375
40 0.5770366425445965 0.89921875 0.1015817760184536 0.1359375
35 0.6958139145449147 0.896875 0.1015817760184536 0.1359375
26 0.9453177592695938 0.46953125 0.10001927601845359 0.1359375
17 0.16933651460059393 0.48671875 0.10158177601845368 0.1359375
24 0.04673699797104679 0.49453125 0.09347399594209357 0.1359375
40 0.1647704773233641 0.0734375 0.10158177601845368 0.1359375
18 0.29374036199077314 0.06796875 0.10158177601845368 0.1359375