40 0.43262823116225635 0.5029689012531051 0.10081813231716552 0.14120678298109546
25 0.5638827763417961 0.5029865610904173 0.10081813231716552 0.14120678298109546
40 0.8372930052645573 0.4967082482514842 0.10081813231716552 0.14120678298109546
40 0.20932864919099198 0.9308449581401099 0.10079086123992678 0.13651928298109545
34 0.3374263781137531 0.9254120486955812 0.1008181323171656 0.14120678298109582
40 0.6061581973955938 0.9207235069338869 0.10081813231716552 0.14120678298109546
35 0.7256803570365143 0.9184655944642962 0.10081813231716552 0.14120678298109546
26 0.9512453791939077 0.49291056167959246 0.09750924161218463 0.14120678298109546
17 0.17794073116225634 0.5044506297830829 0.1008181323171656 0.14120678298109546
24 0.05220038777811461 0.5122136536889921 0.09925563231716558 0.14119769262201592
40 0.15210337636523724 0.09208698516927707 0.1008181323171656 0.1412067829810955
18 0.2802056504675382 0.08743532572474842 0.10081813231716552 0.1412067829810955