40 0.4551890323919204 0.49432599606140626 0.110184041958086 0.14033519334818118
25 0.5864344872123806 0.49507197807922365 0.110184041958086 0.14033519334818118
40 0.8598128998783631 0.4880974614496765 0.110184041958086 0.14033519334818118
40 0.24521160703651423 0.9254470846992258 0.110184041958086 0.14033519334818118
34 0.37250081488203657 0.9175538633831796 0.110184041958086 0.14033519334818118
40 0.6404241130866385 0.9128594620862233 0.110184041958086 0.14033519334818118
35 0.7599371823684793 0.9111253341024499 0.110184041958086 0.14033519334818118
26 0.9597664063212707 0.4838104981301304 0.08046718735745842 0.14002611067790854
17 0.201314598648699 0.49684027936027153 0.110184041958086 0.14033519334818118
24 0.0755833456236369 0.5039704320098632 0.10862154195808597 0.14031701201463562
40 0.16297269867214012 0.08314085868872625 0.110184041958086 0.14033519334818115
18 0.29106133723582167 0.07838172803945273 0.110184041958086 0.14033519334818115