40 0.4580435980664969 0.4845802539385938 0.10784995735199913 0.13873633068109026
25 0.589257235399406 0.4799280219207763 0.10784995735199913 0.13873633068109026
40 0.8617407627307243 0.4619116292170962 0.10784995735199913 0.13873633068109026
40 0.2576656214592215 0.9244710992998197 0.10784995735199913 0.13873633068109043
34 0.38487301145763064 0.911270570615866 0.10784995735199913 0.13873633068109043
40 0.6526963107892672 0.8956524719128222 0.10784995735199913 0.13873633068109043
35 0.772163926121858 0.8887928498965956 0.10784995735199913 0.13873633068109043
26 0.9616794840268852 0.45368041120309693 0.07664103194622954 0.13844542934436319
17 0.20425552673454234 0.49769097063972845 0.10784995735199913 0.1387363306810901
24 0.07860154606936046 0.5100920679901367 0.10628745735199914 0.1387181493475449
40 0.15648690467854492 0.08569095731222824 0.10784995735199913 0.13873633068109026
18 0.28451190734404497 0.07560633796150176 0.10784995735199913 0.13873633068109023