40 0.4326191408031767 0.4964060267886564 0.10395222267624522 0.14398755357072232
25 0.5638873215213359 0.497240049516828 0.10395222267624522 0.14398755357072232
40 0.8373248215213358 0.4924671802005184 0.10395222267624504 0.14398755357072232
40 0.2014843329342133 0.9231396708617323 0.10392495159900639 0.13930005357072234
34 0.3295956973955939 0.9185594906678045 0.10395222267624522 0.14398755357072232
40 0.5991360377546735 0.9154173051988707 0.10395222267624504 0.14398755357072232
35 0.7186718329342133 0.9141121294691696 0.10395222267624522 0.14398755357072232
26 0.950482309912067 0.4889000750876685 0.09903538017586619 0.14396028003177203
17 0.1779089149054777 0.49694536363756187 0.10395222267624522 0.14398755357072232
24 0.052931640803176715 0.5030334967535891 0.10082722267624522 0.14393300649282176
40 0.15909826492891876 0.08395048579654049 0.10395222267624522 0.14398755357072243
18 0.28721417456983916 0.08015155560261261 0.10395222267624522 0.14398755357072243