40 0.43607769139876973 0.4770222926082299 0.1015817760184536 0.1371011053469086
25 0.5673276913987697 0.4754950605904126 0.1015817760184536 0.13710110534690845
40 0.8414555347310426 0.464491736553187 0.10158177601845395 0.13710110534690845
40 0.20047983012408518 0.9118534679742286 0.10158177601845368 0.13710110534690828
34 0.32772358278958524 0.9017779392902746 0.10158177601845368 0.13710110534690828
40 0.5979633574554034 0.8923825685869128 0.1015817760184536 0.1371011053469086
35 0.7166860854550853 0.8886570372374589 0.1015817760184536 0.13710110534690828
26 0.9531175513605896 0.4584679085375969 0.09376489727882067 0.13708292401336308
17 0.18066348539940608 0.48468244064291016 0.10158177601845368 0.13710110534690845
24 0.054973142067133274 0.49395853799331846 0.1000192760184537 0.13708292401336308
40 0.16647952267663593 0.07151027864418286 0.10158177601845368 0.13710110534690848
18 0.29532213800922685 0.06654606065006895 0.10158177601845368 0.1330921213001379