50 0.05760410628800821 0.26438327921863947 0.025608484413039978 0.23453253865088694
48 0.09950367510267798 0.26535525819049816 0.026698191513787606 0.2227316759421263
51 0.13973340425414224 0.28105234074930735 0.025608484413039978 0.23453253865088694
55 0.1821778266191858 0.2880286502715477 0.027813556077869086 0.2347403370428895
61 0.31557183360967983 0.3125052148924663 0.027813556077869086 0.2347403370428895
63 0.35691051295939213 0.32235381569489585 0.02890967754445011 0.2288918552865098
48 0.3977107531245641 0.3202457049945628 0.02669177714795408 0.21677929498974535
41 0.5729979145638944 0.3516466295397211 0.02779431298036876 0.21688319418574661
62 0.6143301795477732 0.3674476112945316 0.026704605879621007 0.22868405689450727
41 0.6556784804462357 0.3683676406683897 0.026685362782120806 0.2108269140373644
39 0.8298631060531515 0.39966466601754663 0.025582826949706 0.21072301484136313
41 0.871753053319071 0.40956521641797683 0.026685362782120806 0.2108269140373644
60 0.05666156205595939 0.6274265677158769 0.02670460587962107 0.22868405689450744
37 0.09690732712200732 0.6282426978937337 0.025582826949706126 0.21072301484136313
59 0.13879086002209343 0.6440956292465448 0.027813556077869086 0.2347403370428895
37 0.1790398322710581 0.6419355689482111 0.025582826949706126 0.21072301484136313
56 0.3140844358272572 0.6695441728393221 0.02780714171203556 0.22878795609050853
61 0.354875054443679 0.6763646335675605 0.02780714171203556 0.22878795609050853
59 0.3967617945266818 0.6892413744441812 0.026704605879621007 0.22868405689450744
55 0.43810688824222754 0.6931375942942298 0.027813556077869086 0.2347403370428895
61 0.5709496273165143 0.7175622093171479 0.02781355607786921 0.2347403370428895
56 0.6133876353157244 0.7304908997917691 0.02780714171203556 0.22878795609050853
55 0.6547263146654366 0.7403395005941986 0.026704605879621007 0.22868405689450727
56 0.8289141474552693 0.7686603354671652 0.02780714171203556 0.22878795609050853
61 0.8702528268049815 0.7785089362695946 0.026704605879621007 0.22868405689450744
53 0.9115947133376106 0.7853813465958336 0.02780714171203556 0.22878795609050853
55 0.9523821247711155 0.7951779978002624 0.027819970443702612 0.24069271799527042