50 0.062309729234159235 0.1717165536055432 0.02833318919198313 0.23982679367099474
48 0.10423495811772299 0.17801316055896454 0.029397235355316728 0.22799129398926313
51 0.14451600566993514 0.18738985132312172 0.02835243402652361 0.2457791746233757
55 0.18701174730424666 0.19960420811740887 0.031660041523767266 0.2459869612924665
61 0.3205436744509208 0.2299139553212229 0.03164079668922688 0.24003458034008554
63 0.3619272578355475 0.23922138386234984 0.03164079668922676 0.24003458034008554
48 0.40328197396836346 0.23960024097490534 0.03049977118773131 0.22806055621229335
41 0.577646216583457 0.2792520478313614 0.030480526353190863 0.2221081752599124
62 0.619039422385354 0.2915356668486789 0.030519016022271757 0.2340129371646743
41 0.6604037609354402 0.2948907144374249 0.02935874568623599 0.21608653208450124
39 0.8347583811332635 0.33156633081769044 0.02827545468836176 0.2219696508138519
41 0.8767028548513678 0.3438153187234927 0.02827545468836176 0.22196965081385198
60 0.06348366414112865 0.5348117917007813 0.030519016022271757 0.2340129371646743
37 0.10319419894259306 0.5382707326240728 0.02717291885594714 0.22190038859082167
59 0.1456995629941748 0.5534612798945503 0.030538260856812206 0.23996531811705527
37 0.185942120877306 0.5509332087539456 0.028256209853821185 0.21601726986147102
56 0.3211567190244127 0.5900676340517856 0.030519016022271757 0.2340129371646743
61 0.36142814415935465 0.5964681343397524 0.030519016022271757 0.2340129371646743
59 0.4033726178774588 0.6087171222455547 0.030519016022271757 0.23401293716467447
55 0.4447369564275451 0.6120721698343006 0.03164079668922688 0.24003458034008554
61 0.5782785059914893 0.6453581075143051 0.03053826085681233 0.23996531811705527
56 0.6202229797095936 0.6576070954201074 0.03162155185468631 0.2340821993877046
55 0.6616065630942203 0.6669145239612343 0.03053826085681233 0.23996531811705543
56 0.834858647459629 0.7036594025645302 0.03164079668922688 0.24003458034008554
61 0.8773447666766705 0.7128975688826269 0.03053826085681233 0.23996531811705527
53 0.9187187276440268 0.7192288069475633 0.030519016022271757 0.23401293716467447
55 0.9590093976135092 0.731581688187911 0.03055750569135265 0.2459176990694362