50 0.060088202866593166 0.25892857142857145 0.026460859977949284 0.23214285714285715
48 0.1019845644983462 0.25892857142857145 0.027563395810363836 0.22023809523809523
51 0.1422271223814774 0.2648809523809524 0.026460859977949284 0.23809523809523808
55 0.18467475192943772 0.2708333333333333 0.029768467475192944 0.23809523809523808
61 0.31808158765159866 0.28273809523809523 0.029768467475192944 0.23214285714285715
63 0.35942668136714445 0.28869047619047616 0.029768467475192944 0.23214285714285715
48 0.4007717750826902 0.28273809523809523 0.02866593164277839 0.22023809523809523
41 0.5755237045203969 0.3005952380952381 0.02866593164277839 0.21428571428571427
62 0.6168687982359427 0.30952380952380953 0.02866593164277839 0.2261904761904762
41 0.6582138919514884 0.30654761904761907 0.027563395810363836 0.20833333333333334
39 0.8324145534729879 0.32142857142857145 0.026460859977949284 0.21428571428571427
41 0.8743109151047409 0.3273809523809524 0.026460859977949284 0.21428571428571427
60 0.06229327453142227 0.6220238095238095 0.02866593164277839 0.2261904761904762
37 0.1019845644983462 0.6190476190476191 0.025358324145534728 0.21428571428571427
59 0.1444321940463065 0.6309523809523809 0.02866593164277839 0.23214285714285715
37 0.18467475192943772 0.6220238095238095 0.026460859977949284 0.20833333333333334
56 0.3197353914002205 0.6428571428571429 0.02866593164277839 0.2261904761904762
61 0.360529217199559 0.6458333333333334 0.02866593164277839 0.2261904761904762
59 0.402425578831312 0.6517857142857143 0.02866593164277839 0.2261904761904762
55 0.44377067254685776 0.6517857142857143 0.029768467475192944 0.23214285714285715
61 0.5771775082690187 0.6666666666666666 0.02866593164277839 0.23214285714285715
56 0.6190738699007717 0.6726190476190477 0.029768467475192944 0.2261904761904762
55 0.6604189636163176 0.6785714285714286 0.02866593164277839 0.23214285714285715
56 0.8340683572216097 0.6934523809523809 0.029768467475192944 0.23214285714285715
61 0.87651598676957 0.6964285714285714 0.02866593164277839 0.23214285714285715
53 0.9178610804851157 0.6994047619047619 0.02866593164277839 0.2261904761904762
55 0.958103638368247 0.7053571428571429 0.02866593164277839 0.23809523809523808