50 0.059812752681225004 0.254082364227431 0.025608484413039978 0.2329393457479284
48 0.10170911431297804 0.25276642653209586 0.026698191513787606 0.2210692137825174
51 0.14195808656194273 0.2574548146981681 0.025614898778873442 0.23889172670030936
55 0.18440892329281977 0.25909775250934797 0.028922506276117102 0.23899561651836215
61 0.31782538056373094 0.2638361012764575 0.028916091910283513 0.2330432355659812
63 0.3591736814621934 0.2655136690269883 0.028916091910283638 0.2330432355659812
48 0.4005123608119057 0.2582626653489477 0.027800727346202158 0.2211038437218684
41 0.5758283868974867 0.26466126689691255 0.028896848812783312 0.21518609270883834
62 0.6171831021617825 0.27229121559982433 0.02780714171203556 0.22705622467424935
41 0.6585217815114949 0.2650402119217837 0.02778789861453536 0.20919908181710647
39 0.8327320645817444 0.268497252932909 0.026691777147954204 0.21511683283013644
41 0.874634840579331 0.2731336961899548 0.026691777147954204 0.21511683283013644
60 0.061857832745688374 0.6171256574136427 0.027807141712035608 0.22705622467424935
37 0.10209718344590285 0.6128854741511435 0.02558924131553959 0.21508220289078564
59 0.1440063738093228 0.6234742983605702 0.027813556077869086 0.23300860562663028
37 0.18423610296078705 0.6103055436694996 0.026685362782120678 0.2091644518777556
56 0.3198672534452775 0.6239032039864787 0.02780714171203556 0.22705622467424935
61 0.360661079244616 0.6226218962304946 0.02780714171203556 0.22705622467424935
59 0.40256385524220256 0.6272583394875403 0.02780714171203556 0.22705622467424935
55 0.44390574177483155 0.6229835262856902 0.028916091910283638 0.2330432355659812
61 0.5773254062286594 0.6306980655289902 0.02781355607786896 0.23300860562663028
56 0.619228182226246 0.635334508786036 0.02890967754445011 0.22709085461360023
55 0.6605764831247085 0.6370120765365668 0.02781355607786896 0.23300860562663028
56 0.8342354982787508 0.6404864325173676 0.028916091910283513 0.2330432355659812
61 0.8761350670934205 0.6421466852982229 0.02781355607786896 0.23300860562663028
53 0.9174801608089663 0.6408480625725633 0.02780714171203556 0.22705622467424935
55 0.9577291330579311 0.6455364507386354 0.027819970443702612 0.23896098657901124