50 0.056780595369349506 0.34226190476190477 0.025358324145534728 0.23214285714285715
48 0.09867695700110253 0.3333333333333333 0.026460859977949284 0.22023809523809523
51 0.13891951488423374 0.3333333333333333 0.025358324145534728 0.23214285714285715
55 0.18136714443219404 0.33035714285714285 0.027563395810363836 0.23214285714285715
61 0.31477398015435504 0.31845238095238093 0.027563395810363836 0.23214285714285715
63 0.35611907386990077 0.31845238095238093 0.02866593164277839 0.2261904761904762
48 0.39691289966923926 0.3005952380952381 0.026460859977949284 0.21428571428571427
41 0.5722160970231532 0.2857142857142857 0.027563395810363836 0.21428571428571427
62 0.613561190738699 0.2857142857142857 0.026460859977949284 0.2261904761904762
41 0.6549062844542448 0.2767857142857143 0.026460859977949284 0.20833333333333334
39 0.8291069459757442 0.2619047619047619 0.025358324145534728 0.20833333333333334
41 0.8710033076074972 0.25595238095238093 0.026460859977949284 0.20833333333333334
60 0.05843439911797133 0.7053571428571429 0.026460859977949284 0.2261904761904762
37 0.09867695700110253 0.6964285714285714 0.025358324145534728 0.20833333333333334
59 0.14057331863285558 0.6964285714285714 0.027563395810363836 0.23214285714285715
37 0.18081587651598677 0.6845238095238095 0.025358324145534728 0.20833333333333334
56 0.3158765159867696 0.6755952380952381 0.027563395810363836 0.2261904761904762
61 0.35667034178610807 0.6726190476190477 0.027563395810363836 0.2261904761904762
59 0.3985667034178611 0.6696428571428571 0.026460859977949284 0.2261904761904762
55 0.43991179713340683 0.6636904761904762 0.027563395810363836 0.23214285714285715
61 0.5727673649393605 0.6517857142857143 0.027563395810363836 0.23214285714285715
56 0.6152149944873209 0.6488095238095238 0.027563395810363836 0.2261904761904762
55 0.6565600882028666 0.6488095238095238 0.026460859977949284 0.2261904761904762
56 0.8307607497243661 0.6309523809523809 0.027563395810363836 0.2261904761904762
61 0.8721058434399118 0.625 0.026460859977949284 0.2261904761904762
53 0.9134509371554576 0.6220238095238095 0.027563395810363836 0.2261904761904762
55 0.954244762954796 0.6220238095238095 0.027563395810363836 0.23809523809523808