50 0.05770313666181055 0.33561481646511016 0.026974026613851575 0.23975753144796452
48 0.09961874204240992 0.3240542805613887 0.028050904114471018 0.22792203176623277
51 0.13986129992554114 0.32152620942078397 0.026986855779749123 0.24570991240034548
55 0.182321758639399 0.3129072328817378 0.030294463276992784 0.2459176990694362
61 0.31576066727630386 0.28964555151412325 0.03028163411109522 0.23996531811705527
63 0.3571185901577472 0.28109583719810727 0.03028163411109522 0.23996531811705527
48 0.39794448887182954 0.2636521825650351 0.029153439946885542 0.22799129398926304
41 0.573292588306385 0.23180615576988947 0.030243146613402595 0.2221081752599124
62 0.614631267438982 0.232185012882445 0.02916626911278304 0.233943674941644
41 0.6560084340692717 0.2147067271378576 0.029127781615090415 0.21608653208450115
39 0.8302604122543613 0.17995377208955182 0.028038074948573487 0.2219696508138519
41 0.8721631884690632 0.17434561713821123 0.028038074948573487 0.2219696508138519
60 0.06077943295551049 0.6984676367797423 0.029166269112783135 0.23394367494164417
37 0.1010476491704368 0.6840348037343758 0.0269355391161589 0.22190038859082167
59 0.14293118163629231 0.6873552202116066 0.029179098278680666 0.23989605589402496
37 0.18321864160006496 0.6639938157376685 0.02802524578267586 0.21601726986147102
56 0.31884979273590136 0.6465459908763744 0.029166269112783166 0.233943674941644
61 0.35965644770113736 0.6380309076718736 0.029166269112783166 0.23394367494164417
59 0.40155922391583915 0.632422752720533 0.02916626911278304 0.233943674941644
55 0.4429235613802313 0.6208968479283267 0.03028163411109522 0.23996531811705527
61 0.5763624700171361 0.5976351665607121 0.029179098278680666 0.23989605589402513
56 0.618265246231838 0.5920270116093715 0.030268804945197594 0.2340129371646743
55 0.6596167545303324 0.586453487769546 0.029179098278680916 0.23989605589402513
56 0.8333174647992149 0.5517351638327554 0.03028163411109522 0.23996531811705527
61 0.8752266555968655 0.5431508184052244 0.029179098278680666 0.23989605589402513
53 0.9165845784783089 0.5346011040892085 0.02916626911278304 0.233943674941644
55 0.9568335509443888 0.5290968424724133 0.029191927444578294 0.2458484368464061