50 0.06092535316910415 0.264591077610642 0.027211408525028097 0.2346364378468882
48 0.10282171480085718 0.26853924705869125 0.028275454688361696 0.22283557513812757
51 0.14308351751852885 0.2782839486651194 0.027230653359568608 0.24058881879926916
55 0.18555039190102968 0.2882364486635503 0.030538260856812206 0.24090051638727306
61 0.3189957172922716 0.3127130132844689 0.030519016022271757 0.23494813543489212
63 0.3603600558423578 0.32256161408689843 0.030519016022271757 0.23494813543489212
48 0.40168590472336313 0.320505452984566 0.02937799052077631 0.22293947433412886
41 0.5764955686646913 0.3548306184079142 0.029358745686235737 0.2169870933817479
62 0.6178695296320477 0.36765540968653415 0.02939723535531663 0.22889185528650988
41 0.6592050009303233 0.36857543906039225 0.02823696501928061 0.21093081323336568
39 0.8334537745381739 0.39987246440954927 0.027153674021406633 0.21677929498974535
41 0.8753693810044674 0.40977301480997946 0.027153674021406882 0.21677929498974535
60 0.06430435974090269 0.6278941140978828 0.029397235355316728 0.22889185528650996
37 0.10398602729055638 0.6286582946777388 0.026051138188992108 0.2166753957937441
59 0.14647214650759766 0.6445631756285506 0.029416480189857205 0.23484423623889092
37 0.18668583713891812 0.6394269248540264 0.027134429186866184 0.2108269140373644
56 0.3218138335305926 0.6729879096975184 0.02939723535531676 0.2288918552865098
61 0.3626172817472013 0.6798083704257568 0.02939723535531663 0.22889185528650996
59 0.40453288821349487 0.689708920826187 0.02939723535531676 0.22889185528650996
55 0.4458779819290406 0.6936051406762356 0.030519016022271757 0.2349481354348922
61 0.5793329297375528 0.7210578957733447 0.029416480189857205 0.23484423623889092
56 0.6212485362038463 0.7309584461737748 0.030499771187731187 0.22899575448251108
55 0.6626128747539325 0.7408070469762043 0.029416480189857205 0.23484423623889092
56 0.8363103804455758 0.7720521227273607 0.030519016022271757 0.23494813543489204
61 0.8787676324108065 0.7790284322496012 0.029416480189857205 0.23484423623889059
53 0.9201223485436224 0.7859008425758401 0.02939723535531663 0.22889185528650996
55 0.9603841512612942 0.7956455441822683 0.02943572502439778 0.24079661719127188