18 0.28849361939049734 0.4194438498270493 0.05254429201145401 0.08467498184962743
40 0.21428396005727007 0.4206568918833312 0.05254429201145401 0.08467498184962743
19 0.521187940722452 0.4079331363241863 0.05254429201145392 0.08467498184962743
40 0.44858623472308834 0.41304333802138854 0.052544292011454094 0.08467498184962743
40 0.052440130092268486 0.679428424766231 0.05254429201145401 0.08467498184962743
40 0.36796513275776854 0.6689984222321481 0.05254429201145401 0.08467498184962743
40 0.6007139980903595 0.6621752087292851 0.05254429201145392 0.08467498184962743
40 0.20456789345953968 0.9285602954741273 0.05254429201145401 0.08467498184962743
40 0.441177555458267 0.9178081060735653 0.05254429201145392 0.08467498184962743
24 0.1266225174251776 0.675871632709949 0.05254429201145401 0.08467498184962743
17 0.20625547342454126 0.6707205243968886 0.05566929201145401 0.08469316256778647
25 0.4398128607574504 0.6662365157144856 0.055669292011453916 0.08469316256778647
26 0.6733338854232687 0.6586275070320828 0.05572383601209037 0.08938066256778647
34 0.27947698679181243 0.9203114582383058 0.05566929201145401 0.08469316256778683
35 0.5122349427911761 0.9142694947354428 0.055669292011453916 0.08469316256778683