18 0.2828125 0.43984375 0.05 0.08125
40 0.20859375 0.43828125 0.05 0.08125
19 0.515625 0.43828125 0.05 0.08125
40 0.44296875 0.43984375 0.05 0.08125
40 0.04765625 0.68984375 0.05 0.08125
40 0.36328125 0.6921875 0.05 0.08125
40 0.59609375 0.6953125 0.05 0.08125
40 0.2015625 0.9453125 0.05 0.08125
40 0.43828125 0.94375 0.05 0.08125
24 0.121875 0.68984375 0.05 0.08125
17 0.2015625 0.68828125 0.053125 0.08125
25 0.4359375 0.6921875 0.053125 0.08125
26 0.66953125 0.69453125 0.0546875 0.0859375
34 0.2765625 0.93984375 0.053125 0.08125
35 0.509375 0.94375 0.053125 0.08125