18 0.2883344281686283 0.44625387304558756 0.059257997564368024 0.08314884328594588
40 0.21412931493810344 0.44504083098930575 0.059257997564368024 0.08314884328594588
19 0.5212151120160041 0.44370208654845056 0.059257997564368024 0.08314884328594588
40 0.44851795170757863 0.4456231348512484 0.059257997564368024 0.08314884328594588
40 0.06205475162814837 0.6973067920562819 0.059257997564368024 0.08314884328594588
40 0.3792558883976235 0.6983708849494443 0.059257997564368024 0.08314884328594588
40 0.6120683883976236 0.6997253484523073 0.059257997564368024 0.08314884328594588
40 0.22560518831819326 0.9514090056573407 0.059257997564368024 0.08314884328594588
40 0.46239212216556913 0.9488799450579029 0.059257997564368024 0.08314884328594588
24 0.13628713839762355 0.6969573341125637 0.059257997564368024 0.08314884328594588
17 0.21601554870604905 0.6950771924256242 0.06238299756436803 0.0831670240041051
25 0.45114452516709874 0.6980077914671067 0.06238299756436803 0.0831670240041051
26 0.6847519119365739 0.6985855501495095 0.06246481818121907 0.0878545240041051
34 0.3007006457045195 0.9463765928931626 0.06238299756436803 0.08316702400410492
35 0.5334995089350443 0.9485123063960256 0.06238299756436803 0.08316702400410492