18 0.28359375 0.42109375 0.0515625 0.084375
40 0.209375 0.421875 0.0515625 0.084375
19 0.51640625 0.4109375 0.0515625 0.084375
40 0.44375 0.415625 0.0515625 0.084375
40 0.04453125 0.6796875 0.0515625 0.084375
40 0.36015625 0.67109375 0.0515625 0.084375
40 0.59296875 0.665625 0.0515625 0.084375
40 0.19375 0.9296875 0.0515625 0.084375
40 0.43046875 0.9203125 0.0515625 0.084375
24 0.11875 0.6765625 0.0515625 0.084375
17 0.1984375 0.671875 0.0546875 0.084375
25 0.43203125 0.66875 0.0546875 0.084375
26 0.665625 0.6625 0.0546875 0.0890625
34 0.26875 0.921875 0.0546875 0.084375
35 0.5015625 0.9171875 0.0546875 0.084375