18 0.29354681736714483 0.43926468403881636 0.053007997564368026 0.08341248400699967
40 0.21928715705871932 0.43605732069540776 0.053007997564368026 0.08341248400699967
19 0.5264002276755704 0.44431745273708767 0.053007997564368026 0.08341248400699967
40 0.4537576144450456 0.44425327072722454 0.053007997564368026 0.08341248400699967
40 0.06034239975182341 0.6825948713399088 0.053007997564368026 0.08341248400699967
40 0.3761037674465751 0.6940800007160887 0.053007997564368026 0.08341248400699967
40 0.6090389983718516 0.7038202694143598 0.053007997564368026 0.08341248400699967
40 0.2156237836786295 0.9421618700270441 0.053007997564368026 0.08341248400699967
40 0.4523970807565302 0.9480413420591791 0.053007997564368026 0.08341248400699967
24 0.13458842329077375 0.6850209846833174 0.053007997564368026 0.08341248400699967
17 0.21426228652129856 0.6851669826941351 0.05613299756436803 0.08344884667409058
25 0.44878729098552544 0.6964879327259518 0.05613299756436803 0.08344884667409058
26 0.6824901351413268 0.7054560420909958 0.057777318181219076 0.08815452800763594
34 0.2905555998312536 0.9391283240372257 0.05613299756436803 0.08344884667409076
35 0.5235044675260053 0.9496498427354968 0.05613299756436803 0.08344884667409076