18 0.2877151860809124 0.434866329141563 0.050472698672140125 0.08212275324641087
40 0.21348734572183278 0.4345993222417041 0.050472698672140125 0.08212275324641087
19 0.5205185957218328 0.4292400718379623 0.050472698672140125 0.08212275324641087
40 0.4478714360809124 0.4320707913991531 0.050472698672140125 0.08212275324641087
40 0.05557589353365122 0.6889437232146387 0.050472698672140125 0.08212275324641087
40 0.37121452907227065 0.6857782183466701 0.050472698672140125 0.08212275324641087
40 0.6040452097904299 0.6848394610430695 0.050472698672140125 0.08212275324641087
40 0.21253091724316872 0.9416987560890799 0.050472698672140125 0.08212275324641069
40 0.44924057688408914 0.9360043149381034 0.050472698672140125 0.08212275324641069
24 0.12979464353365122 0.6876482301144977 0.050472698672140125 0.08212275324641087
17 0.2094730531745716 0.6846947796280303 0.05359769867214013 0.08217730032431163
25 0.4438707790722707 0.6845099987854792 0.05359769867214013 0.08217730032431163
26 0.67747816461089 0.6827763547124035 0.05518746974937905 0.08689207386326192
34 0.28749910098639003 0.9349208762194635 0.05359769867214013 0.08217730032431163
35 0.5203343268840891 0.9347633689158631 0.05359769867214013 0.08217730032431163