18 0.3009828005422929 0.435763741415793 0.05516019867214013 0.08156816256778665
40 0.22674586982413372 0.4330705334720749 0.05516019867214013 0.08156816256778647
19 0.533818026439992 0.43831552791292994 0.05516019867214013 0.08156816256778665
40 0.461161776439992 0.4387382296101322 0.05516019867214013 0.08156816256778665
40 0.07193669173825314 0.6816358193800366 0.05516019867214013 0.08156816256778665
40 0.38840202907227067 0.689951271666414 0.05516019867214013 0.08156816256778665
40 0.6212599808676688 0.696409308163551 0.05516019867214013 0.08156816256778665
40 0.2320348961659299 0.9393068979334555 0.05516019867214013 0.08156816256778647
40 0.4687809172431687 0.9426172085328932 0.05516019867214013 0.08156816256778683
24 0.14616453209733277 0.6827665273237548 0.05516019867214013 0.08156816256778665
17 0.22585657727687258 0.6830841690106942 0.058285198672140125 0.08158634328594587
25 0.4602861194313503 0.6910956151487516 0.058285198672140125 0.08158634328594587
26 0.6939253212267484 0.6975491064663488 0.05831246974937905 0.08627384328594587
34 0.30701671544777065 0.9357455606976337 0.058285198672140125 0.08158634328594587
35 0.5398837576022484 0.9437660971947708 0.058285198672140125 0.08158634328594587