53 0.038686535669384986 0.5402333302853306 0.029070076596363407 0.10000060921594883
53 0.040327275510431235 0.38552154974122943 0.02642245483001064 0.10339792362659883
48 0.07895794934993734 0.3901735342650675 0.023743844905284844 0.09983871629811822
42 0.11955497191522484 0.3879297068939617 0.0224122869825152 0.0997982430686605
44 0.15351744598544395 0.39070090467991525 0.026422454830010662 0.10339792362659883
55 0.18919131614032067 0.5535024573879621 0.023790327142844455 0.11027349890681387
55 0.18847858849774027 0.39350245738796213 0.024425117945856202 0.10333721378241219
37 0.30268679501381335 0.40305999333569786 0.02639921371123082 0.09818053232225102
53 0.34064006933254476 0.4050830455926332 0.022458769220074816 0.11023302567735616
56 0.3403463814934547 0.5633135602357573 0.030432622677506044 0.10699760418453716
46 0.37791594413050134 0.40447716558266583 0.025098643946834327 0.10509658083192375
50 0.4158847125284193 0.40997847870916637 0.026391466671637588 0.0964414018874684
37 0.4518367764431996 0.41107125590452387 0.02909331771514325 0.10521800052029666
53 0.4891436393995293 0.4174218976336869 0.02377483306365784 0.10679523803724865
51 0.6243083891200377 0.4241386260758159 0.03040163451913297 0.10004108244540663
37 0.6595908005536366 0.4243416014390533 0.021088476099338792 0.10149690027398542
59 0.6975828100703343 0.43506030586990163 0.02515287322398702 0.117270493875402
56 0.774186125827555 0.44608316873763165 0.029101064754736405 0.10695713095507946
48 0.8101072015839622 0.44021942419385873 0.023790327142844455 0.11027349890681387
44 0.8700544227471724 0.44812767604119375 0.05841083313485511 0.11132580287271376
37 0.921989055254985 0.4505756972074348 0.0264069607508242 0.09991966275703362
59 0.9592571830133484 0.4482306867626848 0.026391466671637588 0.0964414018874684
46 0.07863327335247419 0.5414475271690613 0.02911655883392298 0.11043539182464449
37 0.11394279942464947 0.5477374590540378 0.025059908748867946 0.0964009286580107
65 0.1532392522255404 0.5524096801926046 0.023774833063657918 0.10679523803724865
53 0.22649043205705713 0.5581139686823425 0.0264689370675702 0.11383270623529448
37 0.3749630139656687 0.5634962989842659 0.027723024594407227 0.0964818751169261
58 0.41359368780517475 0.5681482835081039 0.02773851867359384 0.09996013598649132
37 0.44956124579914164 0.5727193215730267 0.02509089690724102 0.10335745039714113
44 0.5264819569578681 0.5802740418785559 0.02574118178943938 0.09989942614230467
37 0.564113962355297 0.5848956714803007 0.025121885065614098 0.11031397213627157
57 0.6020633631542318 0.5860491585198447 0.02380582122203092 0.11375175977637908
61 0.6393547320313749 0.5889215393794426 0.02377483306365784 0.10679523803724865
43 0.6759803219471334 0.5917736836243115 0.027800494990339993 0.1138731794647522