53 0.03661784287616511 0.56 0.02796271637816245 0.09739130434782609
53 0.03794940079893475 0.4052173913043478 0.02529960053262317 0.10086956521739131
48 0.07656458055925433 0.40695652173913044 0.022636484687083888 0.09739130434782609
42 0.11717709720372836 0.4017391304347826 0.02130492676431425 0.09739130434782609
44 0.1511318242343542 0.4017391304347826 0.02529960053262317 0.10086956521739131
55 0.1870838881491345 0.5617391304347826 0.022636484687083888 0.10782608695652174
55 0.18608521970705727 0.4017391304347826 0.02330226364846871 0.10086956521739131
37 0.3002663115845539 0.4026086956521739 0.02529960053262317 0.09565217391304348
53 0.3382157123834887 0.4017391304347826 0.02130492676431425 0.10782608695652174
56 0.3382157123834887 0.56 0.02929427430093209 0.10434782608695652
46 0.3754993342210386 0.3991304347826087 0.023968042609853527 0.10260869565217391
50 0.41344873501997337 0.4017391304347826 0.02529960053262317 0.09391304347826086
37 0.44940079893475365 0.4 0.02796271637816245 0.10260869565217391
53 0.4866844207723036 0.40347826086956523 0.022636484687083888 0.10434782608695652
51 0.6218375499334221 0.4 0.02929427430093209 0.09739130434782609
37 0.6571238348868176 0.3973913043478261 0.019973368841544607 0.09913043478260869
59 0.6950732356857523 0.4052173913043478 0.023968042609853527 0.11478260869565217
56 0.7716378162450066 0.41043478260869565 0.02796271637816245 0.10434782608695652
48 0.8075898801597869 0.4017391304347826 0.022636484687083888 0.10782608695652174
44 0.8675099866844208 0.4052173913043478 0.05725699067909454 0.10782608695652174
37 0.9194407456724367 0.40347826086956523 0.02529960053262317 0.09739130434782609
59 0.9567243675099867 0.3982608695652174 0.02529960053262317 0.09391304347826086
46 0.07656458055925433 0.5582608695652174 0.02796271637816245 0.10782608695652174
37 0.1118508655126498 0.5617391304347826 0.023968042609853527 0.09391304347826086
65 0.1511318242343542 0.5634782608695652 0.022636484687083888 0.10434782608695652
53 0.22436750998668442 0.5634782608695652 0.02529960053262317 0.11130434782608696
37 0.37283621837549935 0.5582608695652174 0.02663115845539281 0.09391304347826086
58 0.41145139813581894 0.56 0.02663115845539281 0.09739130434782609
37 0.4474034620505992 0.5617391304347826 0.023968042609853527 0.10086956521739131
44 0.524300932090546 0.5634782608695652 0.02463382157123835 0.09739130434782609
37 0.5619174434087882 0.5652173913043478 0.023968042609853527 0.10782608695652174
57 0.5998668442077231 0.5634782608695652 0.022636484687083888 0.11130434782608696
61 0.6371504660452729 0.5634782608695652 0.022636484687083888 0.10434782608695652
43 0.6737683089214381 0.5634782608695652 0.02663115845539281 0.11130434782608696