53 0.0329560585885486 0.5765217391304348 0.02929427430093209 0.10260869565217391
53 0.034287616511318245 0.4217391304347826 0.02663115845539281 0.10608695652173913
48 0.07290279627163782 0.4182608695652174 0.023968042609853527 0.10086956521739131
42 0.11384820239680427 0.40695652173913044 0.022636484687083888 0.09913043478260869
44 0.1478029294274301 0.4017391304347826 0.02663115845539281 0.10608695652173913
55 0.18342210386151797 0.5556521739130434 0.023968042609853527 0.11130434782608696
55 0.18275632490013316 0.39565217391304347 0.02463382157123835 0.10434782608695652
37 0.2969374167776298 0.38 0.02663115845539281 0.10086956521739131
53 0.3348868175765646 0.3730434782608696 0.022636484687083888 0.11130434782608696
56 0.3348868175765646 0.5313043478260869 0.03062583222370173 0.10956521739130434
46 0.37217043941411454 0.36434782608695654 0.02529960053262317 0.10608695652173913
50 0.41011984021304926 0.3617391304347826 0.02663115845539281 0.09913043478260869
37 0.44607190412782954 0.35391304347826086 0.02929427430093209 0.10782608695652174
53 0.4833555259653795 0.35304347826086957 0.023968042609853527 0.10782608695652174
51 0.618508655126498 0.32869565217391306 0.03062583222370173 0.10260869565217391
37 0.6537949400798935 0.3208695652173913 0.02130492676431425 0.10086956521739131
59 0.6917443408788282 0.3226086956521739 0.02529960053262317 0.12
56 0.7683089214380826 0.3165217391304348 0.02929427430093209 0.10956521739130434
48 0.8042609853528628 0.3017391304347826 0.023968042609853527 0.11130434782608696
44 0.8641810918774967 0.2965217391304348 0.05858854860186418 0.11652173913043479
37 0.9161118508655126 0.28695652173913044 0.02663115845539281 0.10260869565217391
59 0.9533954727030626 0.2756521739130435 0.02663115845539281 0.09913043478260869
46 0.07290279627163782 0.5695652173913044 0.02929427430093209 0.11304347826086956
37 0.10818908122503329 0.5669565217391305 0.02529960053262317 0.09913043478260869
65 0.14747003994673769 0.5626086956521739 0.023968042609853527 0.10782608695652174
53 0.2207057256990679 0.551304347826087 0.02663115845539281 0.11652173913043479
37 0.36950732356857524 0.5243478260869565 0.02796271637816245 0.09913043478260869
58 0.4081225033288948 0.5208695652173913 0.02796271637816245 0.10260869565217391
37 0.4440745672436751 0.5165217391304348 0.02529960053262317 0.10608695652173913
44 0.5209720372836218 0.5069565217391304 0.02596537949400799 0.10260869565217391
37 0.5585885486018641 0.5026086956521739 0.02529960053262317 0.11304347826086956
57 0.596537949400799 0.4956521739130435 0.023968042609853527 0.11478260869565217
61 0.6338215712383488 0.4895652173913044 0.023968042609853527 0.10782608695652174
43 0.670439414114514 0.4834782608695652 0.02796271637816245 0.11652173913043479