53 0.030201986013142747 0.6177600303032307 0.031090654599297652 0.1048132524718328
53 0.030891472536943364 0.46297742160757854 0.02844303283294491 0.10825104148184357
48 0.06921249801453686 0.45369998645257004 0.02576442290821911 0.10473230875272392
42 0.10989473801535027 0.4374306166813209 0.024425117945856202 0.1029729423881642
44 0.1435630578028433 0.42648487684575004 0.02844303283294489 0.10825104148184357
55 0.18084621319675723 0.5754733702384032 0.025810905145778686 0.11516709136141957
55 0.17855906199330931 0.4163884662977932 0.02644569594879043 0.10822068758717784
37 0.29253896406319907 0.3850930769105352 0.028419791714165123 0.10303365017749586
53 0.3305387206194901 0.373212005085797 0.024479347223009044 0.11514685543164245
56 0.3315020609397616 0.5305780145214015 0.03246094772003358 0.11352914057552327
46 0.36754755577329706 0.35960697977360917 0.027111474910175404 0.10823080555206646
50 0.4055279447306049 0.3520737340358275 0.028412044674571816 0.10129451974271324
37 0.4415381114423347 0.33848388567097254 0.03111389571807748 0.11003064377618083
53 0.478848847918461 0.3318303231154708 0.025795411066592073 0.11168883049185445
51 0.6135143800288398 0.2897864942079699 0.032429959561660504 0.10657261883639282
37 0.6491877837400806 0.2770712700429507 0.023101307062679866 0.10469183689316948
59 0.6868159156177128 0.27389090937456984 0.027839230188306373 0.12215396699521594
56 0.7631173300526141 0.25708022848177964 0.031121642757670938 0.11176977421096343
48 0.7994875008836128 0.2373983646127412 0.025810905145778686 0.11516709136141967
44 0.8591289472047071 0.22431889371173167 0.06047014633575572 0.12438887770954085
37 0.9111333030688591 0.20700795331998467 0.02842753875375843 0.10477278061227846
59 0.9481537587820559 0.1907942323556229 0.028412044674571816 0.1012945197427133
46 0.07020295297338482 0.6049790393664355 0.031137136836857246 0.11524803508052865
37 0.10518733660446096 0.5974913244706526 0.027080486751802177 0.10127428381293611
65 0.14450703052413166 0.588198712368311 0.02579541106659215 0.11168883049185435
53 0.21783180723178444 0.5670857362305631 0.029155294031889326 0.11869594205542794
37 0.3661690491693318 0.5196170977384977 0.029743602597341455 0.10131475567249056
58 0.4044900746469253 0.5103396625834892 0.02975909667652807 0.10479301654205578
37 0.4404770002398753 0.501967205522982 0.027111474910175404 0.10823080555206656
44 0.5174635612351447 0.4807985805783467 0.027761759792373608 0.10476266264738984
37 0.5547859182706608 0.47153632237067106 0.027142463068548325 0.1151873272911968
57 0.5927856748269519 0.4596552505459329 0.02649217818635012 0.1186554701958735
61 0.6301157789020613 0.44865386190347456 0.025795411066592073 0.11168883049185435
43 0.6664472145350937 0.4376676502083493 0.03048685195465904 0.11871617798520516