53 0.03509834825790449 0.5561479541925858 0.03042487563791284 0.10480313450694428
53 0.03673908809895074 0.4014007583740438 0.02777725387156008 0.10824092351695506
48 0.07534652081967705 0.400248469902801 0.025090896907241002 0.1029830603530528
42 0.11624931822708054 0.39130550735214664 0.023751591944878074 0.10122369398849297
44 0.15018855117851984 0.38834326269190095 0.027777253871560072 0.10824092351695506
55 0.18549854369433108 0.5436520055617613 0.02513737914480056 0.11341784296174845
55 0.18511870553244308 0.38365706454420556 0.025772169947812378 0.10647143918750662
37 0.2995862046530726 0.3749625718963522 0.0277540127527803 0.10302353221260724
53 0.33751236433322757 0.3703219045906556 0.023805821222030996 0.11339760703197123
56 0.33688578701344507 0.5285625382260957 0.03178742171905546 0.11177989217585214
46 0.3747649980124044 0.36393198888528777 0.02644569594879043 0.10822068758717784
50 0.41271052529154256 0.3636391476665477 0.027746265713186995 0.10128440177782463
37 0.44863547456774644 0.3580985612487939 0.030448116756692657 0.11002052581129211
53 0.48592296992509293 0.3595347324999479 0.025121885065614098 0.10993958209218323
51 0.6209947551704822 0.3433278098071199 0.03175643356068253 0.1048233704367215
37 0.6565868149659936 0.3377821644069219 0.022427781061701742 0.10294258849349835
59 0.6942188203634226 0.34183209029269396 0.02650767226553673 0.12213373106543872
56 0.7711046698439794 0.34039201958515547 0.030455863796286117 0.11175965624607473
48 0.8069986309618101 0.32789491142827126 0.02513737914480071 0.11341784296174845
44 0.8669071169270541 0.32619683261607296 0.059788873295184286 0.12090049887508703
37 0.918806887756697 0.32002951213825476 0.027761759792373608 0.10476266264738984
59 0.956047900876484 0.311030900780713 0.027746265713186995 0.10128440177782463
46 0.07502184482221391 0.551537640781555 0.030471357875472428 0.11523791711563994
37 0.11030038273601613 0.5503347624858691 0.026414707790417394 0.10126416584804741
65 0.14957359441812726 0.549192591979515 0.02512188506561406 0.10993958209218323
53 0.22277054497249113 0.54160991594335 0.027823736109119607 0.11867570612565072
37 0.37181594136736834 0.5238763400784003 0.029077823635956637 0.10130463770760186
58 0.41042337408809465 0.5227240516071576 0.02909331771514325 0.10478289857716727
37 0.446363817443485 0.5206617260589691 0.02644569594879043 0.10822068758717784
44 0.5232341728448553 0.5157433944818653 0.02709598083098879 0.10475254468250134
37 0.5608390636037078 0.5137063638458983 0.026476684107163508 0.11517720932630827
57 0.5987652232838627 0.5090656965402017 0.02515287322398702 0.11689610383131367
61 0.6360294775224294 0.5052844764870078 0.025121885065614098 0.10993958209218323
43 0.6726279527996115 0.5014931384689253 0.02915529403188925 0.11869594205542794