53 0.03911238962519657 0.5611130138100864 0.028396550595385317 0.09824124216643747
53 0.0397544610241656 0.4063708783438919 0.025748928829032562 0.10163855657708727
48 0.07837738782407844 0.40928373243294736 0.023070318904306754 0.09807934924860676
42 0.11896666334977267 0.40530077462705894 0.021738760981537115 0.09803887601914915
44 0.1529213903803985 0.40633284197822994 0.025748928829032573 0.10163855657708738
55 0.18958618193775922 0.5674256191735875 0.02311680114186633 0.1085141318573025
55 0.18787478585310158 0.4073952642514942 0.023751591944878074 0.10157784673290082
37 0.3020597512503949 0.4117354088948821 0.025725687710252767 0.09642116527273956
53 0.340005278529533 0.4120193307170348 0.021785243219096688 0.1084736586278448
56 0.3407102591325202 0.5702802002822522 0.029759096676527996 0.1052382371350256
46 0.37727727980769304 0.4105438854896761 0.024425117945856202 0.10333721378241219
50 0.4152383011660177 0.41430606818139404 0.02571794067065946 0.09468203483795684
37 0.45118261804120474 0.41365971494196896 0.028419791714165123 0.1034586334707853
53 0.4884817339579412 0.4182712262363494 0.023101307062679866 0.10503587098773709
51 0.6236193690398731 0.4189009981567393 0.02972810851815484 0.09828171539589517
37 0.6588940334338786 0.417364843085194 0.020414950098360817 0.09973753322447396
59 0.696878295910983 0.4263444170812598 0.024479347223009044 0.11551112682589054
56 0.7734661175890174 0.43388901907942456 0.02842753875375843 0.1051977639055679
48 0.8093794463058313 0.42628614410086907 0.02311680114186648 0.10851413185730241
44 0.8693150469096517 0.4315857002960301 0.05773730713387683 0.1095664358232022
37 0.9212380588580742 0.43142502581009723 0.02573343474984592 0.09816029570752206
59 0.9584984395768443 0.4273408849305646 0.02571794067065961 0.09468203483795684
46 0.07905138026869253 0.5605880802590344 0.02844303283294489 0.10867602477513312
37 0.11435315930127454 0.5651388817092281 0.024386382747889894 0.09464156160849914
65 0.1536418650625722 0.5680719724130125 0.02310130706267979 0.10503587098773728
53 0.22687755081490243 0.5702980000331852 0.02579541106659215 0.11207333918578313
37 0.3753230180849375 0.5695933738133695 0.0270494985934291 0.09472250806741454
58 0.4139459448848503 0.5725062279024249 0.027064992672615563 0.09820076893697977
37 0.44990575583922393 0.5753381355325651 0.024417370906262895 0.10159808334762957
44 0.526810972918764 0.5794145949685291 0.0250676557884611 0.0981400590927933
37 0.5644352312765996 0.5822970941354912 0.02444835906463597 0.10855460508676001
57 0.6023768850359411 0.5817114507402527 0.02313229522105279 0.11199239272686771
61 0.639660506873491 0.5828447011650678 0.023101307062679866 0.10503587098773728
43 0.6762783497496562 0.5839577149751541 0.027126968989361712 0.11211381241524064