53 0.030959770612474596 0.5969005830507281 0.030192456583659998 0.10480313450694428
53 0.03230510734222193 0.4412332321903517 0.027537087515498816 0.10824092351695506
48 0.0709357806572977 0.43368986848768143 0.024866224892581435 0.1047221907878354
42 0.11124639493059177 0.4191646881336592 0.023530793581122766 0.10296282442327558
44 0.14521855221031832 0.4108225849678179 0.027537087515498833 0.10824092351695506
55 0.18149941027053595 0.5615704447250309 0.024889465224715707 0.11515697339653105
55 0.18018937793212214 0.40246530485464377 0.02553975063134441 0.10821056962228924
37 0.29442469725126547 0.37638224778928925 0.027525467349431686 0.10302353221260724
53 0.3320644489016421 0.36537580016438664 0.023557907301946145 0.11513673746675383
56 0.3323777494923233 0.5236265517647154 0.03153950806118589 0.11177989217585195
46 0.36937324776567093 0.3535048463045371 0.026205529592729232 0.10822068758717784
50 0.4073342687306728 0.34771073100153804 0.027521593960742677 0.10128440177782463
37 0.44331150967193195 0.3358600130714657 0.030204076749727162 0.11002052581129211
53 0.48060481498120455 0.33094558095074655 0.024881718447337765 0.11167871252696585
51 0.6155005857410671 0.29498364958254053 0.031524014506429617 0.1048233704367215
37 0.6511430005072893 0.2840075558523039 0.022203109047042136 0.10468171892828096
59 0.6887614485198762 0.28256632561870565 0.02690229566362629 0.12214384903032732
56 0.7653531427999539 0.2692288466130363 0.030207950138416022 0.11175965624607473
48 0.8013439406016246 0.2512911721612249 0.024889465224715784 0.11515697339653105
44 0.8612853507640482 0.24081533792994486 0.05952546477148278 0.12263962930986963
37 0.9132490335559212 0.22524352797298053 0.0275293407381207 0.10476266264738984
59 0.9505636425029835 0.21076387846095704 0.027521593960742677 0.10128440177782463
46 0.07126457480273506 0.5849840983488798 0.03021569691579431 0.11523791711563994
37 0.10589476426646834 0.5801101380877152 0.02619003603797296 0.10126416584804741
65 0.14519121654292894 0.5725566564201562 0.02488171844733765 0.11167871252696585
53 0.21879658896849755 0.5549168821695291 0.02822610680901791 0.11868582409053922
37 0.36701955912212375 0.513535200199203 0.028853151883512316 0.10130463770760186
58 0.40565023243719955 0.5059918364965326 0.02886089866089034 0.10478289857716727
37 0.4416158532123915 0.4993585098708081 0.02620552959272908 0.10822068758717765
44 0.5185501204448841 0.48166814579573797 0.026863561776735878 0.10475254468250134
37 0.5561821253178827 0.4741399590404006 0.026221023147485426 0.11517720932630827
57 0.5941528297546073 0.46399801765044507 0.025562990963478627 0.11864535223098499
61 0.6311229290549101 0.4547408184252137 0.024881718447337765 0.11167871252696585
43 0.6677601388745205 0.4454886781824267 0.029557664731787548 0.11870606002031665