40 0.03872053872053872 0.47107438016528924 0.04826038159371493 0.5867768595041323
10 0.11335578002244669 0.43388429752066116 0.050505050505050504 0.5785123966942148
51 0.19809203142536475 0.47107438016528924 0.052749719416386086 0.6198347107438017
52 0.2828282828282828 0.4669421487603306 0.05387205387205387 0.628099173553719
37 0.3658810325476992 0.45041322314049587 0.050505050505050504 0.5867768595041323
40 0.5420875420875421 0.5041322314049587 0.050505050505050504 0.5785123966942148
28 0.6167227833894501 0.49586776859504134 0.051627384960718295 0.6198347107438017
43 0.702020202020202 0.4793388429752066 0.04938271604938271 0.5785123966942148
65 0.7850729517396184 0.5206611570247934 0.05611672278338945 0.628099173553719
43 0.8686868686868687 0.49586776859504134 0.050505050505050504 0.5867768595041323
59 0.9517396184062851 0.5371900826446281 0.05387205387205387 0.6198347107438017