40 0.043209876543209874 0.4132231404958678 0.051627384960718295 0.5950413223140496
10 0.11672278338945005 0.384297520661157 0.05387205387205387 0.5867768595041323
51 0.20202020202020202 0.43388429752066116 0.058361391694725026 0.628099173553719
52 0.2867564534231201 0.44214876033057854 0.05948372615039282 0.628099173553719
37 0.36980920314253646 0.43388429752066116 0.05387205387205387 0.5867768595041323
40 0.5465768799102132 0.512396694214876 0.05387205387205387 0.5867768595041323
28 0.6212121212121212 0.512396694214876 0.05611672278338945 0.628099173553719
43 0.7065095398428731 0.5041322314049587 0.052749719416386086 0.5867768595041323
65 0.7895622895622896 0.5537190082644629 0.06172839506172839 0.6363636363636364
43 0.8737373737373737 0.5454545454545454 0.05387205387205387 0.5950413223140496
59 0.9562289562289562 0.5950413223140496 0.058361391694725026 0.628099173553719