40 0.04236748844903103 0.35352077315932406 0.054179820134410646 0.6055656033149992
10 0.11649053857509223 0.3296862544194642 0.056404898624951384 0.597397302981296
51 0.2010798618220489 0.38803959201676064 0.06099218855159684 0.638911941983311
52 0.28577693238337726 0.40093838415951166 0.06211452300726463 0.6389600232214182
37 0.36881988689239614 0.4015126039445472 0.05640489862495132 0.597397302981296
40 0.5453524786105347 0.49311336266169215 0.05640489862495132 0.5973973029812959
28 0.6199583342812504 0.5023126545424481 0.058747519640261134 0.6388157795070969
43 0.7052557529120024 0.4986584804463109 0.05528256416928354 0.5973492217431888
65 0.7881615744754572 0.5570839399007679 0.06437878233939502 0.6473206485075494
43 0.8723268634401441 0.5576100784476965 0.05642448904574602 0.6056617657912134
59 0.9541201457583286 0.6119513877353018 0.060992188551596965 0.638911941983311