40 0.03909272311921936 0.4760512375208554 0.04872397970435223 0.5929798991067219
10 0.11369858144228412 0.44845422774999977 0.050962119064833764 0.5850039497666926
51 0.1984642158240454 0.4965356938828959 0.053239435730439516 0.6266147772861671
52 0.28319720245153646 0.5032948459662052 0.05436829973696141 0.6350234968310284
37 0.36623689306924473 0.49744091873222257 0.05096864861568778 0.5932684125766099
40 0.5424858446896389 0.5738082343828851 0.0509621190648338 0.5850039497666926
28 0.6171145564406928 0.5751368444467402 0.05211710127477173 0.6264705205512232
43 0.7023989159697367 0.5695714306826454 0.04983978460916601 0.5848596930317487
65 0.7854843134434234 0.6215687431180843 0.05661296864829686 0.6353120103009162
43 0.8690786417381114 0.6075224814416563 0.05096864861568778 0.5932684125766099
59 0.952164039211798 0.6595197938770951 0.05436177018610731 0.6267590340211111