40 0.05706984667802385 0.299172972978496 0.06984667802385008 0.28321988315423047
27 0.17206132879045996 0.29067580972139717 0.07666098807495741 0.30750726750602014
61 0.2972742759795571 0.28635165847585364 0.07836456558773425 0.3034984684326772
48 0.42674616695059625 0.2699893805146948 0.07666098807495741 0.2833137191189234
37 0.5545144804088586 0.2677165467881692 0.07325383304940375 0.2832668011365769
56 0.6814310051107325 0.27349649969508927 0.07836456558773425 0.3034984684326772
55 0.8091993185689949 0.2732397950008217 0.07495741056218058 0.30345155045033073
40 0.062180579216354344 0.7931949628552414 0.06984667802385008 0.28725214121874665
11 0.1737649063032368 0.7705379783899897 0.07495741056218058 0.275225743998718
48 0.3023850085178876 0.7622284870622765 0.07836456558773425 0.27930492004558055
38 0.4284497444633731 0.7579160653123196 0.07325383304940375 0.27923454307206075
51 0.555366269165247 0.769744405316014 0.07155025553662692 0.2953401163389523
48 0.6848381601362862 0.7574143854193712 0.07666098807495741 0.2833137191189233
65 0.8117546848381602 0.7611782092940332 0.0817717206132879 0.3035453864150237
37 0.9361158432708688 0.7487778124238708 0.07155025553662692 0.2832433421454039