40 0.06278020222072027 0.24309535972540375 0.07224403421936434 0.2832433421454037
27 0.17778159545719546 0.2455441358857284 0.08082138852748316 0.3075541854883666
61 0.30301932045639035 0.25390054519578803 0.08252496604026 0.3075776444795397
48 0.43248625586540995 0.2501015328343662 0.07905834427047174 0.28333717811009657
37 0.5602793471337701 0.258422753657666 0.07565118924491808 0.28329026012775016
56 0.6872503830178591 0.27885247817010084 0.08252496604026 0.30757764447953984
55 0.8150484298482388 0.2891898280256587 0.07910789989066715 0.3034984684326772
40 0.058883582377180284 0.7371173496021491 0.07225394534340344 0.2872756002099198
11 0.1704381760919454 0.7234840114867558 0.07733494450961662 0.275249202989891
48 0.29907810055467443 0.7297773737822107 0.08076192178324858 0.28336063710126963
38 0.42516761431025774 0.7381220535966839 0.07564127812087888 0.27925800206323415
51 0.5512918169999779 0.7605796366369633 0.07397734510425845 0.29536357533012525
48 0.6807686635330367 0.7608128823400576 0.07905834427047174 0.2833371781100967
65 0.8077297882930865 0.7772103487879762 0.08593212106581366 0.3076245624618862
37 0.9320959022878148 0.7775139714645902 0.07394761173214086 0.2832668011365769