40 0.05877342419080068 0.28024193548387094 0.06814310051107325 0.2782258064516129
27 0.1737649063032368 0.27419354838709675 0.07495741056218058 0.3024193548387097
61 0.2989778534923339 0.27419354838709675 0.07666098807495741 0.29838709677419356
48 0.4284497444633731 0.2620967741935484 0.07495741056218058 0.2782258064516129
37 0.5562180579216355 0.2620967741935484 0.07155025553662692 0.2782258064516129
56 0.6831345826235093 0.2721774193548387 0.07666098807495741 0.29838709677419356
55 0.8109028960817717 0.27419354838709675 0.07325383304940375 0.29838709677419356
40 0.06047700170357751 0.7741935483870968 0.06814310051107325 0.28225806451612906
11 0.17206132879045996 0.7540322580645161 0.07325383304940375 0.2701612903225806
48 0.30068143100511074 0.75 0.07666098807495741 0.27419354838709675
38 0.42674616695059625 0.75 0.07155025553662692 0.27419354838709675
51 0.5536626916524702 0.7641129032258065 0.06984667802385008 0.2903225806451613
48 0.6831345826235093 0.7560483870967742 0.07495741056218058 0.2782258064516129
65 0.8100511073253833 0.7620967741935484 0.08006814310051108 0.29838709677419356
37 0.934412265758092 0.7540322580645161 0.06984667802385008 0.2782258064516129