40 0.06074403414165866 0.23621412127061675 0.07226385646744257 0.2922932026036353
27 0.17576029406419255 0.22296640510463603 0.08084121077556136 0.31672134884293135
61 0.3009831523773287 0.21548555861279037 0.08083129965152216 0.3126890907784153
48 0.4304897322825048 0.19780676803355476 0.08079165515536578 0.2965600585203507
37 0.5582729124268259 0.18823941315379128 0.07568092261703548 0.29641929980903114
56 0.6851745704426411 0.19079229225279606 0.08083129965152216 0.3126890907784152
55 0.8129428839009034 0.18727332446980674 0.07912772213874533 0.3126421712079754
40 0.05271561139576083 0.730353412455602 0.07397734510425849 0.29637238023859125
11 0.1652111939832663 0.7030631724194747 0.07735476675769482 0.2843694451859226
48 0.2938461628839758 0.6934723577544911 0.08078174403132678 0.29252780045583443
38 0.4199208099535004 0.6859680514774256 0.07737458900577311 0.2924339613149549
51 0.5459607680888883 0.6925766484261664 0.07570074486511348 0.3044838159380634
48 0.676314181188433 0.676890527093969 0.07908807764258914 0.2965131389499109
65 0.8023690060098795 0.6774507369459357 0.08424836580111503 0.316815187983811
37 0.9267598978147055 0.6619288341102777 0.07567101149299647 0.292387041744515