40 0.06132879045996593 0.23790322580645162 0.07155025553662692 0.2903225806451613
27 0.17632027257240204 0.22782258064516128 0.08006814310051108 0.31451612903225806
61 0.30153321976149916 0.22379032258064516 0.08006814310051108 0.31048387096774194
48 0.43100511073253833 0.20967741935483872 0.08006814310051108 0.29435483870967744
37 0.5587734241908007 0.20362903225806453 0.07495741056218058 0.29435483870967744
56 0.6856899488926746 0.20967741935483872 0.08006814310051108 0.31048387096774194
55 0.813458262350937 0.20967741935483872 0.07836456558773425 0.31048387096774194
40 0.054514480408858604 0.7318548387096774 0.07325383304940375 0.29435483870967744
11 0.16695059625212946 0.7076612903225806 0.07666098807495741 0.28225806451612906
48 0.29557069846678025 0.7016129032258065 0.08006814310051108 0.2903225806451613
38 0.42163543441226575 0.6975806451612904 0.07666098807495741 0.2903225806451613
51 0.5477001703577513 0.7076612903225806 0.07495741056218058 0.3024193548387097
48 0.6780238500851788 0.6955645161290323 0.07836456558773425 0.29435483870967744
65 0.8040885860306644 0.6995967741935484 0.08347529812606473 0.31451612903225806
37 0.9284497444633731 0.6875 0.07495741056218058 0.2903225806451613