40 0.06357252423287404 0.21889008184272035 0.07397734510425849 0.2953635753301253
27 0.1785491396592515 0.21125821284175472 0.0825546994123773 0.31967441867308816
61 0.30376704241036817 0.21155010602278207 0.0825447882883382 0.315642160608572
48 0.43407089988971753 0.20169097706899944 0.0825051437921818 0.29951312835050753
37 0.5618342577859604 0.19791542369875087 0.07739441125385131 0.2994427513769879
56 0.6879287271035631 0.20827623254548194 0.0825447882883382 0.31564216060857203
55 0.8157069516858646 0.21054906627200756 0.08084121077556136 0.3156187016173988
40 0.054565171851003576 0.7129824486929855 0.07569083374107442 0.29941929238581483
11 0.1669517320740789 0.6912728649529732 0.07906825539451079 0.2873694361746128
48 0.2955718342887297 0.6895017111193958 0.0824952326681426 0.29548087028599146
38 0.4216365702342152 0.6877657457725788 0.07908807764258895 0.29543395230364505
51 0.5477409506758572 0.7021588126838259 0.07741423350192951 0.30750726750602003
48 0.6780497637172261 0.6943158127623014 0.08080156627940496 0.29948966935933413
65 0.8041343219107898 0.7006443635445162 0.08596185443793086 0.3197213366554346
37 0.9284806136574398 0.692883470092098 0.07738450012981231 0.29541049331247166