53 0.46942424921443315 0.5268911513766765 0.05360678903121965 0.08373980032431164
37 0.2296067285299777 0.25866943668674963 0.05360678903121974 0.08373980032431154
38 0.38824138514583595 0.26846895089020917 0.05360678903121983 0.08373980032431164
39 0.5460720658639951 0.2743485783241935 0.05360678903121965 0.08373980032431164
41 0.7007732014026147 0.27939240868027715 0.05360678903121983 0.08373980032431154
43 0.8570459273003138 0.28602601257531113 0.05360678903121965 0.08373980032431154
42 0.2365708425985748 0.5157961440730758 0.05360678903121974 0.08373980032431164
44 0.3115799329576544 0.5186677739426921 0.05360678903121974 0.08373980032431164
46 0.5459776588553534 0.5266650547852432 0.05360678903121965 0.08373980032431164
55 0.7038310654712118 0.5364509322192275 0.05360678903121983 0.08373980032431164
56 0.8601037913689108 0.5430845361142614 0.05360678903121965 0.08373980032431164
66 0.2317525741536146 0.7617807999172744 0.05360678903121974 0.08373980032431146