53 0.47544927406904225 0.5140572407304062 0.05565111067790855 0.08344884667409058
37 0.22795446670113478 0.2565243620305441 0.05565111067790855 0.08344884667409058
38 0.3865573073679075 0.2591510173854067 0.05565111067790855 0.08344884667409058
39 0.5443334447008166 0.2578623320734966 0.05565111067790873 0.08344884667409058
41 0.698975491366953 0.25575603409449565 0.05565111067790855 0.08344884667409058
43 0.8551891286998622 0.2544491674490401 0.05565111067790838 0.08344884667409058
42 0.24266404606936046 0.5136919720321349 0.05565111067790855 0.08344884667409058
44 0.317645864735815 0.5130021760423162 0.05565111067790855 0.0834488466740904
46 0.5519572300684059 0.5102606260741329 0.05565111067790855 0.08344884667409058
55 0.7097697300684059 0.5120969407622229 0.05565111067790855 0.08344884667409058
56 0.8659924580680878 0.5115713241167674 0.05565111067790873 0.08344884667409058
66 0.24552760610276803 0.7597857220321349 0.05565111067790855 0.08344884667409058