53 0.45394961827200964 0.5323464300307882 0.05831246974937905 0.08627384328594587
37 0.22114725039278346 0.2606703761688455 0.05831246974937896 0.08627384328594587
38 0.38046316305876593 0.2717538427949665 0.05831246974937896 0.08627384328594587
39 0.5390114612633679 0.2804890142415477 0.05831246974937905 0.08627384328594587
41 0.6936671450065892 0.2868577097904299 0.05831246974937905 0.08627384328594587
43 0.8498716932111912 0.29557924569839167 0.05831246974937905 0.08627384328594587
42 0.22199109114464655 0.5184965117074649 0.05831246974937896 0.08627384328594587
44 0.29618711524694746 0.5228345537637468 0.05831246974937905 0.08627384328594587
46 0.5305075730924698 0.5335731076256895 0.05831246974937905 0.08627384328594587
55 0.688265530937992 0.5438662338927308 0.05831246974937905 0.08627384328594587
56 0.8444700791425941 0.5525877698006927 0.05831246974937869 0.08627384328594587
66 0.20962185958960675 0.7645266291939077 0.05831246974937896 0.08627384328594587