53 0.4633927959651067 0.5152552778147341 0.05517837939029935 0.08469316256778665
37 0.23135804254726117 0.248645536497137 0.05517837939029935 0.08469316256778665
38 0.38911145521324364 0.25788366023009557 0.05517837939029935 0.08469316256778665
39 0.5468921389564649 0.2624342839630541 0.05517837939029935 0.08469316256778665
41 0.7015523678792261 0.266221838414172 0.05517837939029935 0.08469316256778665
43 0.8577614612633677 0.27234405250621024 0.05517837939029917 0.08469316256778665
42 0.23064392847866405 0.5056722413175971 0.05517837939029935 0.08469316256778665
44 0.3056257477605048 0.5083609040817756 0.05517837939029935 0.08469316256778647
46 0.5399552959651067 0.5148098502198328 0.05517837939029935 0.08469316256778665
55 0.696932003810629 0.5232712691323312 0.05517837939029935 0.08469316256778665
56 0.8531410971947707 0.5293934832243694 0.05517837939029953 0.08469316256778647
66 0.21827469692362428 0.7518296238311545 0.05517837939029935 0.08469316256778665