53 0.46640625 0.51875 0.053125 0.0828125
37 0.228125 0.2546875 0.053125 0.0828125
38 0.38671875 0.26171875 0.053125 0.0828125
39 0.54453125 0.26484375 0.053125 0.0828125
41 0.69921875 0.2671875 0.053125 0.0828125
43 0.85546875 0.27109375 0.053125 0.0828125
42 0.23359375 0.51171875 0.053125 0.0828125
44 0.30859375 0.51328125 0.053125 0.0828125
46 0.54296875 0.5171875 0.053125 0.0828125
55 0.70078125 0.52421875 0.053125 0.0828125
56 0.85703125 0.528125 0.053125 0.0828125
66 0.22734375 0.7578125 0.053125 0.0828125