53 0.45163993726132146 0.5251416192711847 0.05723179201145392 0.08502952800763594
37 0.21567735463081986 0.26151711330363775 0.05723179201145401 0.08502952800763594
38 0.3749614479630926 0.26747511728200235 0.05723179201145401 0.08502952800763594
39 0.5335006539624563 0.2703172119271397 0.0572317920114541 0.08502952800763604
41 0.6881517912953654 0.27164225990614066 0.05723179201145392 0.08502952800763604
43 0.8443472472947292 0.2745116265515962 0.05723179201145427 0.08502952800763604
42 0.21892743459582148 0.5192568879694559 0.05723179201145401 0.08502952800763594
44 0.2939001625955033 0.5207279339592746 0.05723179201145401 0.08502952800763594
46 0.5282115279280942 0.5234694839274578 0.05723179201145392 0.08502952800763594
55 0.6859422119271397 0.5286644192393679 0.05723179201145392 0.08502952800763594
56 0.8421376679265034 0.5315337858848235 0.05723179201145392 0.08502952800763594
66 0.2098138745624139 0.7654233633036378 0.05723179201145401 0.08502952800763612