53 0.06969408035278837 0.6359375 0.06731595941492108 0.096875
46 0.16115487743068907 0.6390625 0.06731595941492108 0.096875
39 0.14044336241645064 0.34765625 0.06731595941492108 0.096875
41 0.3208848388775003 0.34609375 0.06731595941492108 0.096875
43 0.49659790503012446 0.3421875 0.06731595941492116 0.096875
45 0.6778069947216989 0.33984375 0.06731595941492116 0.096875
46 0.8628677873353727 0.334375 0.07200345941492117 0.096875
55 0.3384713538917387 0.6375 0.06731595941492108 0.096875
56 0.5133895332748877 0.6328125 0.06731595941492116 0.096875
57 0.693022486196987 0.6296875 0.06887845941492117 0.096875
58 0.8773974861969871 0.6296875 0.07356595941492117 0.096875