53 0.026991569959433685 0.6450767207790069 0.05398313991886737 0.09478639448011279
46 0.11432974657864041 0.6505648360381265 0.06046588001272668 0.09478639448011297
39 0.1114796559516386 0.3582682418823252 0.06046588001272668 0.09478639448011297
41 0.2919484059516386 0.36141833563108944 0.06046588001272664 0.09478639448011297
43 0.46698476861872945 0.3613479719935275 0.06046588001272681 0.09478639448011297
45 0.648252949952275 0.36294920251176693 0.06046588001272681 0.09478639448011288
46 0.8334546532861384 0.3622748668773822 0.06515338001272682 0.09486821509696393
55 0.2916825872454131 0.6528791327089901 0.06046588001272672 0.09478639448011297
56 0.4675092905792768 0.6520411558409034 0.06046588001272681 0.09478639448011279
57 0.6472149719128222 0.6536151128201925 0.06202838001272663 0.09481366801906325
58 0.8315808812460495 0.6576146404163326 0.06671588001272681 0.09489548863591431