40 0.184375 0.45234375 0.0546875 0.08125
16 0.2640625 0.45078125 0.059375 0.0828125
40 0.4171875 0.45390625 0.0546875 0.08125
17 0.49375 0.4515625 0.0546875 0.08125
40 0.65 0.45390625 0.0546875 0.08125
18 0.72578125 0.45078125 0.0578125 0.0828125
40 0.8875 0.453125 0.0546875 0.08125
19 0.96484375 0.45078125 0.0578125 0.08125
40 0.1828125 0.70703125 0.0546875 0.08125
42 0.2609375 0.70078125 0.0546875 0.08125
15 0.3375 0.70234375 0.0609375 0.0828125
40 0.4890625 0.70234375 0.0609375 0.0828125
24 0.56640625 0.70078125 0.0609375 0.0828125
17 0.64609375 0.70234375 0.0609375 0.0828125
40 0.80234375 0.70546875 0.0609375 0.0828125
25 0.884375 0.70703125 0.0609375 0.0828125
40 0.18046875 0.95078125 0.0609375 0.0828125
32 0.25859375 0.95234375 0.0609375 0.0828125
40 0.4140625 0.95625 0.0609375 0.0828125
33 0.490625 0.95234375 0.0609375 0.0828125
40 0.6453125 0.95703125 0.0609375 0.0828125
34 0.72421875 0.95546875 0.0609375 0.0828125
40 0.8796875 0.95625 0.0609375 0.0828125
35 0.96171875 0.95703125 0.0609375 0.0828125