40 0.18125 0.46015625 0.0546875 0.0828125
16 0.2609375 0.4625 0.0609375 0.0859375
40 0.4140625 0.47109375 0.0546875 0.0828125
17 0.490625 0.471875 0.0546875 0.0828125
40 0.646875 0.48046875 0.0546875 0.0828125
18 0.721875 0.48046875 0.059375 0.084375
40 0.884375 0.48984375 0.0546875 0.0828125
19 0.96171875 0.490625 0.059375 0.084375
40 0.17734375 0.71484375 0.0546875 0.0828125
42 0.25703125 0.71171875 0.0546875 0.0828125
15 0.334375 0.71484375 0.0625 0.0859375
40 0.4859375 0.721875 0.0625 0.0859375
24 0.5625 0.72421875 0.0625 0.0859375
17 0.64296875 0.728125 0.0625 0.0859375
40 0.7984375 0.7390625 0.0625 0.0859375
25 0.88046875 0.74296875 0.0625 0.0859375
40 0.175 0.9578125 0.0625 0.084375
32 0.253125 0.96015625 0.0625 0.0796875
40 0.40859375 0.965625 0.0625 0.06875
33 0.48515625 0.96484375 0.0625 0.0703125
40 0.63984375 0.9703125 0.0625 0.059375
34 0.71875 0.97109375 0.0625 0.0578125
40 0.87421875 0.975 0.0625 0.05
35 0.95625 0.9765625 0.0625 0.046875