40 0.1875 0.44609375 0.053125 0.0796875
16 0.2671875 0.4453125 0.0578125 0.08125
40 0.4203125 0.45 0.053125 0.0796875
17 0.496875 0.4484375 0.053125 0.0796875
40 0.653125 0.45234375 0.053125 0.0796875
18 0.72890625 0.45078125 0.05625 0.08125
40 0.890625 0.4546875 0.053125 0.0796875
19 0.96796875 0.453125 0.05625 0.0796875
40 0.1828125 0.70078125 0.053125 0.0796875
42 0.26171875 0.6953125 0.053125 0.0796875
15 0.33828125 0.696875 0.059375 0.08125
40 0.48984375 0.69921875 0.059375 0.08125
24 0.5671875 0.69921875 0.059375 0.08125
17 0.646875 0.70078125 0.059375 0.08125
40 0.80234375 0.70625 0.059375 0.08125
25 0.884375 0.70859375 0.059375 0.08125
40 0.178125 0.94453125 0.059375 0.08125
32 0.25625 0.946875 0.059375 0.08125
40 0.41171875 0.95234375 0.059375 0.08125
33 0.48828125 0.94921875 0.059375 0.08125
40 0.64296875 0.95546875 0.059375 0.08125
34 0.721875 0.95546875 0.059375 0.08125
40 0.87734375 0.9578125 0.059375 0.08125
35 0.959375 0.959375 0.059375 0.08125