40 0.1949072513924064 0.4329472179742284 0.0571954293443631 0.08190452800763595
16 0.27462202339272457 0.4343637199634108 0.06190111067790856 0.0835215720082724
40 0.4270748613939972 0.44196603994272987 0.05719542934436319 0.08190452800763595
17 0.5036555427275426 0.4426376545990031 0.05719542934436319 0.08190452800763595
40 0.6600146307288153 0.4501945212444586 0.05719542934436319 0.08190452800763595
18 0.7358049713955881 0.4500939765675046 0.06033861067790856 0.08350339067472703
40 0.8976328093968607 0.45758720854555096 0.05719542934436319 0.08190452800763595
19 0.9724172630291121 0.45824973253505147 0.05516547394177564 0.08194089067472703
40 0.18380830876031387 0.6877983499761374 0.0571954293443631 0.08190452800763595
42 0.262678196093223 0.6837551926320925 0.05719542934436319 0.08190452800763595
15 0.3392952400938593 0.6875518072883657 0.06346361067790855 0.08353975334181776
40 0.49093955609481377 0.6928194679344576 0.06346361067790873 0.08353975334181776
24 0.5683196687619047 0.695044491923958 0.06346361067790873 0.08353975334181776
17 0.6480526220957683 0.6980234939131403 0.06346361067790855 0.08353975334181776
40 0.8036486414305865 0.7071519512253686 0.06346361067790873 0.08353975334181776
25 0.8849622760979955 0.7116752718810055 0.06346361067790837 0.08353975334181776
40 0.17335425612663052 0.9309216413112738 0.06346361067790855 0.08353975334181776
32 0.2515428907940396 0.9354813246340015 0.06346361067790855 0.08353975334181776
40 0.4071389101288577 0.9446097819462297 0.06346361067790855 0.08353975334181776
33 0.48369231946208496 0.942937646602503 0.06346361067790855 0.08353975334181776
40 0.637725838796903 0.9520842852482767 0.06344542934436319 0.08197725334181775
34 0.7158690201304486 0.9527377185710044 0.06340906667727211 0.07885225334181775
40 0.8721553827975395 0.9540445852164599 0.06333634134309066 0.07260225334181811
35 0.9534326547978577 0.9554429058720968 0.06328179734245402 0.06791475334181776