40 0.17758536660568464 0.447091533975183 0.05879429201145401 0.08504770934118148
16 0.2572183226050483 0.45085178596436537 0.06508065467854482 0.0882454346753633
40 0.40939844060313924 0.4631416059436845 0.05879429201145392 0.08504770934118148
17 0.48591548726927575 0.46615697059995764 0.05879429201145392 0.08504770934118148
40 0.6420018552673668 0.4784013372454131 0.05879429201145392 0.08504770934118148
18 0.7169745832670485 0.47987238323523174 0.06349997334499946 0.08666475334181775
40 0.8785206105983668 0.4928343652132782 0.05879429201145427 0.08504770934118148
19 0.9558189072645031 0.4958406392027787 0.06349997334499946 0.08666475334181775
40 0.16213089990454982 0.7011432346435466 0.05879429201145401 0.08504770934118148
42 0.24181839990454984 0.7002159866327288 0.05879429201145401 0.08504770934118148
15 0.3190985152371408 0.7047847606222293 0.06664315467854491 0.08826361600890884
40 0.4697343145687773 0.715530261935094 0.06664315467854501 0.08826361600890867
24 0.5462331799013682 0.7201081265913671 0.06664315467854501 0.08826361600890867
17 0.6266292045671864 0.7254217879137767 0.06664315467854501 0.08826361600890867
40 0.7811258005649592 0.7400280858927777 0.06664315467854501 0.08826361600890867
25 0.8630752345640047 0.7461048158816418 0.06664315467854501 0.08826361600890884
40 0.14836620253823318 0.9442392539783647 0.06662497334499946 0.08670111600890848
32 0.22642756787082413 0.9487989373010922 0.06657042934436311 0.08201361600890848
40 0.380987798536006 0.9579364852800932 0.06644316000954502 0.07107611600890848
33 0.45753211720246056 0.9586080999363666 0.06646134134309048 0.07263861600890849
40 0.6113474605347333 0.9646297385821402 0.06471702800763594 0.0569954346753633
34 0.6910076885344152 0.9660462405713226 0.06466248400699967 0.0523079346753633
40 0.8456224632002334 0.9704962885503235 0.06451703333863605 0.039807934675363296
35 0.9268361005331425 0.9726758592059603 0.06444430800445425 0.0335579346753633