40 0.19009529751723084 0.44827551002545346 0.05358860831306052 0.08030566534054522
16 0.26977825233769104 0.4484215080362711 0.058285198672140125 0.08192270934118148
40 0.4229305234149299 0.4548907787237246 0.05358860831306043 0.08030566534054522
17 0.4994839330558502 0.4542191640674515 0.0535886083130606 0.08030566534054522
40 0.6557566589535494 0.4599435474219959 0.0535886083130606 0.08030566534054522
18 0.7315288185944697 0.4592628420989501 0.05672269867214012 0.08190452800763595
40 0.8932702944921687 0.46505086012090346 0.0535886083130606 0.08030566534054522
19 0.9706049541330891 0.464388336131403 0.056713608313060604 0.08034202800763594
40 0.18688952604720854 0.702908466024817 0.05358860831306052 0.08030566534054522
42 0.2657639597904299 0.698357873368862 0.05358860831306043 0.08030566534054522
15 0.3423355501495095 0.7008112587125888 0.059847698672140126 0.08194089067472685
40 0.493911685688129 0.7049185980664969 0.059847698672140126 0.08194089067472685
24 0.571255435688129 0.7058185740769964 0.059847698672140126 0.08194089067472685
17 0.6509520260472086 0.7083083220878141 0.059847698672140126 0.08194089067472703
40 0.8064525923039871 0.7155861147755859 0.059847698672140126 0.08194089067472685
25 0.8884974778426067 0.7188843847867218 0.059847698672140126 0.08194089067472685
40 0.18362012206362893 0.9466039220241808 0.059847698672140126 0.08194089067472703
32 0.2617587576022483 0.9498567387014528 0.059847698672140126 0.08194089067472703
40 0.41725932385902703 0.9571345313892248 0.059847698672140126 0.08194089067472703
33 0.4938036431408678 0.9549004167329513 0.059847698672140126 0.08194089067472703
40 0.6485275045771862 0.9609899617082934 0.059847698672140126 0.0780200765834131
34 0.7274337545771863 0.961449040380316 0.059847698672140126 0.07710191923936804
40 0.8829161401158057 0.963525436724202 0.059847698672140126 0.07294912655159606
35 0.9649564804748852 0.9647839467297699 0.059847698672140126 0.07043210654046028