57 0.50859375 0.496875 0.0546875 0.078125
39 0.05546875 0.24375 0.0546875 0.078125
41 0.2046875 0.24375 0.0546875 0.078125
43 0.35703125 0.2484375 0.0546875 0.078125
45 0.51015625 0.25078125 0.0546875 0.078125
46 0.6578125 0.253125 0.0484375 0.078125
47 0.80859375 0.25859375 0.0484375 0.078125
48 0.9578125 0.26015625 0.0484375 0.078125
55 0.2046875 0.49375 0.0484375 0.078125
56 0.35703125 0.49453125 0.0484375 0.078125
58 0.659375 0.5015625 0.0546875 0.078125
59 0.81015625 0.50390625 0.0546875 0.078125
60 0.96015625 0.50625 0.05 0.078125