57 0.528125 0.50234375 0.0578125 0.0796875
39 0.065625 0.24453125 0.0578125 0.0796875
41 0.2140625 0.24609375 0.0578125 0.0796875
43 0.3671875 0.25234375 0.0578125 0.0796875
45 0.5203125 0.25625 0.0578125 0.0796875
46 0.66796875 0.2609375 0.0515625 0.0796875
47 0.81875 0.26796875 0.0515625 0.0796875
48 0.96796875 0.27109375 0.0515625 0.0796875
55 0.22421875 0.49609375 0.0515625 0.0796875
56 0.3765625 0.4984375 0.0515625 0.0796875
58 0.6796875 0.509375 0.0578125 0.0796875
59 0.83046875 0.51328125 0.0578125 0.0796875
60 0.9765625 0.5171875 0.046875 0.0796875