57 0.5025961965308408 0.4966907311622563 0.0551420179539809 0.07844316256778665
39 0.05248815398357963 0.2440636173882468 0.05514201795398088 0.07844316256778665
41 0.20171599434265924 0.24336924668035032 0.0551420179539809 0.07844316256778665
43 0.3540370184449602 0.24816180669061305 0.0551420179539809 0.07844316256778665
45 0.5071529280858806 0.25061516188041555 0.05514201795398073 0.07844316256778665
46 0.654800087726801 0.25303670081343943 0.048892017953980904 0.07840680113146821
47 0.805554066649562 0.2586014204646226 0.048892017953981085 0.07840680113146821
48 0.9547682714700223 0.26025079975672605 0.048892017953981085 0.07840680113146811
55 0.1986990368899204 0.4933601563212706 0.048892017953980904 0.07840680113146803
56 0.3510427868899204 0.49424646633153346 0.048892017953980904 0.07840680113146803
58 0.6533547206331417 0.5014742008134394 0.0551420179539809 0.07844316256778665
59 0.8041268802740621 0.5039139204646226 0.05514201795398108 0.07844316256778665
60 0.9541177899149826 0.5063490949362659 0.05045451795398108 0.07841589149054773