57 0.4859375 0.47890625 0.059375 0.08125
39 0.05390625 0.2265625 0.059375 0.08125
41 0.203125 0.22578125 0.059375 0.08125
43 0.35390625 0.23046875 0.059375 0.08125
45 0.50703125 0.23359375 0.059375 0.08125
46 0.6546875 0.23515625 0.0546875 0.08125
47 0.80390625 0.240625 0.0546875 0.08125
48 0.953125 0.24296875 0.0546875 0.08125
55 0.1828125 0.47578125 0.0546875 0.08125
56 0.334375 0.4765625 0.0546875 0.08125
58 0.6359375 0.484375 0.059375 0.08125
59 0.78515625 0.48671875 0.059375 0.08125
60 0.93515625 0.48828125 0.05625 0.08125