57 0.4895003998783631 0.4866207073830309 0.06298178903121965 0.08390344155801355
39 0.06528969847574839 0.21205571509696391 0.06298178903121973 0.08390344155801363
41 0.21375446955298724 0.21933420129724626 0.06298178903121973 0.08390344155801355
43 0.36459480688700474 0.23212234780595403 0.06298178903121973 0.08390344155801355
45 0.5177698038619427 0.2433889046230874 0.06298178903121965 0.08390344155801355
46 0.6654624152982611 0.2522162540538945 0.05829428903121965 0.08382162094116259
47 0.8139635478118186 0.26574474025417677 0.05829428903121965 0.08382162094116259
48 0.9632232044276767 0.27538061322393426 0.05829428903121965 0.08382162094116259
55 0.18629813182618626 0.468048390826665 0.058294289031219734 0.08382162094116268
56 0.3378969932625048 0.4769439241048479 0.058294289031219734 0.08382162094116268
58 0.6395640323919203 0.5001764671222635 0.06298178903121965 0.08390344155801355
59 0.7880469841873184 0.5105799533225458 0.06298178903121965 0.08390344155801373
60 0.9380833456236368 0.5194482130617785 0.059856789031219645 0.08384889448011297