57 0.4831513049420971 0.48173335167376113 0.06141928903121965 0.0831670240041051
39 0.05732109972885352 0.2190908884654857 0.06141928903121974 0.0831670240041051
41 0.20653075936977391 0.22152151775758916 0.06141928903121974 0.0831670240041051
43 0.3572665575743758 0.23021123740877228 0.06141928903121974 0.0831670240041051
45 0.5103597413175972 0.2365708425985748 0.06141928903121965 0.0831670240041051
46 0.6579887202403583 0.24211738153159867 0.05673178903121965 0.08313975292686626
47 0.8071620184449604 0.2507980108237022 0.05673178903121965 0.08313975292686618
48 0.9563534973677215 0.25635364011580564 0.05673178903121965 0.08313975292686626
55 0.18085755191703506 0.47138061719185503 0.05673178903121974 0.08313975292686634
56 0.3324018711988758 0.4753873820225779 0.05673178903121974 0.08313975292686634
58 0.633105853146699 0.49041852614540443 0.06141928903121965 0.0831670240041051
59 0.7822973320694603 0.49597415543750795 0.06141928903121965 0.0831670240041051
60 0.9322700609922213 0.5015343299091513 0.05829428903121965 0.08314884328594588