57 0.5339612080680878 0.5077077907383604 0.06032042934436319 0.08194089067472703
39 0.06387378536758934 0.25305282200827234 0.06032042934436312 0.08194089067472694
41 0.2122931040340439 0.2532175486950896 0.0603204293443631 0.08194089067472685
43 0.3654635573679075 0.25890556938254317 0.06032042934436319 0.08194089067472685
45 0.519387988701453 0.26225893073676954 0.06032042934436319 0.08194089067472685
46 0.6670624200349984 0.265539566756814 0.054070429344363194 0.08186816534054513
47 0.8178982140356347 0.27198156544394947 0.054070429344363194 0.08186816534054513
48 0.9671260547024074 0.2744991327975394 0.054070429344363194 0.08186816534054504
55 0.23004586740131505 0.5033902713637713 0.054070429344363104 0.08186816534054522
56 0.38238961740131505 0.5051629513844522 0.054070429344363104 0.08186816534054522
58 0.685578252068724 0.5141588800922685 0.06032042934436319 0.08194089067472703
59 0.8363776834022696 0.5174758787794038 0.06032042934436319 0.08194089067472703
60 0.9784993593650441 0.5191667427991302 0.04300128126991183 0.08181362133990877