57 0.5222797012651395 0.5084890407383604 0.05873974801081765 0.08036020934118149
39 0.0627796213001379 0.24529486600890865 0.058739748010817695 0.08036020934118149
41 0.21119893996659247 0.24858459269572597 0.05873974801081765 0.08036020934118149
43 0.36425121463241067 0.25661636338317956 0.05873974801081765 0.08036020934118149
45 0.517330761298547 0.2623043840706331 0.05873974801081765 0.08036020934118149
46 0.6649324672979107 0.2687100200906777 0.05248974801081765 0.08028748400699967
47 0.8156319012969563 0.27749576877781307 0.05248974801081765 0.08028748400699967
48 0.9648142886298654 0.28235708613140303 0.052489748010818 0.08028748400699967
55 0.21844617659932125 0.4987027713637714 0.05248974801081765 0.08028748400699967
56 0.37076265459900315 0.5028192013844521 0.05248974801081765 0.08028748400699967
58 0.673760385264185 0.5172838800922686 0.05873974801081765 0.08036020934118149
59 0.8244961819303214 0.5229446287794038 0.05873974801081765 0.08036020934118149
60 0.9705444785964576 0.5285508334659029 0.047802248010818005 0.08023294000636341