45 0.05625 0.265625 0.059375 0.0890625
46 0.2125 0.26796875 0.059375 0.0890625
47 0.36875 0.26796875 0.059375 0.0890625
48 0.5234375 0.27109375 0.059375 0.0890625
49 0.67578125 0.27265625 0.059375 0.0890625
50 0.83203125 0.2734375 0.059375 0.0890625
51 0.975 0.278125 0.05 0.0875
57 0.05078125 0.5171875 0.059375 0.0890625
58 0.2078125 0.51875 0.059375 0.0890625
59 0.365625 0.51796875 0.059375 0.0890625
60 0.51953125 0.51796875 0.059375 0.0890625
61 0.67578125 0.52265625 0.059375 0.0890625
62 0.828125 0.5203125 0.059375 0.0890625