45 0.06165615924813692 0.2578125 0.061464740826617834 0.090625
46 0.21793797550491556 0.26328125 0.06146474082661779 0.090625
47 0.374201611043535 0.265625 0.06146474082661779 0.090625
48 0.5289254724798534 0.271875 0.06146474082661779 0.090625
49 0.6812919483775526 0.27578125 0.06146474082661779 0.090625
50 0.8375601290957118 0.27890625 0.06146474082661797 0.090625
51 0.9772670028286704 0.28671875 0.04546599434265915 0.0890625
57 0.05374470705995538 0.509375 0.061464740826617834 0.090625
58 0.21079868295765442 0.51328125 0.06146474082661779 0.090625
59 0.3686248184962738 0.515625 0.06146474082661779 0.090625
60 0.5225447040348932 0.51796875 0.06146474082661797 0.090625
61 0.6780589058302914 0.52578125 0.06146474082661779 0.090625
62 0.8304026558302914 0.52578125 0.06146474082661797 0.090625