45 0.06315617003499839 0.2588625312495881 0.061992017345635794 0.09168866801906325
46 0.21946980470240743 0.2670586351446221 0.06199201734563573 0.09168866801906325
47 0.37574707670272567 0.2721297390396561 0.06199201734563573 0.09168866801906325
48 0.5305073020369073 0.2810798193957397 0.06199201734563573 0.09168866801906325
49 0.6828965053707711 0.28764523944339787 0.06199201734563573 0.09168866801906325
50 0.8391828680378619 0.2934975933384319 0.06199201734563573 0.09168866801906325
51 0.9779715533497718 0.3037647118439625 0.044056893300456326 0.08988070616851021
57 0.056708364735814996 0.510261390015886 0.061992017345635794 0.09168866801906325
58 0.21378506806967862 0.5169086306803952 0.06199201734563573 0.09168866801906325
59 0.3716248400699968 0.5220070081143795 0.06199201734563582 0.09168866801906325
60 0.5255583620703149 0.5270372017009881 0.06199201734563573 0.09168866801906325
61 0.6811180187380421 0.5375634188265469 0.06199201734563573 0.09168866801906325
62 0.8334617687380422 0.540222588874205 0.06199201734563573 0.09168866801906325