37 0.2149452038476066 0.15914437019496416 0.09543320069347105 0.1060137769835976
60 0.3748551137575165 0.15846274326991824 0.0999901180791553 0.11263363780805617
43 0.5280475765715545 0.15285942243304534 0.0999639116385653 0.10933330777505283
37 0.2214514977802812 0.4742874868298753 0.09545940713406093 0.10931410701660076
60 0.379082948997349 0.4769157903170587 0.10452082902424968 0.1159531685995115
48 0.5345407672839342 0.4696527040844582 0.09993770519797557 0.10603297774204963
56 0.6854285649645402 0.47065964369281793 0.10449462258365967 0.1126528385665082
37 0.2256793330201137 0.7927405338770159 0.09545940713406093 0.10931410701660076
60 0.3833369906777714 0.7920685073311959 0.10449462258365981 0.11265283856650803
37 0.5365294534918094 0.786465186494323 0.09543320069347093 0.10601377698359746
65 0.6919217556769197 0.7874529253442307 0.1000163245197453 0.11593396784105953