37 0.22522522522522523 0.15676567656765678 0.09009009009009009 0.10561056105610561
60 0.38513513513513514 0.15841584158415842 0.0945945945945946 0.11221122112211221
43 0.5382882882882883 0.1551155115511551 0.0945945945945946 0.10891089108910891
37 0.22522522522522523 0.47194719471947194 0.09009009009009009 0.10891089108910891
60 0.38288288288288286 0.4768976897689769 0.0990990990990991 0.11551155115511551
48 0.5382882882882883 0.47194719471947194 0.0945945945945946 0.10561056105610561
56 0.6891891891891891 0.4752475247524752 0.0990990990990991 0.11221122112211221
37 0.22522522522522523 0.7904290429042904 0.09009009009009009 0.10891089108910891
60 0.38288288288288286 0.7920792079207921 0.0990990990990991 0.11221122112211221
37 0.536036036036036 0.7887788778877888 0.09009009009009009 0.10561056105610561
65 0.6914414414414415 0.7937293729372937 0.0945945945945946 0.11551155115511551