46 0.20105820105820105 0.19812646450749613 0.12698412698412698 0.11372047869081853
37 0.38095238095238093 0.19714849108863686 0.10582010582010581 0.11364516697805536
60 0.5661375661375662 0.20427996048469974 0.1164021164021164 0.11368282283443697
37 0.7407407407407407 0.20490128211499598 0.1111111111111111 0.10719150299686102
65 0.19047619047619047 0.5152409122109851 0.12698412698412698 0.11372047869081857
37 0.37037037037037035 0.5174991847468183 0.1164021164021164 0.10397408497035934
60 0.5582010582010583 0.5181675761975916 0.12169312169312169 0.11693789671732034
37 0.7328042328042328 0.5187888978278877 0.1164021164021164 0.11044657687974445
47 0.15343915343915343 0.8274068513414812 0.1164021164021164 0.12015531474382213
37 0.3306878306878307 0.8296557099132192 0.1111111111111111 0.11366399490624642
60 0.5158730158730159 0.8335509333545895 0.1111111111111111 0.11366399490624604
48 0.6904761904761905 0.8293178860528467 0.1164021164021164 0.11044657687974445