46 0.2075516049831629 0.2008155726260202 0.13978252870310606 0.11748393977409771
37 0.38483106544207585 0.20117218171594142 0.11326593582760833 0.11405940816456561
60 0.5727541029034706 0.20468972249861941 0.1291389517006242 0.1141723795574694
37 0.7473264942964095 0.20182891419933208 0.12372481356867615 0.10766223051711635
65 0.21887611948036026 0.5179300190549229 0.13978252870310606 0.11748393977409781
37 0.3961555799392732 0.518286628144844 0.12366324714820477 0.10442598456242379
60 0.5840170509801967 0.5185679229728294 0.12920051812109556 0.11740862551216194
37 0.7612349450186383 0.5156882861080582 0.1291389517006242 0.1141723795574694
47 0.214204485263599 0.8286849449673441 0.1239710792505615 0.12060721433588639
37 0.38886922628724496 0.8306785056000956 0.12390951283009012 0.11737096838119383
60 0.5767614805384041 0.8325779234054274 0.12390951283009027 0.11737096838119421
48 0.7512723055108718 0.8264808691514474 0.12378637998914722 0.11089847647180891