37 0.04683544303797468 0.33126293995859213 0.029535864978902954 0.12422360248447205
38 0.1451476793248945 0.33126293995859213 0.030379746835443037 0.12422360248447205
39 0.2451476793248945 0.33126293995859213 0.03459915611814346 0.12422360248447205
41 0.34514767932489454 0.33126293995859213 0.032067510548523206 0.12422360248447205
43 0.44556962025316454 0.32919254658385094 0.032067510548523206 0.12008281573498965
45 0.5464135021097046 0.3302277432712215 0.031223628691983123 0.11594202898550725
46 0.6443037974683544 0.3302277432712215 0.031223628691983123 0.12629399585921325
47 0.7421940928270042 0.33229813664596275 0.03291139240506329 0.12629399585921325
48 0.8413502109704641 0.32919254658385094 0.03459915611814346 0.12422360248447205
49 0.9413502109704641 0.33126293995859213 0.032067510548523206 0.12422360248447205
50 0.04725738396624472 0.8198757763975155 0.02869198312236287 0.12836438923395446
51 0.1451476793248945 0.8209109730848861 0.030379746835443037 0.12422360248447205
52 0.2468354430379747 0.8198757763975155 0.03291139240506329 0.12215320910973085
53 0.3464135021097046 0.8188405797101449 0.032067510548523206 0.12629399585921325
55 0.4451476793248945 0.8198757763975155 0.03291139240506329 0.12836438923395446
56 0.5455696202531646 0.8198757763975155 0.029535864978902954 0.12836438923395446
57 0.6438818565400843 0.8146997929606625 0.030379746835443037 0.13250517598343686
58 0.7421940928270042 0.8188405797101449 0.03291139240506329 0.13043478260869565
59 0.8421940928270042 0.8188405797101449 0.030379746835443037 0.12629399585921325
60 0.9405063291139241 0.8188405797101449 0.03459915611814346 0.12008281573498965