37 0.04556962025316456 0.35093167701863354 0.030379746835443037 0.12629399585921325
38 0.1438818565400844 0.34679089026915116 0.031223628691983123 0.12629399585921325
39 0.2438818565400844 0.34265010351966874 0.035443037974683546 0.12629399585921325
41 0.3438818565400844 0.33747412008281574 0.03291139240506329 0.12629399585921325
43 0.4443037974683544 0.33126293995859213 0.03291139240506329 0.12215320910973085
45 0.5451476793248945 0.3281573498964803 0.032067510548523206 0.11801242236024845
46 0.6430379746835443 0.32401656314699795 0.032067510548523206 0.12836438923395446
47 0.7409282700421941 0.3219461697722567 0.03375527426160337 0.12836438923395446
48 0.840084388185654 0.3146997929606625 0.035443037974683546 0.12629399585921325
49 0.940084388185654 0.31262939958592134 0.03291139240506329 0.12629399585921325
50 0.049789029535864976 0.839544513457557 0.029535864978902954 0.13043478260869565
51 0.14767932489451477 0.8364389233954451 0.031223628691983123 0.12629399585921325
52 0.2489451476793249 0.8302277432712215 0.03375527426160337 0.12422360248447205
53 0.34852320675105486 0.8250517598343685 0.03291139240506329 0.12836438923395446
55 0.4472573839662447 0.8219461697722568 0.03375527426160337 0.13043478260869565
56 0.5476793248945148 0.8178053830227743 0.030379746835443037 0.13043478260869565
57 0.6459915611814346 0.8084886128364389 0.031223628691983123 0.13457556935817805
58 0.7443037974683544 0.8084886128364389 0.03375527426160337 0.13250517598343686
59 0.8443037974683544 0.8043478260869565 0.031223628691983123 0.12836438923395446
60 0.9426160337552743 0.8002070393374742 0.035443037974683546 0.12215320910973085