37 0.05365566037735849 0.22602739726027396 0.02240566037735849 0.0730593607305936
38 0.1479952830188679 0.22602739726027396 0.02240566037735849 0.0730593607305936
39 0.24410377358490565 0.22602739726027396 0.02358490566037736 0.0730593607305936
41 0.33903301886792453 0.22602739726027396 0.024764150943396228 0.0730593607305936
43 0.43337264150943394 0.22602739726027396 0.024764150943396228 0.0730593607305936
45 0.5265330188679245 0.22602739726027396 0.024764150943396228 0.0730593607305936
46 0.620872641509434 0.22602739726027396 0.024764150943396228 0.0730593607305936
47 0.7152122641509434 0.22602739726027396 0.024764150943396228 0.0730593607305936
48 0.8095518867924528 0.22602739726027396 0.024764150943396228 0.0730593607305936
49 0.9038915094339622 0.22602739726027396 0.024764150943396228 0.0730593607305936
50 0.05365566037735849 0.54337899543379 0.02240566037735849 0.0776255707762557
51 0.1479952830188679 0.54337899543379 0.02240566037735849 0.0776255707762557
52 0.24410377358490565 0.54337899543379 0.025943396226415096 0.0776255707762557
53 0.33903301886792453 0.54337899543379 0.024764150943396228 0.0776255707762557
55 0.43337264150943394 0.5422374429223744 0.024764150943396228 0.07990867579908675
56 0.5265330188679245 0.541095890410959 0.024764150943396228 0.0776255707762557
57 0.6202830188679245 0.541095890410959 0.025943396226415096 0.0776255707762557
58 0.714622641509434 0.541095890410959 0.025943396226415096 0.0776255707762557
59 0.808372641509434 0.541095890410959 0.024764150943396228 0.0776255707762557
60 0.9033018867924528 0.541095890410959 0.025943396226415096 0.0776255707762557
61 0.05483490566037736 0.8561643835616438 0.024764150943396228 0.0776255707762557
62 0.14858490566037735 0.8561643835616438 0.02358490566037736 0.0776255707762557
63 0.2446933962264151 0.8550228310502284 0.024764150943396228 0.07534246575342465
64 0.33903301886792453 0.8550228310502284 0.024764150943396228 0.07534246575342465
65 0.43278301886792453 0.8561643835616438 0.025943396226415096 0.0776255707762557
66 0.5259433962264151 0.8538812785388128 0.025943396226415096 0.07990867579908675