37 0.05778301886792453 0.23515981735159816 0.025943396226415096 0.0776255707762557
38 0.15212264150943397 0.2237442922374429 0.025943396226415096 0.0776255707762557
39 0.2482311320754717 0.21118721461187215 0.027122641509433963 0.07534246575342465
41 0.3431603773584906 0.19748858447488585 0.02830188679245283 0.0776255707762557
43 0.4369103773584906 0.18493150684931506 0.02830188679245283 0.07534246575342465
45 0.5300707547169812 0.17123287671232876 0.02830188679245283 0.0776255707762557
46 0.6244103773584906 0.1598173515981735 0.02830188679245283 0.0776255707762557
47 0.71875 0.14726027397260275 0.02830188679245283 0.0776255707762557
48 0.8130896226415094 0.13356164383561644 0.02830188679245283 0.0776255707762557
49 0.9074292452830188 0.12100456621004566 0.02830188679245283 0.07534246575342465
50 0.0695754716981132 0.5525114155251142 0.025943396226415096 0.07990867579908675
51 0.1633254716981132 0.541095890410959 0.025943396226415096 0.0821917808219178
52 0.25943396226415094 0.526255707762557 0.02830188679245283 0.07990867579908675
53 0.3543632075471698 0.5148401826484018 0.02830188679245283 0.0821917808219178
55 0.44870283018867924 0.5 0.02830188679245283 0.08447488584474885
56 0.5418632075471698 0.4863013698630137 0.02830188679245283 0.0821917808219178
57 0.6356132075471698 0.4737442922374429 0.0294811320754717 0.07990867579908675
58 0.7299528301886793 0.4611872146118721 0.0294811320754717 0.0821917808219178
59 0.8225235849056604 0.4486301369863014 0.02830188679245283 0.0821917808219178
60 0.9180424528301887 0.4360730593607306 0.0294811320754717 0.07990867579908675
61 0.08136792452830188 0.865296803652968 0.02830188679245283 0.07990867579908675
62 0.17570754716981132 0.8515981735159818 0.025943396226415096 0.0821917808219178
63 0.27181603773584906 0.8378995433789954 0.027122641509433963 0.07990867579908675
64 0.36497641509433965 0.8253424657534246 0.02830188679245283 0.07990867579908675
65 0.45931603773584906 0.8139269406392694 0.02830188679245283 0.0821917808219178
66 0.5524764150943396 0.8002283105022832 0.0294811320754717 0.0821917808219178