37 0.05601415094339623 0.2534246575342466 0.025943396226415096 0.07534246575342465
38 0.14976415094339623 0.24315068493150685 0.025943396226415096 0.07534246575342465
39 0.24587264150943397 0.2328767123287671 0.027122641509433963 0.07534246575342465
41 0.3408018867924528 0.2226027397260274 0.02830188679245283 0.0776255707762557
43 0.43514150943396224 0.21118721461187215 0.02830188679245283 0.0776255707762557
45 0.5277122641509434 0.2009132420091324 0.02830188679245283 0.0776255707762557
46 0.6214622641509434 0.1906392694063927 0.02830188679245283 0.0776255707762557
47 0.7158018867924528 0.18036529680365296 0.02830188679245283 0.0776255707762557
48 0.8095518867924528 0.1689497716894977 0.02830188679245283 0.0776255707762557
49 0.9038915094339622 0.158675799086758 0.02830188679245283 0.0776255707762557
50 0.07016509433962265 0.5707762557077626 0.025943396226415096 0.07990867579908675
51 0.16391509433962265 0.5605022831050228 0.025943396226415096 0.07990867579908675
52 0.2606132075471698 0.5490867579908676 0.0294811320754717 0.0821917808219178
53 0.3543632075471698 0.5399543378995434 0.02830188679245283 0.0821917808219178
55 0.4492924528301887 0.5273972602739726 0.02830188679245283 0.08447488584474885
56 0.5418632075471698 0.5159817351598174 0.02830188679245283 0.0821917808219178
57 0.6350235849056604 0.5034246575342466 0.0294811320754717 0.0821917808219178
58 0.7293632075471698 0.4942922374429224 0.030660377358490566 0.0821917808219178
59 0.8231132075471698 0.4828767123287671 0.02830188679245283 0.0821917808219178
60 0.9180424528301887 0.4726027397260274 0.0294811320754717 0.0821917808219178
61 0.08549528301886793 0.8835616438356164 0.02830188679245283 0.0821917808219178
62 0.1786556603773585 0.8721461187214612 0.027122641509433963 0.07990867579908675
63 0.27476415094339623 0.860730593607306 0.02830188679245283 0.07990867579908675
64 0.36910377358490565 0.8493150684931506 0.02830188679245283 0.07990867579908675
65 0.46226415094339623 0.8401826484018264 0.0294811320754717 0.0821917808219178
66 0.5554245283018868 0.8287671232876712 0.0294811320754717 0.0821917808219178