37 0.06014233561125151 0.19701116778663874 0.02403772377886768 0.07560812008269202
38 0.1545162626556769 0.20378154766078585 0.02403772377886768 0.07560812008269209
39 0.2506659185052137 0.2117134041210435 0.025216969061886547 0.07562140279915538
41 0.34563632907173175 0.2196319778648378 0.026396214344905418 0.0756346855156188
43 0.43942063347464766 0.22639571638075323 0.026396214344905418 0.07563468551561874
45 0.5326221761166373 0.2342943660498525 0.026396214344905418 0.07563468551561874
46 0.6269961031610627 0.2410647459239996 0.026396214344905418 0.0756346855156188
47 0.7213768910860712 0.2489766783095622 0.026396214344905418 0.0756346855156188
48 0.8157508181304967 0.2557470581837093 0.026396214344905418 0.0756346855156188
49 0.9101316060555051 0.2636589905692719 0.026396214344905418 0.0756346855156188
50 0.056153433998283084 0.5142963523778378 0.024065167301200438 0.08017433012835419
51 0.15052736104270845 0.521066732251985 0.024065167301200438 0.08017433012835419
52 0.24667701689224528 0.5289985887122426 0.027602903150257044 0.08021417827774413
53 0.3416405665781801 0.5357756099446215 0.026423657867238177 0.0802008955612809
55 0.4360144936226055 0.5425459898187686 0.02643737962840449 0.08248400058411196
56 0.5292091753840119 0.5493030869764522 0.02642365786723804 0.0802008955612809
57 0.6229934797869279 0.5560668254923676 0.027602903150257176 0.08021417827774427
58 0.7173742677119365 0.5639787578779303 0.027602903150257176 0.08021417827774427
59 0.810568949473343 0.570735855035614 0.02642365786723831 0.0802008955612809
60 0.9055393600398609 0.5786544287794083 0.027602903150257176 0.08021417827774427
61 0.05389909590692701 0.8258936984866544 0.026423657867238177 0.0802008955612809
62 0.1471006385489167 0.8337923481557538 0.025244412584219306 0.08018761284481768
63 0.24324343351787037 0.8405826521045959 0.026409936106071796 0.07791779053844985
64 0.3376173605622958 0.847353031978743 0.02640993610607186 0.07791779053844985
65 0.431415386726378 0.8563998755174894 0.027602903150257044 0.08021417827774413
66 0.5245963467266181 0.8608738676523421 0.027616624911423356 0.08249728330057518