60 0.10316836827200959 0.5309238306810903 0.06301815046753823 0.08978975334181775
48 0.10165236182910194 0.25432496801399934 0.05832156010845857 0.08817270934118149
49 0.27121088290634077 0.25161014270368015 0.05832156010845857 0.08817270934118149
50 0.44152792808588065 0.2528106580601336 0.05832156010845857 0.08817270934118149
51 0.6118586088040399 0.2516674234165871 0.05832156010845857 0.08817270934118149
52 0.783751789522199 0.250542370106586 0.05832156010845857 0.08817270934118149
53 0.9501625847017389 0.2516974321291759 0.05832156010845857 0.08817270934118149
61 0.2750524586310892 0.5313612773710892 0.06613406010845857 0.08826361600890867
62 0.4469547297083281 0.5286737240610881 0.06613406010845857 0.08826361600890867
63 0.6125979104264874 0.5274759454169052 0.06613406010845857 0.08826361600890867
64 0.7868302959651068 0.5271594141072223 0.06144656010845857 0.0882090720082724
65 0.9540541574014252 0.522854816796585 0.06144656010845857 0.0882090720082724