60 0.10546875 0.521875 0.0609375 0.0875
48 0.1078125 0.2453125 0.05625 0.0859375
49 0.27734375 0.24296875 0.05625 0.0859375
50 0.44765625 0.24453125 0.05625 0.0859375
51 0.61796875 0.24296875 0.05625 0.0859375
52 0.78984375 0.24140625 0.05625 0.0859375
53 0.95625 0.24296875 0.05625 0.0859375
61 0.27734375 0.52265625 0.0640625 0.0859375
62 0.44921875 0.5203125 0.0640625 0.0859375
63 0.615625 0.51875 0.0640625 0.0859375
64 0.78984375 0.51796875 0.059375 0.0859375
65 0.95703125 0.5140625 0.059375 0.0859375