40 0.06870485946628702 0.13616810618484443 0.017442204409228772 0.06028007166361442
23 0.09112121015974176 0.14239551574420117 0.018614243061387807 0.0655171939346613
37 0.11663217572870249 0.14597018631666464 0.016885836948825707 0.061577959614252865
51 0.1424608608487667 0.15411024995060918 0.017471856274905256 0.0641965207497763
37 0.16711256533905916 0.1563908301114753 0.01973686193741935 0.06422690106210506
50 0.19210669926851878 0.1665005109056241 0.01806775955621028 0.06812056491402035
48 0.21847198393853506 0.17071653037532455 0.019746745892644885 0.06553238409082565
59 0.26869395772914123 0.1844046792809779 0.018624127016613343 0.06682267696338191
48 0.2939514494559641 0.19189959647864432 0.019180494477016346 0.06552478901274354
40 0.3461503612236574 0.2049084210966497 0.01977639775832137 0.06944883317698754
28 0.3696942727707565 0.2104678989854818 0.020352533129175315 0.07076191128379042
55 0.39522006427255546 0.21600079410102616 0.02032288126349883 0.06684546219762853
41 0.4207409137967416 0.22088094770221026 0.020869364768676554 0.06424209121826939
37 0.4459835795907263 0.22641764035679574 0.020293229397822476 0.06292901311146665
50 0.49591748569590544 0.23945684528712982 0.019229914253143906 0.07205220415634668
37 0.5222975962987599 0.24563108929991126 0.01977639775832137 0.06944883317698754
65 0.5483797552609619 0.2498509063086529 0.018624127016613215 0.06682267696338191
40 0.6005885509838808 0.2641652139553789 0.018067759556210084 0.06812056491402044
28 0.6238542788007783 0.27038123089761235 0.018057875600984676 0.0668150818852998
37 0.6479594997858932 0.27528037219400187 0.0197665138030957 0.0681433501482669
52 0.6732120495351034 0.282122547877308 0.02032288126349883 0.06684546219762853
55 0.6981715896212738 0.2876630380709346 0.020879248723901962 0.06554757424699001
53 0.7239953327637253 0.2951503601905188 0.021475152005206985 0.06947161841123414
40 0.07368809974780015 0.23336962873891468 0.01804799164575927 0.06550959885657918
53 0.09695876954231045 0.24023838719550847 0.01922991425314381 0.07205220415634668
37 0.12247467708888392 0.24446579928233228 0.02146526804998151 0.06816613538251352
59 0.14716097542246556 0.25131557004372057 0.020908900589578446 0.06946402333315196
37 0.17323819240705485 0.25488264553810186 0.018614243061387807 0.0655171939346613
40 0.22602806547844034 0.2711475826498266 0.02033276521872437 0.06815094522634917
12 0.24927402538488694 0.27475263353461876 0.019746745892644885 0.06553238409082565
43 0.2742286234934446 0.27964038221388504 0.01920026238746729 0.0681357550701848
38 0.2986268541415993 0.2858412089999542 0.018614243061387807 0.0655171939346613
61 0.32388928784603493 0.2939888677119809 0.01977639775832137 0.06944883317698754
59 0.3749556967824711 0.3070128824861506 0.0186537788822897 0.0707391260495438
48 0.40131109749726196 0.3099234189271305 0.01803810769053386 0.06420411582785855
40 0.45325653542281735 0.32685249017033885 0.019746745892644885 0.06553238409082572
26 0.4765173212621021 0.33241576559821195 0.019220030297918238 0.07074672112762605
37 0.5017698710113124 0.33925794128151815 0.01864389492706429 0.06943364302082317
61 0.5275837301985383 0.34543978037238177 0.0186537788822897 0.0707391260495438
51 0.5536708311383531 0.35031233889548363 0.019239798208369314 0.0733576871850673
40 0.6302531476213629 0.36756376575647715 0.020312997308273423 0.0655399791689079
10 0.6537871752132364 0.37181776061658856 0.019170610521790938 0.06421930598402292
52 0.6784833575020435 0.37997301440669745 0.018614243061387807 0.06551719393466143
65 0.704019032959068 0.38681139255096253 0.018077643511435752 0.06942604794274106
40 0.7817338522733348 0.40404762925579163 0.020352533129175572 0.07076191128379027
59 0.8049995800902322 0.4102636461980251 0.018057875600984676 0.06681508188529967
61 0.8299788880868537 0.41841510244909297 0.019786281713546777 0.07075431620570816
59 0.8546553024652098 0.4239593901817606 0.018624127016613215 0.06682267696338207
48 0.8815769545956291 0.4268623315446583 0.020312997308273423 0.0655399791689079
43 0.9059801272213965 0.43371589984508774 0.02088913267912737 0.06685305727571064
40 0.07242774852456112 0.32869647260880813 0.01919037843224185 0.06683027204146418
24 0.09596671809404747 0.33360320898327983 0.020342649173949907 0.06945642825506979
37 0.12120938388803215 0.3391399016378653 0.019170610521790872 0.06421930598402292
50 0.14590062419922656 0.346642413913614 0.020312997308273423 0.0655399791689079
61 0.17169471547600154 0.35021328694703635 0.020342649173949907 0.06945642825506979
40 0.24999061213873505 0.3694001531168642 0.01975662984787042 0.06683786711954627
23 0.27239213689935154 0.37366933813314 0.019200262387467356 0.0681357550701848
37 0.2984940637720046 0.38050012119932286 0.019707210071742993 0.06031045197594315
51 0.32261905266757046 0.38801022855315365 0.01976651380309596 0.0681433501482669
48 0.34841808592195816 0.3922338431009364 0.019707210071742993 0.06031045197594315
40 0.07314433527840924 0.4233439921910535 0.019746745892644885 0.06553238409082565
13 0.09469648291558294 0.4276245698244526 0.021435616184305027 0.06424968629635164
48 0.12050045814758345 0.43250092588659567 0.02084959685822548 0.06163112516082828
65 0.14576783382963188 0.44130132611298273 0.020322881263498897 0.06684546219762838
55 0.17015123854494826 0.44554392835597084 0.01921014634269283 0.06944123809890543
59 0.19625316541760127 0.4523747114221537 0.018067759556210213 0.06812056491402028
50 0.24617718756755486 0.46410843332376717 0.02035253312917538 0.07076191128379042
55 0.27201081466523186 0.472901238472072 0.021494919915657933 0.07208258446867541
56 0.32108051771412993 0.4839936114764485 0.019786281713546777 0.07075431620570816
55 0.34661619317115433 0.49083198962071345 0.021485035960432393 0.07077710143995478
40 0.0710346069317274 0.5186822286780702 0.019746745892644902 0.06553238409082565
19 0.09428550881578673 0.5229400210772227 0.019786281713546842 0.07075431620570816
59 0.11954300054260966 0.5304349382748892 0.020332765218724402 0.06815094522634901
61 0.14563998543764992 0.5366129798267117 0.02203151946561005 0.06817373046059563
51 0.17033122574884435 0.5441154921024604 0.019786281713546905 0.07075431620570816
37 0.1952759399021765 0.547697757753006 0.020312997308273423 0.0655399791689079
60 0.22081161535920096 0.5545361358972709 0.022051287376060998 0.07078469651803689
52 0.2957050615505505 0.5731158310212316 0.01920026238746729 0.0681357550701848
43 0.3218069884232035 0.5799466140874145 0.01975662984787042 0.06683786711954627
59 0.34677147048698664 0.5861398457954015 0.02088913267912737 0.0668530572757108
37 0.37256556176376165 0.5897107188288238 0.019726977982193937 0.0629214180333844
51 0.44861127869681927 0.6108861898540613 0.02089901663435291 0.06815854030443141
37 0.47326792516472443 0.6138195115292878 0.02089901663435291 0.06815854030443141
56 0.4985402428243856 0.6232726532700352 0.02149491991565806 0.07208258446867541
48 0.5249055274944019 0.6274886727397356 0.020312997308273423 0.0655399791689079
59 0.5498749515357978 0.6343346459620829 0.01976651380309596 0.0681433501482669
50 0.6250515234349616 0.6529105435470025 0.019239798208369314 0.0733576871850673
58 0.650299131206559 0.6590999777159483 0.020908900589578446 0.06946402333315205
37 0.6749656616296897 0.6633387824198954 0.02149491991565806 0.07208258446867541
65 0.7005062790643269 0.6708299020785208 0.02032288126349883 0.06684546219762869
55 0.7254559351952719 0.6750649092434267 0.020362417084400983 0.07206739431251089
51 0.7510064365851344 0.6838615119307727 0.018653778882289956 0.07073912604954365
37 0.7762392184238938 0.6880927215566376 0.018634010971838883 0.0681281599921024
56 0.8522750514017259 0.7079627095531545 0.020342649173949907 0.06945642825506994
61 0.8775226591733233 0.7141521437221003 0.022041403420835524 0.06947921348931625
53 0.902765324967308 0.7196888363766858 0.019746745892644885 0.06553238409082594
55 0.927734749008704 0.7265348095990329 0.02088913267912737 0.0668530572757108
40 0.06977425570848839 0.6140090725479636 0.020312997308273423 0.0655399791689079
10 0.09245396419930642 0.617621718510838 0.01804799164575927 0.06550959885657903
53 0.11798963965633089 0.624460096655103 0.019170610521790872 0.06421930598402292
55 0.14352531511335534 0.6312984747993681 0.02035253312917538 0.07076191128379027
40 0.22239734714694287 0.6517832289198343 0.01921014634269283 0.06944123809890543
24 0.24507705563776092 0.6553958748827088 0.02148503596043246 0.07077710143995478
37 0.27003659572393135 0.6609363650763354 0.018604359106162267 0.06421171090594081
47 0.29528914547314156 0.6677785407596415 0.020869364768676426 0.06424209121826954
48 0.3205268692895135 0.6726624918998666 0.019180494477016346 0.06552478901274354
51 0.34521810960070787 0.6801650041756153 0.020918784544803854 0.07076950636187267
55 0.3707686109905706 0.6889616068629613 0.021475152005206985 0.06947161841123414
40 0.06965134929411917 0.709973467776053 0.019736861937419397 0.06422690106210502
30 0.09234588371777545 0.7155443382820084 0.018624127016613312 0.06682267696338176
37 0.11702229809613161 0.7210886260146759 0.020342649173949907 0.06945642825506963
47 0.14253326366509234 0.7246632965871395 0.02086936476867649 0.06424209121826954
48 0.16807388109972954 0.7321544162457648 0.020312997308273423 0.06553997916890805
52 0.19332643084893975 0.738996591929071 0.01977639775832137 0.06944883317698754
48 0.21855921268769896 0.7432278015549358 0.019746745892644885 0.06553238409082565
50 0.24326527893173158 0.7526885383737653 0.02030311335304795 0.06423449614018743
59 0.2928765235081945 0.760509608728258 0.0214455001395305 0.06555516932507227
48 0.31983771145951573 0.7686344822060382 0.019180494477016346 0.06552478901274354
40 0.37205144916004723 0.7836015313671245 0.01921014634269283 0.06944123809890543
28 0.39558053477430805 0.7872027847128756 0.01804799164575927 0.06550959885657903
43 0.420549958815704 0.7940487579352228 0.020312997308273423 0.06553997916890805
65 0.44608563427272846 0.8008871360794878 0.01806775955621034 0.06812056491402028
40 0.06837617213804192 0.8033420871028653 0.018614243061387807 0.06551719393466114
23 0.09135877424712523 0.80956190158414 0.019766513803095895 0.0681433501482669
37 0.1166113239963354 0.8164040772674461 0.019766513803095895 0.0681433501482669
47 0.1418342218798691 0.8193298038645903 0.01973686193741941 0.06422690106210502
61 0.16766784897754608 0.8281226090128952 0.021455384094755975 0.06686065235379289
59 0.1929105147715308 0.8336593016674806 0.020908900589578446 0.06946402333315205
37 0.21815812254312825 0.8398487358364265 0.019190378432241882 0.06683027204146418
65 0.2436937980001527 0.8466871139806916 0.021475152005206985 0.06947161841123414
53 0.29251002720691294 0.8616997336102709 0.021475152005206985 0.06947161841123414
37 0.3188703698993165 0.8652630115656111 0.019786281713546905 0.07075431620570816
41 0.36907257577947167 0.8763401944138233 0.020928668500029522 0.0720749893905933
61 0.3943350094839073 0.88448785312585 0.020948436410480338 0.07468595544803455
50 0.4195826172555047 0.8906772872947958 0.017531160006258286 0.07202941892210006
60 0.4451281766677547 0.8988211484677815 0.01864389492706429 0.06943364302082301
55 0.47091238398930424 0.9010865384724833 0.018634010971838883 0.0681281599921024
58 0.49644311746871594 0.9072721751023878 0.0203327652187245 0.0681509452263493
59 0.5463770235738951 0.9203113800327221 0.018614243061387807 0.06551719393466114
48 0.5721859407835083 0.9258404776092253 0.01859447515093686 0.06290622787722018
40 0.6243897945288143 0.9395020437415911 0.019170610521790938 0.06421930598402262
13 0.6470695030196324 0.9431146897044653 0.019170610521790938 0.06421930598402292
58 0.6720438690386409 0.9506134044411728 0.018614243061387807 0.06551719393466114
40 0.7494310848465788 0.9619787650558003 0.020243809621695048 0.05640159796786337
30 0.7723889770675982 0.9649348719652733 0.01962813842993895 0.04986658774617813
48 0.7981731843891477 0.9672002619699749 0.020154854024665596 0.044652250709378026
58 0.8242454593961244 0.9701145959499959 0.02010543424853804 0.0381248355657746
59 0.8483506803812392 0.9750137372463855 0.02172511685361961 0.027703756570256203
55 0.8735587523319347 0.975981239300449 0.02000659469628318 0.02507000527856863
40 0.925698360368275 0.9811571657461304 0.019917639099253728 0.01332065802008299
40 0.016625547349220754 0.8869428041492274 0.02032288126349892 0.06684546219762869
17 0.03960814945830404 0.893162618630502 0.018614243061387807 0.06551719393466114
55 0.06456768954447448 0.8987031088241286 0.019180494477016346 0.06552478901274354
52 0.09010336500149893 0.9055414869683936 0.020342649173949907 0.06945642825506963
43 0.11562915650329791 0.911074382083938 0.02203151946561005 0.06817373046059563
66 0.14058869658946832 0.9166148722775647 0.019200262387467356 0.0681357550701848