40 0.05605889014722537 0.1860313315926893 0.015855039637599093 0.057441253263707574
23 0.07870894677236694 0.18929503916449086 0.01698754246885617 0.06266318537859007
37 0.10390713476783692 0.18798955613577023 0.015288788221970554 0.057441253263707574
51 0.12967157417893543 0.19255874673629242 0.015855039637599093 0.06135770234986945
37 0.1543035107587769 0.1906005221932115 0.01868629671574179 0.06005221932114883
50 0.17950169875424687 0.19712793733681463 0.01642129105322763 0.0639686684073107
48 0.20583238958097394 0.195822454308094 0.01812004530011325 0.06135770234986945
59 0.25622876557191393 0.20234986945169714 0.01698754246885617 0.06266318537859007
48 0.2814269535673839 0.2056135770234987 0.01812004530011325 0.06266318537859007
40 0.33408833522083803 0.21018276762402088 0.01812004530011325 0.06527415143603134
28 0.3575877689694224 0.21148825065274152 0.01868629671574179 0.06788511749347259
55 0.3830690826727067 0.21344647519582247 0.01868629671574179 0.0639686684073107
41 0.4088335220838052 0.21409921671018275 0.01925254813137033 0.06135770234986945
37 0.4340317100792752 0.2160574412532637 0.01868629671574179 0.06005221932114883
50 0.48386183465458665 0.21997389033942558 0.017553793884484713 0.06919060052219321
37 0.5101925254813137 0.22258485639686684 0.01812004530011325 0.06657963446475196
65 0.5365232163080408 0.22389033942558748 0.01698754246885617 0.0639686684073107
40 0.5886183465458663 0.22845953002610966 0.01642129105322763 0.06527415143603134
28 0.6121177802944507 0.2310704960835509 0.01642129105322763 0.0639686684073107
37 0.6361834654586637 0.23237597911227154 0.01812004530011325 0.06527415143603134
52 0.6613816534541337 0.2349869451697128 0.01868629671574179 0.0639686684073107
55 0.6862967157417894 0.2362924281984334 0.01925254813137033 0.06266318537859007
53 0.7120611551528879 0.23890339425587467 0.019818799546998868 0.06527415143603134
40 0.060305775764439414 0.28263707571801566 0.01642129105322763 0.06266318537859007
53 0.08352208380520951 0.2859007832898172 0.017553793884484713 0.06788511749347259
37 0.1087202718006795 0.2859007832898172 0.019818799546998868 0.0639686684073107
59 0.1339184597961495 0.2885117493472585 0.01925254813137033 0.06527415143603134
37 0.159682899207248 0.2885117493472585 0.01698754246885617 0.06135770234986945
40 0.2129105322763307 0.29569190600522194 0.01868629671574179 0.0639686684073107
12 0.2361268403171008 0.29569190600522194 0.01812004530011325 0.06266318537859007
43 0.2610419026047565 0.29699738903394257 0.017553793884484713 0.0639686684073107
38 0.2853907134767837 0.2989556135770235 0.017553793884484713 0.06135770234986945
61 0.31087202718006796 0.3035248041775457 0.01812004530011325 0.06657963446475196
59 0.36183465458663644 0.3074412532637076 0.01698754246885617 0.06657963446475196
48 0.38816534541336356 0.30678851174934724 0.01698754246885617 0.06135770234986945
40 0.44026047565118914 0.31462140992167104 0.01812004530011325 0.06266318537859007
26 0.4634767836919592 0.31657963446475196 0.017553793884484713 0.06788511749347259
37 0.4889580973952435 0.3191906005221932 0.01698754246885617 0.06657963446475196
61 0.5147225368063421 0.3218015665796345 0.01698754246885617 0.06788511749347259
51 0.5407701019252548 0.3218015665796345 0.017553793884484713 0.06919060052219321
40 0.6177802944507361 0.32702349869451697 0.01868629671574179 0.06135770234986945
10 0.6409966024915063 0.3283289817232376 0.017553793884484713 0.06005221932114883
52 0.665911664779162 0.33159268929503916 0.01698754246885617 0.06266318537859007
65 0.6913929784824462 0.3342036553524804 0.01642129105322763 0.06657963446475196
40 0.7692525481313703 0.3387728459530026 0.01868629671574179 0.06788511749347259
59 0.7924688561721405 0.34203655352480417 0.01642129105322763 0.0639686684073107
61 0.8179501698754247 0.3453002610966057 0.01812004530011325 0.06657963446475196
59 0.8425821064552661 0.347911227154047 0.01698754246885617 0.06266318537859007
48 0.8691959229898075 0.34595300261096606 0.01868629671574179 0.06135770234986945
43 0.8935447338618346 0.34856396866840733 0.019818799546998868 0.06266318537859007
40 0.058323895809739526 0.3772845953002611 0.017553793884484713 0.0639686684073107
24 0.0818233295583239 0.379242819843342 0.01925254813137033 0.06657963446475196
37 0.10702151755379388 0.38054830287206265 0.01812004530011325 0.06135770234986945
50 0.13221970554926388 0.3838120104438642 0.01925254813137033 0.06266318537859007
61 0.1579841449603624 0.3838120104438642 0.01868629671574179 0.06657963446475196
40 0.2361268403171008 0.39033942558746737 0.01812004530011325 0.0639686684073107
23 0.25849377123442807 0.39099216710182766 0.017553793884484713 0.0639686684073107
37 0.2845413363533409 0.3936031331592689 0.01812004530011325 0.05613577023498695
51 0.3091732729331823 0.3968668407310705 0.01812004530011325 0.06527415143603134
48 0.3349377123442809 0.3975195822454308 0.01812004530011325 0.05613577023498695
40 0.058323895809739526 0.4719321148825065 0.01812004530011325 0.06135770234986945
13 0.079841449603624 0.47389033942558745 0.019818799546998868 0.06005221932114883
48 0.10560588901472254 0.4745430809399478 0.019818799546998868 0.057441253263707574
65 0.1310872027180068 0.47845953002610964 0.01868629671574179 0.06266318537859007
55 0.15543601359003398 0.47911227154047 0.017553793884484713 0.06527415143603134
59 0.18148357870894677 0.48172323759791125 0.01642129105322763 0.0639686684073107
50 0.23159682899207248 0.48629242819843344 0.01868629671574179 0.06657963446475196
55 0.25736126840317103 0.4902088772845953 0.019818799546998868 0.06788511749347259
56 0.30690826727066817 0.4934725848563969 0.01812004530011325 0.06657963446475196
55 0.3321064552661382 0.4954308093994778 0.019818799546998868 0.06657963446475196
40 0.05549263873159683 0.5685378590078329 0.01812004530011325 0.06266318537859007
19 0.07870894677236694 0.5685378590078329 0.01812004530011325 0.06788511749347259
59 0.10419026047565119 0.5718015665796344 0.01868629671574179 0.06527415143603134
61 0.1299546998867497 0.5737597911227154 0.020385050962627407 0.06527415143603134
51 0.15458663646659115 0.577023498694517 0.01812004530011325 0.06657963446475196
37 0.17950169875424687 0.577023498694517 0.01868629671574179 0.06266318537859007
60 0.2055492638731597 0.5802872062663186 0.020385050962627407 0.06788511749347259
52 0.2805775764439411 0.5868146214099217 0.017553793884484713 0.06527415143603134
43 0.3063420158550396 0.589425587467363 0.01812004530011325 0.0639686684073107
59 0.33154020385050964 0.5913838120104439 0.01925254813137033 0.0639686684073107
37 0.35730464326160816 0.5907310704960835 0.01812004530011325 0.0587467362924282
51 0.43346545866364666 0.5998694516971279 0.01925254813137033 0.0639686684073107
37 0.45781426953567383 0.5992167101827677 0.01925254813137033 0.06527415143603134
56 0.48357870894677235 0.6044386422976501 0.019818799546998868 0.06788511749347259
48 0.5099093997734995 0.6037859007832899 0.01868629671574179 0.06266318537859007
59 0.5348244620611552 0.606396866840731 0.01812004530011325 0.06527415143603134
50 0.6101359003397508 0.6135770234986945 0.017553793884484713 0.06919060052219321
58 0.6353340883352209 0.6155352480417755 0.01925254813137033 0.06527415143603134
37 0.6602491506228766 0.6161879895561357 0.019818799546998868 0.06788511749347259
65 0.6854473386183465 0.6194516971279374 0.01868629671574179 0.06266318537859007
55 0.7106455266138165 0.6201044386422977 0.01868629671574179 0.06788511749347259
51 0.7361268403171007 0.6246736292428199 0.01698754246885617 0.06788511749347259
37 0.7613250283125708 0.6233681462140992 0.01698754246885617 0.0639686684073107
56 0.8377689694224235 0.6325065274151436 0.01868629671574179 0.06657963446475196
61 0.8629671574178935 0.6344647519582245 0.020385050962627407 0.06657963446475196
53 0.8884484711211778 0.6357702349869452 0.01812004530011325 0.06266318537859007
55 0.9133635334088335 0.6383812010443864 0.01925254813137033 0.0639686684073107
40 0.05351075877689694 0.664490861618799 0.01925254813137033 0.06266318537859007
10 0.0761608154020385 0.664490861618799 0.01642129105322763 0.06135770234986945
53 0.10192525481313704 0.6671018276762402 0.017553793884484713 0.06005221932114883
55 0.1274065685164213 0.6690600522193212 0.01868629671574179 0.06657963446475196
40 0.20611551528878821 0.6768929503916449 0.017553793884484713 0.06657963446475196
24 0.2287655719139298 0.6775456919060052 0.019818799546998868 0.06657963446475196
37 0.2536806342015855 0.6795039164490861 0.01698754246885617 0.06005221932114883
47 0.27916194790486976 0.6814621409921671 0.01925254813137033 0.06005221932114883
48 0.3043601359003397 0.6827676240208878 0.017553793884484713 0.06135770234986945
51 0.3289920724801812 0.6860313315926893 0.01925254813137033 0.06788511749347259
55 0.3547565118912797 0.6899477806788512 0.020385050962627407 0.06657963446475196
40 0.05266138165345413 0.7604438642297651 0.01812004530011325 0.06005221932114883
30 0.0753114382785957 0.7617493472584856 0.01698754246885617 0.06266318537859007
37 0.09994337485843714 0.7637075718015666 0.01868629671574179 0.06527415143603134
47 0.1254246885617214 0.7637075718015666 0.01925254813137033 0.06135770234986945
48 0.15118912797281994 0.7663185378590078 0.01925254813137033 0.06135770234986945
52 0.17667044167610418 0.7682767624020888 0.01868629671574179 0.06527415143603134
48 0.20186862967157418 0.7695822454308094 0.01868629671574179 0.06266318537859007
50 0.22650056625141562 0.7748041775456919 0.01868629671574179 0.06005221932114883
59 0.27633069082672707 0.7754569190600522 0.019818799546998868 0.06266318537859007
48 0.3032276330690827 0.7787206266318538 0.017553793884484713 0.06135770234986945
40 0.3556058890147225 0.7852480417754569 0.017553793884484713 0.06657963446475196
28 0.37882219705549264 0.7839425587467362 0.01642129105322763 0.06135770234986945
43 0.4040203850509626 0.7872062663185379 0.01868629671574179 0.06135770234986945
65 0.4297848244620612 0.7904699738903395 0.01642129105322763 0.06527415143603134
40 0.050396375990939976 0.8537859007832899 0.01698754246885617 0.06135770234986945
23 0.07361268403171008 0.8557441253263708 0.01812004530011325 0.0639686684073107
37 0.09881087202718007 0.8590078328981723 0.01812004530011325 0.0639686684073107
47 0.12400906002265005 0.8577023498694517 0.01812004530011325 0.06135770234986945
61 0.1497734994337486 0.8622715404699739 0.019818799546998868 0.06266318537859007
59 0.17525481313703284 0.8629242819843342 0.01925254813137033 0.06657963446475196
37 0.20045300113250283 0.8655352480417755 0.01812004530011325 0.0639686684073107
65 0.22621744054360135 0.868798955613577 0.019818799546998868 0.06527415143603134
53 0.2749150622876557 0.8759791122715405 0.019818799546998868 0.06657963446475196
37 0.3012457531143828 0.8753263707571801 0.01812004530011325 0.06657963446475196
41 0.3516421291053228 0.8785900783289817 0.01925254813137033 0.06788511749347259
61 0.37684031710079274 0.881201044386423 0.01925254813137033 0.07049608355091384
50 0.40203850509626277 0.8844647519582245 0.015855039637599093 0.06919060052219321
60 0.4278029445073613 0.8883812010443864 0.01698754246885617 0.06657963446475196
55 0.4535673839184598 0.8864229765013055 0.01698754246885617 0.0639686684073107
58 0.47904869762174407 0.8883812010443864 0.01925254813137033 0.0639686684073107
59 0.5291619479048698 0.893603133159269 0.01698754246885617 0.06135770234986945
48 0.5549263873159683 0.8942558746736292 0.01698754246885617 0.0587467362924282
40 0.6075877689694225 0.9001305483028721 0.017553793884484713 0.06135770234986945
13 0.630237825594564 0.9001305483028721 0.017553793884484713 0.06005221932114883
58 0.6548697621744054 0.9040469973890339 0.01698754246885617 0.06135770234986945
40 0.7327293318233296 0.9092689295039165 0.01868629671574179 0.06657963446475196
30 0.7559456398640997 0.912532637075718 0.01868629671574179 0.06788511749347259
48 0.7814269535673839 0.9118798955613577 0.01868629671574179 0.06266318537859007
58 0.8074745186862967 0.9157963446475196 0.01868629671574179 0.06657963446475196
59 0.8321064552661381 0.9190600522193212 0.021517553793884484 0.0639686684073107
55 0.8573046432616082 0.9210182767624021 0.01925254813137033 0.06788511749347259
40 0.9091166477916195 0.9223237597911227 0.01925254813137033 0.06657963446475196
18 0.9326160815402038 0.9262402088772846 0.017553793884484713 0.0639686684073107
40 0.003680634201585504 0.9464751958224543 0.007361268403171008 0.0639686684073107
17 0.020951302378255945 0.9477806788511749 0.01698754246885617 0.06266318537859007
55 0.045866364665911666 0.9497389033942559 0.017553793884484713 0.06266318537859007
52 0.07134767836919592 0.9523498694516971 0.01868629671574179 0.06657963446475196
43 0.09711211778029445 0.9536553524804178 0.020951302378255945 0.06527415143603134
66 0.12202718006795017 0.9549608355091384 0.01812004530011325 0.0639686684073107