40 0.05699781292148616 0.1867832443228258 0.01614495263456383 0.0576539154500088
23 0.07966434187600073 0.19035075501791487 0.017303811192817715 0.06289103772105567
37 0.10485594093972152 0.18938325296385158 0.01557870121893529 0.05764632037192662
51 0.13064344161194222 0.1942980196171133 0.016164719429811403 0.06157036453617068
37 0.15526549479415988 0.19267018097060748 0.018989387576204927 0.06030285689786104
50 0.18049662744837588 0.19953557708886793 0.01674414870893841 0.06418892567169411
48 0.20682072934335372 0.198583265190969 0.018429725092325558 0.06160074484849941
59 0.2572500499930397 0.20578664228388682 0.017303811192817715 0.06289103772105567
48 0.2824647103178827 0.20938833083034572 0.018436314024074793 0.06290622787722003
40 0.33514915323245903 0.2146638636925113 0.01844949188757313 0.0655171939346613
28 0.3586551759127926 0.21628454246164266 0.019028921166700137 0.0681357550701848
55 0.38414637301370064 0.21858454551842205 0.019009154371452563 0.06421930598402292
41 0.40991410689067376 0.21958286308552188 0.019562227923582635 0.06161593500466377
37 0.43512217828376754 0.22187906860326018 0.018989387576204993 0.06030285689786104
50 0.48497206965432665 0.22646388456065447 0.017903007267192163 0.06942604794274106
37 0.511315938344552 0.2294280217489174 0.018456080819322363 0.06682267696338191
65 0.5376532181030284 0.23108667590845977 0.017310400124566947 0.0641965207497763
40 0.589771409601976 0.23635461369254318 0.016750737640687515 0.06549440870041474
28 0.6132840212140589 0.2392807754903952 0.01674414870893841 0.06418892567169411
37 0.637356295310021 0.2409090493376088 0.01844949188757313 0.0655171939346613
52 0.6625676611689894 0.2438579963697074 0.019009154371452563 0.06421930598402292
55 0.6874893123883944 0.24549766283404423 0.019568816855332 0.0629214180333844
53 0.7132669296629912 0.248454204944225 0.020148246134458748 0.0655399791689079
40 0.061732279488140904 0.2834459515337686 0.016737559777189177 0.06288344264297349
53 0.084965059858284 0.28702105730693983 0.01789641833544306 0.06812056491402044
37 0.11016324785375398 0.2873590382815972 0.02014165720270958 0.06423449614018728
59 0.13537461371272239 0.2903079853136957 0.019581994718830275 0.06553238409082572
37 0.1611390531238209 0.2906535613664353 0.01729722226106848 0.061585554692335044
40 0.21440292531752417 0.2985476553641243 0.0190091543714525 0.06421930598402292
12 0.23761923335829427 0.29885905356549397 0.018436314024074793 0.06290622787722003
43 0.2625408845776992 0.3004987200298308 0.017876651540195423 0.06420411582785848
38 0.2868995788473502 0.3027835329304458 0.01786347367669702 0.0615931497704173
61 0.3124039538117566 0.3076945020446665 0.018456080819322363 0.06682267696338191
59 0.3633863480135728 0.3122945081582252 0.017323577988065286 0.06680748680721756
48 0.3897137443744252 0.31199493777468656 0.01729722226106848 0.061585554692335044
40 0.441848408202746 0.32052658313057153 0.018436314024074793 0.06290622787722003
26 0.4650745996411399 0.3227962058750221 0.01789641833544306 0.06812056491402035
37 0.4905690912079226 0.3257489504461618 0.017323577988065286 0.06680748680721756
61 0.5163467084825194 0.32870549255634257 0.01733016691981452 0.06811296983593818
51 0.5423942736014322 0.3290548661481232 0.017903007267192163 0.06942604794274099
40 0.6194308218539103 0.33530972888218313 0.018995976507954097 0.061608339926581664
10 0.6426537188264296 0.33692661011227343 0.017856884744947916 0.06028766674169667
52 0.6675852534434583 0.3405245011196912 0.017303811192817844 0.06289103772105567
65 0.693079745010241 0.34347724569083093 0.016757326572436875 0.06679989172913545
40 0.7709623759202874 0.34909075952765384 0.019028921166700137 0.0681357550701848
59 0.7941951562904304 0.3526658653008251 0.01674414870893815 0.0641889256716942
61 0.8196929423230878 0.35627135138632504 0.018456080819322495 0.06682267696338191
59 0.8443380567664275 0.35921270334034144 0.017303811192817844 0.06289103772105567
48 0.8709419899033451 0.3576114474671233 0.018995976507954097 0.061608339926581664
43 0.8953039786388707 0.3605490018820986 0.020135068270960538 0.06292901311146665
40 0.06022809708525791 0.3780668883427264 0.017876651540195455 0.06420411582785855
24 0.08373741423146606 0.3803403086262181 0.019588583650579444 0.06683786711954627
37 0.10894219115868527 0.3819837726295961 0.018429725092325558 0.061600744848499554
50 0.13415685148352827 0.38558546117605497 0.01956881685533187 0.0629214180333844
61 0.1599212908946268 0.3859310372287944 0.019022332234950902 0.06683027204146418
40 0.23809693091011117 0.39350657314773935 0.018442902955823962 0.06421171090594081
23 0.2604671562933131 0.39445932024634617 0.017876651540195486 0.0642041158278584
37 0.28652789927572425 0.39741965989556793 0.018403369365328753 0.05637881273361705
51 0.3111763081849387 0.40101375336394474 0.01844949188757313 0.06551719393466143
48 0.3369440420619118 0.40201207093104446 0.018403369365328753 0.05637881273361705
40 0.06070579463707481 0.4727144079249718 0.01842972509232559 0.06160074484849941
13 0.08223323182858308 0.47496124543517587 0.020121890407462005 0.0603180470540254
48 0.10800096570555622 0.4759595630022757 0.020108712543963604 0.05770708099658415
65 0.13350204620408807 0.480217790602136 0.019002565439703332 0.06291382295530229
55 0.15785415154198984 0.4811971204740304 0.017883240471944655 0.06550959885657903
59 0.18391489452440105 0.4841574601232521 0.01674414870893841 0.0641889256716942
50 0.23405120606864896 0.4893988151340479 0.019022332234950902 0.06683027204146418
55 0.25983541227499507 0.4936608402729494 0.020161423997957215 0.06815094522634917
56 0.3093988834718652 0.49758911717694226 0.018456080819322363 0.06682267696338191
55 0.334606954864959 0.49988532269468056 0.020154835066207983 0.06684546219762853
40 0.0583621185083728 0.5692821766598872 0.018436314024074793 0.06290622787722018
19 0.08157842654914291 0.569593574861257 0.0184626697510716 0.06812815999210269
59 0.10707621258180015 0.5731990609467569 0.019015743303201733 0.06552478901274354
61 0.1328505353905225 0.5755028615425773 0.020714497550087353 0.06554757424699001
51 0.15749894429973693 0.579096955010954 0.018456080819322363 0.06682267696338191
37 0.18241400658739265 0.5794311384465702 0.019002565439703332 0.06291382295530229
60 0.20847804403567846 0.5830442196101524 0.020727675413585753 0.06815854030443141
52 0.2835393012652059 0.5905779825996453 0.017883240471944593 0.06550959885657918
43 0.30931691853980275 0.5935345247098262 0.018442902955824025 0.06421171090594066
59 0.3345249899328966 0.5958307302275644 0.019575405787081106 0.06422690106210502
37 0.3602861348781205 0.5955235647659436 0.01841654722882709 0.058989778791058156
51 0.43649307280240335 0.6056834839690423 0.019575405787081106 0.06422690106210502
37 0.46083858920855597 0.6053573308122159 0.01958199471883021 0.06553238409082565
56 0.4866293843466513 0.610924838979838 0.020161423997957215 0.06815094522634917
48 0.5129567807075038 0.6106252685962993 0.019002565439703332 0.06291382295530229
59 0.5378850208586579 0.6135704180893568 0.01844949188757313 0.0655171939346613
50 0.6132326982618742 0.6217607201322513 0.017903007267192163 0.06942604794274092
58 0.638440769654968 0.6240569256499895 0.01958199471883021 0.06553238409082565
37 0.6633591264084983 0.6250438505999659 0.020161423997957215 0.06815094522634901
65 0.6885737867333412 0.6286455391464248 0.01900256543970346 0.06291382295530229
55 0.7137752691946859 0.6296362616354425 0.01902892116669988 0.0681357550701848
51 0.7392796441590923 0.634547230749663 0.01733016691981452 0.06811296983593818
37 0.764471243222813 0.6335797286955998 0.01731040012456669 0.0641965207497763
56 0.8409613068549103 0.6437434454377394 0.019022332234951034 0.06683027204146418
61 0.8661693782480041 0.6460396509554778 0.02072108648183665 0.0668530572757108
53 0.8916572808830374 0.6476869124978968 0.01843631402407492 0.06290622787722018
55 0.9165855210341917 0.6506320619909542 0.019575405787081106 0.06422690106210502
40 0.05686452503723901 0.6652085964975657 0.019568816855331853 0.0629214180333844
10 0.07951458166238057 0.6655123996208531 0.016730970845439973 0.061577959614252935
53 0.1052921989369775 0.6684689417310339 0.01785688474494785 0.06028766674169653
55 0.13078339603788555 0.6707689447878132 0.019022332234950902 0.06683027204146418
40 0.20953187640074766 0.679657558813561 0.017889829403693824 0.06681508188529967
24 0.23218522749176385 0.6806141034512089 0.020154835066207983 0.06684546219762869
37 0.2571101731770433 0.682906511429906 0.017290633329319245 0.06028007166361442
47 0.2826013702779514 0.6852065144866853 0.019555638991833466 0.06031045197594315
48 0.30780614720517063 0.6868499784900635 0.01786347367669702 0.061593149770417153
51 0.332454556114385 0.69044407195844 0.019595172582328676 0.0681433501482669
55 0.35823876232073115 0.6947060970973414 0.020721086481836522 0.0668530572757108
40 0.056499434397362304 0.7611502064914084 0.01842313616057639 0.06029526181977893
30 0.07915607995425307 0.7627594926434166 0.017303811192817715 0.06289103772105567
37 0.1037978999317183 0.7650481030830726 0.019015743303201733 0.06552478901274354
47 0.12927921363500255 0.765389881596771 0.01956222792358267 0.06161593500466377
48 0.15505683090959949 0.7683464237069518 0.019562227923582635 0.061615935004664064
52 0.18054802801050754 0.7706464267637312 0.01901574330320167 0.06552478901274354
48 0.2057528049377267 0.7722898907671092 0.019002565439703332 0.06291382295530229
50 0.230411097244565 0.7778422087785667 0.018989387576204927 0.06030285689786104
59 0.280244516285751 0.7791633171641594 0.02013506827096041 0.0629290131114668
48 0.3071579308574796 0.782787790944865 0.01786347367669702 0.061593149770417153
40 0.3595691314618655 0.7900177508110705 0.017889829403693824 0.06681508188529967
28 0.3827788505708864 0.7890236659837195 0.01673097084543994 0.061577959614252935
43 0.4079935108957293 0.7926253545301783 0.018995976507954097 0.061608339926581664
65 0.4337744226362009 0.7962346381547194 0.016750737640687515 0.06549440870041481
40 0.054705537354915845 0.8544618627326045 0.01729722226106851 0.061585554692335044
23 0.07793172879330973 0.8567314854770551 0.018442902955823962 0.06421171090594081
37 0.10314638911815273 0.860333174023514 0.018442902955823993 0.06421171090594051
47 0.1283379881818735 0.8593656719694507 0.01842972509232559 0.06160074484849926
61 0.15412548885409424 0.8642804386227123 0.02013506827096041 0.0629290131114668
59 0.1796100970232531 0.8652749586507711 0.019588583650579444 0.06683786711954658
37 0.20482146288222147 0.8682239056828697 0.018442902955823962 0.06421171090594051
65 0.23060237462269298 0.8718331893074108 0.020148246134458748 0.06553997916890776
53 0.27933623549136793 0.8796665226804424 0.020154835066207983 0.06684546219762869
37 0.30566363185222045 0.8793669522969036 0.018456080819322495 0.06682267696338176
41 0.3560764801725334 0.8833066218180199 0.019595172582328676 0.0681433501482669
61 0.3812878460315018 0.8862555688501185 0.019608350445827014 0.07075431620570816
50 0.4065025063563448 0.8898572573965774 0.016204253020306546 0.06940326270849459
60 0.4322867125626909 0.8941192825354788 0.017323577988065286 0.06680748680721756
55 0.4580412685761656 0.8925066340451374 0.017310400124566947 0.0641965207497763
58 0.4835324656770737 0.8948066371019168 0.019575405787081106 0.06422690106210502
59 0.5336720716871962 0.9007007336270728 0.01729722226106848 0.061585554692335044
48 0.5594398055641693 0.9016990511941726 0.017284044397570014 0.05897458863489379
40 0.6121308374104948 0.9082800670850589 0.01786347367669702 0.061593149770417153
13 0.6347808940356363 0.9085838702083462 0.017856884744947656 0.06028766674169653
58 0.6594325974107255 0.9128307051910833 0.01729722226106848 0.061585554692335044
40 0.7373185227866464 0.9190969605422665 0.019022332234951034 0.06683027204146418
30 0.7605513031567894 0.9226720663154379 0.01902892116669988 0.0681357550701848
48 0.7860293223941992 0.9223611033147758 0.01900256543970346 0.062913822955302
58 0.8120966543083596 0.9266269259927185 0.019022332234951034 0.06683027204146418
59 0.8367450632175739 0.930221019461095 0.02184041144959526 0.06425728137443375
55 0.8619531346106677 0.9325172249788334 0.019595172582328676 0.0681433501482672
40 0.9137717280724281 0.9345176576520742 0.019588583650579573 0.06683786711954627
18 0.9372909286162602 0.9387493024786467 0.017876651540195486 0.0642041158278584
40 0.008457609719754462 0.9465245638299886 0.0076841260588817375 0.06406740442237929
17 0.025734866828174104 0.9480616967402159 0.017303811192817705 0.06289103772105567
55 0.05065981251345362 0.9503541047189131 0.017870062608446237 0.06289863279913778
52 0.07615430408023627 0.9533068492900527 0.019022332234950937 0.06683027204146418
43 0.10192533242308399 0.9549579083715128 0.02128074896571589 0.06555516932507227
66 0.12684698364248892 0.9565975748358497 0.018442902955823962 0.06421171090594081