40 0.06257078142695356 0.17232375979112272 0.015855039637599093 0.0587467362924282
23 0.08493771234428087 0.1768929503916449 0.01698754246885617 0.0639686684073107
37 0.11041902604756512 0.17885117493472585 0.015288788221970554 0.06005221932114883
51 0.13618346545866364 0.185378590078329 0.015855039637599093 0.06266318537859007
37 0.16081540203850508 0.1860313315926893 0.01812004530011325 0.06266318537859007
50 0.18601359003397508 0.19386422976501305 0.01642129105322763 0.06657963446475196
48 0.21234428086070214 0.19647519582245432 0.01812004530011325 0.0639686684073107
59 0.2627406568516421 0.20691906005221933 0.01698754246885617 0.06527415143603134
48 0.28793884484711213 0.21279373368146215 0.017553793884484713 0.0639686684073107
40 0.34031710079275196 0.22193211488250653 0.01812004530011325 0.06788511749347259
28 0.36381653454133633 0.22650130548302871 0.01868629671574179 0.06919060052219321
55 0.3892978482446206 0.2297650130548303 0.01868629671574179 0.06527415143603134
41 0.4150622876557191 0.23302872062663185 0.01925254813137033 0.06266318537859007
37 0.44026047565118914 0.23694516971279372 0.01868629671574179 0.06135770234986945
50 0.4900906002265006 0.24673629242819844 0.017553793884484713 0.07049608355091384
37 0.516704416761042 0.25130548302872063 0.01812004530011325 0.06788511749347259
65 0.5427519818799547 0.2539164490861619 0.01698754246885617 0.06527415143603134
40 0.5951302378255946 0.2643603133159269 0.01642129105322763 0.06657963446475196
28 0.6183465458663646 0.2689295039164491 0.01642129105322763 0.06527415143603134
37 0.6424122310305775 0.27219321148825065 0.01812004530011325 0.06657963446475196
52 0.6676104190260476 0.2774151436031332 0.01868629671574179 0.06527415143603134
55 0.6928086070215176 0.28133159268929503 0.01925254813137033 0.0639686684073107
53 0.7185730464326161 0.28720626631853785 0.019818799546998868 0.06788511749347259
40 0.06823329558323896 0.2689295039164491 0.01642129105322763 0.0639686684073107
53 0.09144960362400906 0.2741514360313316 0.017553793884484713 0.07049608355091384
37 0.11693091732729331 0.27676240208877284 0.019818799546998868 0.06657963446475196
59 0.14184597961494905 0.2819843342036554 0.01925254813137033 0.06788511749347259
37 0.16789354473386184 0.2839425587467363 0.01698754246885617 0.0639686684073107
40 0.22083805209513024 0.2963446475195822 0.01868629671574179 0.06657963446475196
12 0.24405436013590034 0.2983028720626632 0.01812004530011325 0.0639686684073107
43 0.26896942242355604 0.30156657963446476 0.017553793884484713 0.06657963446475196
38 0.29331823329558326 0.30613577023498695 0.01698754246885617 0.0639686684073107
61 0.3187995469988675 0.31266318537859006 0.01812004530011325 0.06788511749347259
59 0.369762174405436 0.3224543080939948 0.01698754246885617 0.06919060052219321
48 0.3960928652321631 0.3237597911227154 0.01642129105322763 0.06266318537859007
40 0.44818799546998866 0.3368146214099217 0.01812004530011325 0.0639686684073107
26 0.4714043035107588 0.34073107049608353 0.017553793884484713 0.06919060052219321
37 0.49688561721404306 0.34595300261096606 0.01698754246885617 0.06788511749347259
61 0.5226500566251415 0.35052219321148825 0.01698754246885617 0.06919060052219321
51 0.5486976217440543 0.3537859007832898 0.017553793884484713 0.07180156657963446
40 0.6254246885617214 0.36553524804177545 0.01868629671574179 0.0639686684073107
10 0.6489241223103058 0.368798955613577 0.017553793884484713 0.06266318537859007
52 0.6738391845979615 0.37467362924281983 0.01698754246885617 0.0639686684073107
65 0.6993204983012458 0.37989556135770236 0.01642129105322763 0.06788511749347259
40 0.7771800679501699 0.3922976501305483 0.01868629671574179 0.06919060052219321
59 0.8003963759909399 0.3968668407310705 0.01642129105322763 0.06527415143603134
61 0.82559456398641 0.40339425587467365 0.01812004530011325 0.06919060052219321
59 0.8502265005662514 0.4073107049608355 0.01698754246885617 0.06527415143603134
48 0.877123442808607 0.40796344647519583 0.01868629671574179 0.0639686684073107
43 0.9014722536806342 0.4131853785900783 0.01925254813137033 0.06527415143603134
40 0.06766704416761042 0.3642297650130548 0.017553793884484713 0.06527415143603134
24 0.0911664779161948 0.3674934725848564 0.01868629671574179 0.06788511749347259
37 0.11636466591166478 0.3714099216710183 0.017553793884484713 0.06266318537859007
50 0.1412797281993205 0.3772845953002611 0.01868629671574179 0.0639686684073107
61 0.16704416761041901 0.379242819843342 0.01868629671574179 0.06788511749347259
40 0.2454699886749717 0.39295039164490864 0.01812004530011325 0.06527415143603134
23 0.267836919592299 0.3962140992167102 0.017553793884484713 0.06657963446475196
37 0.29388448471121176 0.4007832898172324 0.01812004530011325 0.0587467362924282
51 0.318233295583239 0.4066579634464752 0.01812004530011325 0.06657963446475196
48 0.3439977349943375 0.40926892950391647 0.01812004530011325 0.0587467362924282
40 0.06908267270668177 0.45887728459530025 0.01812004530011325 0.0639686684073107
13 0.09060022650056625 0.4614882506527415 0.019818799546998868 0.06266318537859007
48 0.11636466591166478 0.46475195822454307 0.01925254813137033 0.06005221932114883
65 0.14184597961494905 0.4719321148825065 0.01868629671574179 0.06527415143603134
55 0.16619479048697622 0.4745430809399478 0.017553793884484713 0.06788511749347259
59 0.192242355605889 0.47976501305483027 0.01642129105322763 0.06657963446475196
50 0.24235560588901472 0.48825065274151436 0.01868629671574179 0.06919060052219321
55 0.26812004530011324 0.4954308093994778 0.019818799546998868 0.07049608355091384
56 0.31738391845979613 0.5032637075718016 0.01812004530011325 0.06919060052219321
55 0.3428652321630804 0.5078328981723238 0.019818799546998868 0.06919060052219321
40 0.06766704416761042 0.554177545691906 0.01812004530011325 0.0639686684073107
19 0.09088335220838052 0.5567885117493473 0.01812004530011325 0.06919060052219321
59 0.11636466591166478 0.5626631853785901 0.01868629671574179 0.06657963446475196
61 0.14241223103057757 0.5672323759791122 0.020385050962627407 0.06657963446475196
51 0.16704416761041901 0.5731070496083551 0.01812004530011325 0.06919060052219321
37 0.19195922989807473 0.575065274151436 0.01868629671574179 0.0639686684073107
60 0.21772366930917328 0.5802872062663186 0.020385050962627407 0.06919060052219321
52 0.2927519818799547 0.5939947780678851 0.017553793884484713 0.06657963446475196
43 0.3187995469988675 0.5985639686684073 0.01812004530011325 0.06527415143603134
59 0.3437146092865232 0.6031331592689295 0.01925254813137033 0.06527415143603134
37 0.36947904869762177 0.6050913838120104 0.01812004530011325 0.06135770234986945
51 0.4456398640996603 0.6214099216710183 0.01925254813137033 0.06657963446475196
37 0.4702718006795017 0.6227154046997389 0.01925254813137033 0.06657963446475196
56 0.49575311438278596 0.6305483028720626 0.019818799546998868 0.07049608355091384
48 0.522083805209513 0.6325065274151436 0.01868629671574179 0.0639686684073107
59 0.5469988674971688 0.6377284595300261 0.01812004530011325 0.06657963446475196
50 0.6223103057757644 0.6514360313315927 0.017553793884484713 0.07180156657963446
58 0.6477916194790487 0.6560052219321149 0.01925254813137033 0.06788511749347259
37 0.6724235560588901 0.6586161879895561 0.019818799546998868 0.07049608355091384
65 0.6979048697621744 0.664490861618799 0.01868629671574179 0.06527415143603134
55 0.7228199320498301 0.6671018276762402 0.01868629671574179 0.07049608355091384
51 0.7485843714609286 0.6742819843342036 0.01698754246885617 0.06919060052219321
37 0.7737825594563986 0.6762402088772846 0.01698754246885617 0.06657963446475196
56 0.8499433748584372 0.6912532637075718 0.01868629671574179 0.06788511749347259
61 0.8751415628539071 0.695822454308094 0.020385050962627407 0.06788511749347259
53 0.9006228765571914 0.6997389033942559 0.01812004530011325 0.0639686684073107
55 0.9255379388448471 0.7049608355091384 0.01925254813137033 0.06527415143603134
40 0.06710079275198189 0.6501305483028721 0.01868629671574179 0.0639686684073107
10 0.08975084937712344 0.652088772845953 0.01642129105322763 0.0639686684073107
53 0.11551528878822197 0.6573107049608355 0.017553793884484713 0.06266318537859007
55 0.14099660249150622 0.6618798955613577 0.01868629671574179 0.06919060052219321
40 0.21998867497168742 0.6775456919060052 0.017553793884484713 0.06788511749347259
24 0.242638731596829 0.6795039164490861 0.019818799546998868 0.06919060052219321
37 0.2675537938844847 0.683420365535248 0.01698754246885617 0.06266318537859007
47 0.29303510758776896 0.6886422976501305 0.01925254813137033 0.06266318537859007
48 0.318233295583239 0.6919060052219321 0.017553793884484713 0.0639686684073107
51 0.3428652321630804 0.6977806788511749 0.01925254813137033 0.06919060052219321
55 0.3686296715741789 0.7043080939947781 0.019818799546998868 0.06788511749347259
40 0.06766704416761042 0.7460835509138382 0.01812004530011325 0.06266318537859007
30 0.09031710079275199 0.75 0.01698754246885617 0.06527415143603134
37 0.1152321630804077 0.7539164490861618 0.01868629671574179 0.06788511749347259
47 0.14071347678369195 0.7558746736292428 0.01925254813137033 0.06266318537859007
48 0.16619479048697622 0.7610966057441253 0.01868629671574179 0.0639686684073107
52 0.1916761041902605 0.7663185378590078 0.01812004530011325 0.06788511749347259
48 0.21687429218573046 0.7689295039164491 0.01812004530011325 0.0639686684073107
50 0.2415062287655719 0.7767624020887729 0.01868629671574179 0.06266318537859007
59 0.29133635334088337 0.7813315926892951 0.019818799546998868 0.0639686684073107
48 0.318233295583239 0.7878590078328982 0.017553793884484713 0.0639686684073107
40 0.3706115515288788 0.7989556135770235 0.017553793884484713 0.06788511749347259
28 0.3941109852774632 0.8009138381201044 0.01642129105322763 0.0639686684073107
43 0.4190260475651189 0.806135770234987 0.01868629671574179 0.0639686684073107
65 0.4447904869762174 0.8113577023498695 0.01642129105322763 0.06657963446475196
40 0.06710079275198189 0.839425587467363 0.01698754246885617 0.0639686684073107
23 0.09031710079275199 0.8439947780678851 0.01812004530011325 0.06657963446475196
37 0.11551528878822197 0.8492167101827677 0.01812004530011325 0.06657963446475196
47 0.14071347678369195 0.8505221932114883 0.01812004530011325 0.06266318537859007
61 0.1664779161947905 0.8570496083550914 0.019818799546998868 0.06527415143603134
59 0.19195922989807473 0.8609660574412533 0.01925254813137033 0.06788511749347259
37 0.21715741789354473 0.8655352480417755 0.017553793884484713 0.06527415143603134
65 0.242638731596829 0.8707571801566579 0.019818799546998868 0.06788511749347259
53 0.2916194790486976 0.8825065274151436 0.019818799546998868 0.06788511749347259
37 0.3179501698754247 0.8844647519582245 0.01812004530011325 0.06919060052219321
41 0.36834654586636467 0.8922976501305483 0.01925254813137033 0.07049608355091384
61 0.39354473386183464 0.8981723237597912 0.01925254813137033 0.0731070496083551
50 0.41874292185730466 0.9027415143603134 0.015855039637599093 0.07049608355091384
60 0.4445073612684032 0.9092689295039165 0.01698754246885617 0.06788511749347259
55 0.4702718006795017 0.9099216710182768 0.01698754246885617 0.06657963446475196
58 0.49575311438278596 0.914490861618799 0.01868629671574179 0.06657963446475196
59 0.5458663646659117 0.9242819843342036 0.01698754246885617 0.0639686684073107
48 0.5716308040770102 0.9281984334203656 0.01698754246885617 0.06135770234986945
40 0.6240090600226501 0.9379895561357703 0.017553793884484713 0.06266318537859007
13 0.6466591166477916 0.9399477806788512 0.017553793884484713 0.06266318537859007
58 0.6715741789354474 0.945822454308094 0.01698754246885617 0.0639686684073107
40 0.7491506228765572 0.9595300261096605 0.01868629671574179 0.06788511749347259
30 0.7723669309173273 0.9647519582245431 0.01812004530011325 0.07049608355091384
48 0.7981313703284258 0.9660574412532638 0.01868629671574179 0.06527415143603134
58 0.8241789354473387 0.9686684073107049 0.01868629671574179 0.06266318537859007
59 0.8485277463193658 0.9725848563968669 0.020951302378255945 0.05483028720626632
55 0.8737259343148358 0.9732375979112271 0.01925254813137033 0.05352480417754569
40 0.9255379388448471 0.9771540469973891 0.01925254813137033 0.04569190600522193
18 0.9490373725934315 0.9810704960835509 0.017553793884484713 0.037859007832898174
40 0.016138165345413364 0.9268929503916449 0.01925254813137033 0.06527415143603134
17 0.039071347678369193 0.9308093994778068 0.01698754246885617 0.0639686684073107
55 0.06398640996602492 0.9347258485639687 0.017553793884484713 0.0639686684073107
52 0.08975084937712344 0.9399477806788512 0.01868629671574179 0.06788511749347259
43 0.1152321630804077 0.943864229765013 0.020385050962627407 0.06657963446475196
66 0.14014722536806343 0.9477806788511749 0.017553793884484713 0.06657963446475196