40 0.05465042652759286 0.18828727340456078 0.016289933667520715 0.058079297412519715
23 0.0772757732646707 0.1924624726175225 0.01746197231967975 0.06334680410946023
37 0.10248384521536619 0.19217102403959258 0.015723682251892145 0.05805651012149068
51 0.1282136907831755 0.19777703638193447 0.016319585533197168 0.0619957464986816
37 0.15286045329585518 0.19681005899861528 0.019140958656114388 0.06080419992510593
50 0.1780092215151977 0.2043515085930091 0.016905604859276717 0.06462949984715181
48 0.20434979629715028 0.20410563459713718 0.018584591195711323 0.0620868956627976
59 0.2546967525119628 0.21266111864232176 0.017461972319679782 0.06334680410946023
48 0.27987023061936905 0.21693886066491402 0.01859447515093686 0.06339237869151822
40 0.332497018429534 0.22362726933113364 0.018614243061387807 0.06600334474895948
28 0.3559865682228928 0.22587842493755797 0.019200262387467422 0.06863709809742977
55 0.38145305599333884 0.22886207757694413 0.019170610521790938 0.06472064901126781
41 0.40721255342682466 0.23055164083312413 0.0197170940269684 0.062132470244855596
37 0.4323959154894564 0.2335238998269958 0.019140958656114454 0.06080419992510593
50 0.4821963881990914 0.23944563052371007 0.018077643511435752 0.0698970065440924
37 0.5085073111153675 0.24311620561400005 0.018624127016613215 0.0673088277776801
65 0.534828117986869 0.24548129767556942 0.017471856274905318 0.06465228713818084
40 0.5868886543814055 0.25214691905076003 0.01691548881450219 0.06593498287587243
28 0.6103683202195387 0.25570355768590497 0.01690560485927678 0.06462949984715181
37 0.6344241214285262 0.2579775005833583 0.018614243061387807 0.06600334474895948
52 0.6596025415135451 0.2616025010915903 0.019170610521790938 0.06472064901126788
55 0.6845077198459755 0.2639106249255871 0.01972697798219381 0.06343795327357629
53 0.710252391346623 0.26755841272484804 0.020312997308273423 0.06607170662204652
40 0.05816589945812055 0.2850639222126047 0.016895720904051212 0.06332401681843118
53 0.08135749761082693 0.2892619087165954 0.018067759556210247 0.06859152351537176
37 0.1065556856062969 0.29027594316738614 0.02030311335304795 0.06476622359332589
59 0.1317341056913159 0.2939009436756181 0.019746745892644885 0.06604891933101747
37 0.15749854510241443 0.29493776541743777 0.017452088364454246 0.0620413210807396
40 0.21067181641775692 0.3042599274321277 0.019170610521790872 0.06472064901126788
12 0.23388812445852705 0.3051942063643169 0.01859447515093686 0.06339237869151822
43 0.25879330279095725 0.3075023301983137 0.01803810769053373 0.06467507442920989
38 0.28312728773014617 0.31044040825564184 0.018018339780082784 0.06206410837176856
61 0.30857400759014125 0.31603502695246927 0.018624127016613343 0.0673088277776801
59 0.3595069831310333 0.3220023322312416 0.017491624185356266 0.06726325319562203
48 0.3858426159353731 0.32240919974973 0.017452088364454246 0.06204132108073952
40 0.43787844244184576 0.33233852869672215 0.01859447515093686 0.06339237869151822
26 0.4610799245497776 0.3352310321719923 0.018067759556210213 0.06859152351537176
37 0.48654147034261086 0.33886742632573874 0.017491624185356137 0.06726325319562203
61 0.5122861418432584 0.3425152141249997 0.017501508140581674 0.0685687362243428
51 0.5383337069621712 0.34356342951233393 0.018077643511435752 0.0698970065440924
40 0.6153043636667506 0.35188443320716106 0.019150842611339862 0.06210968295382656
10 0.6385107877522951 0.35412419516807087 0.018008455824857116 0.06075862534304801
52 0.6634011401518872 0.35839054354514865 0.01746197231967991 0.06334680410946016
65 0.6888626859447204 0.36202693769889516 0.0169253727697276 0.06724046590459322
40 0.7666876617503554 0.36972938081590545 0.01920026238746716 0.0686370980974297
59 0.7898792599030617 0.37392736731989623 0.01690560485927678 0.06462949984715181
61 0.8153358637182822 0.378216502988003 0.018624127016613215 0.0673088277776801
59 0.8399480323876728 0.38181871620520597 0.01746197231967991 0.06334680410946016
48 0.8665766748550523 0.3809314943404882 0.019150842611339862 0.06210968295382656
43 0.8909057178166284 0.3845223139121767 0.020293229397822608 0.06346074056460525
40 0.055467432749572554 0.37963168627624855 0.018038107690533794 0.06467507442920989
24 0.07895204056531868 0.3825355833970332 0.01975662984787039 0.06735440235973818
37 0.10414034460556316 0.38485510087654456 0.018584591195711323 0.0620868956627976
50 0.12931382271296943 0.38913284289913674 0.019726977982193906 0.06343795327357629
61 0.15507826212406797 0.3901696646409566 0.01919037843224182 0.06733161506870906
40 0.23317153770467888 0.3998417259465623 0.018604359106162333 0.06469786172023885
23 0.25553352664439344 0.40139456545656826 0.018038107690533794 0.06467507442920989
37 0.28156132385285526 0.4050537469013438 0.018545055374809365 0.05686496354791509
51 0.306168550544633 0.40930870163290706 0.018614243061387807 0.06600334474895948
48 0.3319280479781188 0.4109982648890871 0.01854505537480943 0.05686496354791509
40 0.05475084599572443 0.474279205858494 0.01858459119571134 0.0620868956627976
13 0.07625357385677067 0.4771033474606772 0.020273461487371466 0.060849774507163855
48 0.10201307129025647 0.47879291071685715 0.020253693576920456 0.058238808449722755
65 0.12746473312786424 0.4837347878993243 0.019160726566565367 0.06341516598254719
55 0.1518086020222787 0.48536738292793175 0.01804799164575927 0.06598055745793051
59 0.17783639923074052 0.48902656437270725 0.016905604859276717 0.06462949984715181
50 0.22791505567057696 0.49561243022929635 0.019190378432241882 0.06733161506870906
55 0.25364984321599904 0.5005657010572779 0.020332765218724434 0.06868267267948762
56 0.30317213219543254 0.5058232965941174 0.018624127016613215 0.0673088277776801
55 0.32835549425806426 0.5087955555879891 0.02032288126349883 0.06737718965076714
40 0.051188176230895374 0.5707710135286753 0.018594475150936828 0.06339237869151822
19 0.07440448427166547 0.5717052924608645 0.018634010971838817 0.06861431080640087
59 0.09986108808688603 0.5759944281289713 0.019180494477016346 0.06602613203998844
61 0.1256107015651463 0.5789894744138719 0.020879248723901962 0.06609449391307548
51 0.150217928256924 0.5832444291454353 0.018624127016613343 0.0673088277776801
37 0.17513299054457973 0.5842470699507114 0.019160726566565398 0.06341516598254719
60 0.2011558457754288 0.5885589929098473 0.020899016634352972 0.06870545997051673
52 0.27613473857008275 0.5981057241147935 0.01804799164575927 0.06598055745793051
43 0.3018794100707303 0.6017535119140545 0.018604359106162267 0.06469786172023885
59 0.32706277213336216 0.6047257709079261 0.019736861937419477 0.06474343630229693
37 0.35283215352207337 0.6051098511353855 0.018564823285260375 0.059475929605356345
51 0.4289237812375334 0.6173131229798311 0.019736861937419477 0.06474343630229693
37 0.4532775340871733 0.617640234979718 0.019746745892644885 0.06604891933101754
56 0.4790024376773699 0.6238989888364201 0.0203327652187245 0.06868267267948777
48 0.5053380704817098 0.6243058563549085 0.019160726566565398 0.06341516598254719
59 0.5302333648589145 0.6279194632176259 0.018614243061387807 0.06600334474895948
50 0.60549044138377 0.6381303295824471 0.018077643511435752 0.0698970065440924
58 0.6306738034464018 0.6411025885763187 0.019746745892644885 0.06604891933101754
37 0.6555839237564448 0.6427579708959552 0.020332765218724243 0.06868267267948791
65 0.6807574018638509 0.6470357129185474 0.019160726566565527 0.06341516598254719
55 0.7059506478817082 0.6487024888836985 0.01920026238746716 0.0686370980974297
51 0.7313973677417033 0.654297107580526 0.017501508140581545 0.06856873622434266
37 0.7566054396923987 0.654005659002596 0.017471856274905318 0.06465228713818078
56 0.8329801931156731 0.666220324492556 0.019190378432241754 0.06733161506870906
61 0.8581635551783048 0.6691925834864276 0.02088913267912737 0.0673999769417961
53 0.8836349849263636 0.6715234946114536 0.018594475150936988 0.06339237869151808
55 0.9085302793035682 0.6751371014741709 0.019736861937419477 0.06474343630229693
40 0.04847982556712188 0.6666442606210399 0.019726977982193906 0.06343795327357629
10 0.07112988219226345 0.6675557522622001 0.016885836948825738 0.06201853378971056
53 0.096874553692911 0.6712035400614611 0.01800845582485731 0.06075862534304801
55 0.12234104146335703 0.6741871927008473 0.01919037843224182 0.06733161506870906
40 0.200990684504371 0.6851875243262027 0.018057875600984805 0.06728604048665114
24 0.22363579915189982 0.6867517574817231 0.020322881263498897 0.06737718965076699
37 0.2485360355067173 0.6897126228300802 0.017442204409228772 0.060735838052019195
47 0.2740025232771633 0.6926962754694664 0.019707210071742927 0.060826987216135046
48 0.2991908273174078 0.6950157929489778 0.018018339780082784 0.062064108371768636
51 0.32379805400918554 0.699270747680541 0.019766513803095832 0.06865988538845881
55 0.34953284155460757 0.7042240185085226 0.02088913267912737 0.0673999769417961
40 0.046903977734605466 0.7625630822954625 0.01857470724048585 0.06078141263407682
30 0.06954415040452154 0.7647800569653432 0.01746197231967975 0.06334680410946045
37 0.09416126105152477 0.7677295286681859 0.019180494477016346 0.06602613203998844
47 0.11964257475480902 0.7687549567644911 0.0197170940269684 0.06213247024485567
48 0.14538724625545657 0.772402744563752 0.0197170940269684 0.06213247024485567
52 0.1708537340259026 0.7753863972031382 0.019180494477016346 0.06602613203998844
48 0.19604203806614706 0.7777059146826496 0.019160726566565398 0.06341516598254719
50 0.22063443882508657 0.7839190939572938 0.019140958656114388 0.06080419992510593
59 0.27045962142278523 0.7865771170822066 0.020293229397822476 0.06346074056460511
48 0.2973318537770771 0.7909232209778858 0.018018339780082784 0.062064108371768636
40 0.3496606899465895 0.7995584605416718 0.018057875600984676 0.06728604048665114
28 0.3728868819425851 0.7991872564451404 0.016885836948825707 0.06201853378971041
43 0.3980603600499914 0.8034649984677327 0.019150842611339862 0.06210968295382656
65 0.42380008957302623 0.8077655277813541 0.01691548881450219 0.0659349828758723
40 0.04393226927346869 0.8558139696848712 0.01745208836445426 0.06204132108073952
23 0.06713375138140056 0.8587064731601413 0.018604359106162333 0.0646978617202387
37 0.0923072294888068 0.8629842151827337 0.018604359106162333 0.0646978617202387
47 0.11751530143950228 0.8626927666048037 0.018584591195711323 0.062086895662797445
61 0.14324514700731159 0.8682987789471458 0.020293229397822476 0.06346074056460511
59 0.16872151873298308 0.8699769485578112 0.01975662984787042 0.06735440235973818
37 0.19389993881800213 0.8736019490660432 0.018604359106162333 0.0646978617202387
65 0.2196396683410369 0.8779024783796644 0.020312997308273423 0.06607170662204637
53 0.2682829283313511 0.8870423420661222 0.02032288126349896 0.06737718965076699
37 0.29461856113569085 0.8874492095846106 0.018624127016613343 0.06730882777767995
41 0.34499022723856715 0.8927409860579936 0.019766513803095832 0.06865988538845881
61 0.3701686473235861 0.8963659865662257 0.019786281713546777 0.07127085144590006
50 0.3953421254309924 0.9006437285888178 0.016378889264550132 0.06982864467100536
60 0.4210769129764145 0.9055969994167995 0.017491624185356137 0.06726325319562203
55 0.4468561783203513 0.9046755966155382 0.017471856274905318 0.06465228713818078
58 0.47232266609079726 0.9076592492549244 0.019736861937419477 0.06474343630229693
59 0.522396380553021 0.9148978566258738 0.017452088364454246 0.06204132108073982
48 0.5481558779865068 0.9165874198820537 0.01743232045400317 0.05943035502329857
40 0.6007727818414462 0.9245813115769941 0.018018339780082784 0.062064108371768636
13 0.6234228384665877 0.9254928032181542 0.018008455824857376 0.06075862534304801
58 0.6480251231807528 0.9304004994640779 0.017452088364454246 0.06204132108073952
40 0.7258451570087749 0.9387556840954485 0.019190378432241754 0.06733161506870906
30 0.7490367551614813 0.9429536705994392 0.019200262387467422 0.0686370980974297
48 0.7745230108423783 0.9433263571813842 0.019160726566565527 0.06341516598254748
58 0.8005409240956145 0.9482910216548802 0.019190378432241754 0.06733161506870937
59 0.8251481507873922 0.9525459763864434 0.022001867599933632 0.06483458546641277
55 0.8503315128500241 0.9555182353803152 0.0197665138030957 0.06865988538845881
40 0.9021336334248099 0.9589087555381897 0.019756629847870293 0.06735440235973818
18 0.9256034153077177 0.9637708772020553 0.01803810769053386 0.06467507442920989
40 0.00021877888385718613 0.9466233132141428 0.00043755776771437226 0.06426490319068767
17 0.013775550884549282 0.9486238086192482 0.01746197231967975 0.06334680410946045
55 0.038675787239366766 0.9515846739676053 0.01802822373530829 0.06336959140048926
52 0.06413733303220004 0.9552210681213518 0.01919037843224185 0.06733161506870937
43 0.08989188848807307 0.9575633728918921 0.0214455001395305 0.06611728120410458
66 0.11479706682050331 0.9598714967258889 0.018604359106162333 0.0646978617202387