40 0.10904825708495475 0.5549132947976878 0.02233750298918589 0.24855491329479767
30 0.13513832141662022 0.5549132947976878 0.02306477496161828 0.2658959537572254
37 0.1626621368775287 0.5606936416184971 0.02306477496161828 0.2658959537572254
65 0.19055166760621556 0.5780346820809249 0.023064774961618198 0.2658959537572254
52 0.2756352973874595 0.6098265895953757 0.025213322373920644 0.27167630057803466
37 0.3031570335668058 0.6127167630057804 0.020903751859942938 0.24277456647398843
53 0.3317592812969897 0.6271676300578035 0.023068933524742662 0.27167630057803466
55 0.3599999723225197 0.6358381502890174 0.020916227549315915 0.26011560693641617
53 0.3875196292203039 0.6358381502890174 0.023064774961618198 0.2658959537572254
55 0.4136200899597801 0.6502890173410405 0.025205005247671886 0.26011560693641617
55 0.44329869067767746 0.6705202312138728 0.024502684653985616 0.2774566473988439
41 0.47081210973077514 0.661849710982659 0.023064774961618198 0.2658959537572254
56 0.5269444107665541 0.6907514450867052 0.023783729807801825 0.27167630057803466
55 0.5555445792151759 0.7023121387283237 0.023787888370926286 0.2774566473988439
37 0.6116706424062684 0.7225433526011561 0.021635182395499542 0.2658959537572254
50 0.6391923785856147 0.7254335260115607 0.02307725065099142 0.2832369942196532
55 0.6681520244573282 0.7398843930635838 0.025940594346353034 0.28901734104046245
53 0.7249949632130424 0.7630057803468208 0.020916227549315915 0.26011560693641617
46 0.7521593012508588 0.7658959537572254 0.02307725065099142 0.2832369942196532
40 0.8115019477157183 0.7861271676300579 0.020205589829380886 0.2658959537572254
40 0.8400937990380916 0.7861271676300579 0.020912068986191617 0.2543352601156069
30 0.8651241446345409 0.8034682080924855 0.02019727270313229 0.2543352601156069
62 0.8937243130831628 0.815028901734104 0.021622706706126645 0.24855491329479767