40 0.10501633097024668 0.5276177114830952 0.019632195953369097 0.23302990429864343
30 0.1307614732720363 0.5165258159635169 0.021086740742795346 0.25050546561042447
37 0.15827697146593583 0.516826463023865 0.020371944459735978 0.25043820518574766
65 0.18613323298582665 0.5286541735134934 0.020380261867505165 0.2562185520065571
52 0.2708157990089341 0.5351346802413169 0.023247764407511702 0.26226794052607344
37 0.2983396146106028 0.5296549804808559 0.018917399670309767 0.2329626438739666
53 0.3269148311174376 0.5385252571354028 0.02109505815056449 0.2562858124312339
55 0.3551492842982811 0.5358684703606695 0.018227555610557954 0.2502364239117175
53 0.38231986046230465 0.5275322274021423 0.020371944459735936 0.25043820518574783
55 0.4087506881199615 0.5366042853307197 0.022516333308914085 0.2506399864597781
55 0.43804070090985553 0.5454073015605897 0.021818171841392883 0.26213341967671994
41 0.4655769926231781 0.5312570815689148 0.0203719444597361 0.25043820518574783
56 0.521306150478498 0.5433518089065529 0.02109505815056449 0.2562858124312339
55 0.549889684393102 0.5464417387402906 0.021103375558333554 0.26206615925204296
37 0.6059928752054901 0.5469421422239718 0.019665465584445836 0.25615129158188027
50 0.633504214695505 0.5501329626947247 0.020396896683043616 0.26777924564817557
55 0.6617303504685793 0.5532565227408007 0.02255792034775989 0.27954172056382437
53 0.7185400201562575 0.5594700126206144 0.01894235189361728 0.25030368433639416
46 0.7457064376163967 0.5540239430724918 0.02111169296610262 0.2678465060728522
40 0.8053752924363121 0.5599683912535983 0.017529394143036916 0.2617298571286592
40 0.8339754611664544 0.5514976274457174 0.01893403448584838 0.24452333751558508
30 0.8586151394125783 0.5636280098463912 0.017512759327498788 0.2501691634870407
62 0.8871986733271823 0.566717939680129 0.018925717078078993 0.23874299069477567