40 0.10613085206897664 0.4789655422660196 0.02018063845063489 0.23215548690581933
30 0.13221883711907997 0.4773028300585044 0.021622706706126565 0.24956378551635072
37 0.15974057329842625 0.481487722819902 0.020907910423067236 0.2495301564422988
65 0.18763218330867526 0.5030304705807532 0.020912068986191617 0.25531050326310806
52 0.27199477896217333 0.5301200886020985 0.023064774961618198 0.2669720841268818
37 0.2995123565783953 0.5285246345426867 0.0194700007306999 0.23790220465257683
53 0.32847200245010894 0.5443374790938064 0.021631023832375244 0.26112447915796905
55 0.3563511367709849 0.5485391863922298 0.01876768013701363 0.2552096160409528
53 0.38386871438720693 0.5469437323328181 0.02090791042306732 0.2495301564422988
55 0.41032449398665066 0.559748701714352 0.023056457835369602 0.25541139048526346
55 0.4396436172814562 0.578468534212902 0.022354137241683333 0.2727188018736393
41 0.46715495705299154 0.5682025599222765 0.02090791042306732 0.2495301564422988
56 0.5232830995256462 0.5939638295185771 0.021626865269250947 0.2553441323371598
55 0.5518853472558302 0.6097598595326708 0.021631023832375244 0.26112447915796905
37 0.6080010140391119 0.6181800886665436 0.01948247642007296 0.25524324511500457
50 0.6351715899216149 0.6310186871221292 0.020920386112440216 0.26687119690472655
55 0.663052803524053 0.6381105678309573 0.023073092087866797 0.2785327777685003
53 0.7198915837166427 0.6581251196805004 0.019478317856948663 0.24946289829419532
46 0.7474112406144269 0.6594198390314933 0.020920386112440216 0.26687119690472655
40 0.8067518077977242 0.6795520926402174 0.018057042417078603 0.2609563337877103
40 0.835341579838535 0.6780070821918835 0.019474159293824362 0.24368255147338608
30 0.860014527293455 0.6965083257090972 0.01804872529082968 0.24939564014609183
62 0.8886126164605144 0.7065240089023817 0.019470000730699738 0.23790220465257683