40 0.10578984989278056 0.5924855491329479 0.01858470335954253 0.23121387283236994
30 0.13152251608291637 0.5809248554913294 0.020014295925661188 0.24855491329479767
37 0.1590421729807005 0.5809248554913294 0.01929949964260186 0.24855491329479767
65 0.1869192280200143 0.5895953757225434 0.01929949964260186 0.2543352601156069
52 0.27162258756254465 0.5924855491329479 0.02215868477483917 0.2543352601156069
37 0.29914224446032883 0.5867052023121387 0.017869907076483203 0.23121387283236994
53 0.3277340957827019 0.5924855491329479 0.020014295925661188 0.2543352601156069
55 0.3559685489635454 0.5895953757225434 0.017155110793423873 0.24855491329479767
53 0.38313080771979985 0.5809248554913294 0.01929949964260186 0.24855491329479767
55 0.409578270192995 0.5867052023121387 0.021443888491779844 0.24277456647398843
55 0.4392423159399571 0.5953757225433526 0.020729092208720514 0.26011560693641617
41 0.4664045746962116 0.5809248554913294 0.01929949964260186 0.24855491329479767
56 0.5225160829163689 0.5895953757225434 0.020014295925661188 0.2543352601156069
55 0.5511079342387419 0.5924855491329479 0.020014295925661188 0.26011560693641617
37 0.6072194424588993 0.5895953757225434 0.01858470335954253 0.2543352601156069
50 0.6347390993566834 0.5895953757225434 0.01929949964260186 0.2658959537572254
55 0.6629735525375268 0.5924855491329479 0.021443888491779844 0.27167630057803466
53 0.7197998570407433 0.5953757225433526 0.017869907076483203 0.24855491329479767
46 0.7469621157969979 0.5895953757225434 0.020014295925661188 0.2658959537572254
40 0.8066476054324517 0.5924855491329479 0.016440314510364547 0.26011560693641617
40 0.8352394567548249 0.5838150289017341 0.017869907076483203 0.24277456647398843
30 0.8598999285203717 0.5924855491329479 0.016440314510364547 0.24855491329479767
62 0.8884917798427449 0.5953757225433526 0.017869907076483203 0.23699421965317918