40 0.10896924438559226 0.43997508594644386 0.02233750298918589 0.24959741459040244
30 0.13506346728038207 0.4445279715643637 0.02306477496161828 0.26697208412688195
37 0.16259559986753921 0.46057429267579847 0.02306477496161828 0.26697208412688195
65 0.19048928915935037 0.48238414607101665 0.02306477496161828 0.26697208412688195
52 0.27523215505156207 0.5333123955935704 0.025213322373920644 0.2728533181698464
37 0.3027580497940327 0.5406881964737913 0.020903751859942858 0.24374980962148957
53 0.33101121650893567 0.5653714087423882 0.02306893352474258 0.272752430947691
55 0.35925606609759003 0.5784939273693667 0.020916227549315915 0.2610908500839173
53 0.38677988155849846 0.5829795548391828 0.023064774961618198 0.26697208412688195
55 0.4128886594242235 0.6077636543299351 0.025205005247671886 0.26129262452822805
55 0.44257141870524513 0.6323796084504284 0.024502684653985616 0.2786000359166041
41 0.4700931548845914 0.63397506250984 0.023064774961618198 0.2669720841268821
56 0.526233773046619 0.6717976079424414 0.023783729807801825 0.27278606002174294
55 0.5548422586214896 0.6935738322636077 0.023787888370926286 0.27856640684255235
37 0.6109766389388307 0.7227258574649951 0.021635182395499542 0.26690482597877846
50 0.638149294102896 0.735898819703051 0.023077250650991258 0.2843131245893097
55 0.6667557003962045 0.7547848706138127 0.025940594346353034 0.2902279877063261
53 0.7236111148412915 0.7925737869723622 0.020916227549315915 0.2610908500839173
46 0.7507796114422324 0.7999664023896091 0.02307725065099142 0.2843131245893095
40 0.8097752561733731 0.831874084705194 0.020201431266256915 0.26105722100986556
40 0.8387307434819623 0.8391826274373113 0.020903751859943018 0.24374980962148957
30 0.8633995323737579 0.849583118024144 0.020172321324386497 0.2205947932642008
62 0.8919976215408174 0.8569084752932871 0.02158943820113193 0.20332101094987656