40 0.10864903502501787 0.5 0.021443888491779844 0.24277456647398843
30 0.13473909935668335 0.5028901734104047 0.02215868477483917 0.26011560693641617
37 0.16225875625446748 0.5144508670520231 0.02215868477483917 0.26011560693641617
65 0.19013581129378126 0.5346820809248555 0.02215868477483917 0.26011560693641617
52 0.27483917083631165 0.5780346820809249 0.024303073624017155 0.2658959537572254
37 0.3023588277340958 0.5838150289017341 0.020014295925661188 0.24277456647398843
53 0.3309506790564689 0.6040462427745664 0.02215868477483917 0.2658959537572254
55 0.35918513223731235 0.615606936416185 0.020014295925661188 0.26011560693641617
53 0.3867047891350965 0.6184971098265896 0.02215868477483917 0.26011560693641617
55 0.412794853466762 0.638728323699422 0.024303073624017155 0.2543352601156069
55 0.4424588992137241 0.661849710982659 0.023588277340957826 0.27167630057803466
41 0.46997855611150824 0.6589595375722543 0.02215868477483917 0.26011560693641617
56 0.5260900643316655 0.6936416184971098 0.0228734810578985 0.2658959537572254
55 0.5546819156540386 0.7109826589595376 0.0228734810578985 0.27167630057803466
37 0.6107934238741959 0.7369942196531792 0.020729092208720514 0.2658959537572254
50 0.63831308077198 0.7456647398843931 0.02215868477483917 0.2774566473988439
55 0.6669049320943531 0.7630057803468208 0.02501786990707648 0.2832369942196532
53 0.7237312365975697 0.7947976878612717 0.020014295925661188 0.26011560693641617
46 0.7508934953538242 0.8005780346820809 0.02215868477483917 0.2774566473988439
40 0.8102215868477484 0.8294797687861272 0.01929949964260186 0.2658959537572254
40 0.8388134381701216 0.8352601156069365 0.020014295925661188 0.2543352601156069
30 0.863831308077198 0.8554913294797688 0.01929949964260186 0.2543352601156069
62 0.8924231593995712 0.869942196531792 0.020729092208720514 0.24855491329479767