40 0.09405940594059406 0.5675675675675675 0.02574257425742574 0.16216216216216217
40 0.14257425742574256 0.5675675675675675 0.027722772277227723 0.16216216216216217
25 0.18613861386138614 0.5641891891891891 0.033663366336633666 0.16891891891891891
53 0.28316831683168314 0.5641891891891891 0.031683168316831684 0.16891891891891891
43 0.3316831683168317 0.5574324324324325 0.0297029702970297 0.1554054054054054
48 0.3801980198019802 0.5574324324324325 0.031683168316831684 0.16216216216216217
51 0.4277227722772277 0.5641891891891891 0.027722772277227723 0.16891891891891891
59 0.5247524752475248 0.5641891891891891 0.031683168316831684 0.16891891891891891
40 0.6267326732673267 0.5709459459459459 0.02574257425742574 0.16216216216216217
40 0.6752475247524753 0.5709459459459459 0.027722772277227723 0.16216216216216217
26 0.7178217821782178 0.5641891891891891 0.031683168316831684 0.16891891891891891
61 0.7673267326732673 0.5641891891891891 0.0297029702970297 0.16891891891891891
38 0.8138613861386138 0.5641891891891891 0.027722772277227723 0.1554054054054054