40 0.08703144912940404 0.525358618897139 0.031982700148682854 0.17630463024983292
40 0.13752073840681892 0.5229826368713237 0.033962898168484836 0.17634393991071792
25 0.1800834753774903 0.5170710378235909 0.03793481466315998 0.18317931598924428
53 0.27709013743764493 0.5054836976934343 0.03794633511823117 0.18993607274600105
43 0.32558194801265106 0.49293327087159916 0.03594309618828681 0.17638324957160273
48 0.374091039270264 0.4905179791848992 0.03594309618828681 0.17638324957160273
51 0.42161003151797594 0.48808303266775677 0.032005741058825234 0.18981814376334644
59 0.5186282140332018 0.48325244929435685 0.03595461664335789 0.18314000632835947
40 0.6205968915979325 0.47852014007316906 0.031982700148682854 0.17630463024983312
40 0.6700903216379108 0.4727461248385332 0.031982700148682854 0.17630463024983292
26 0.712641538153511 0.4600777690340435 0.03595461664335812 0.18314000632835947
61 0.7631250672033904 0.45432340862985005 0.03595461664335789 0.18314000632835947
38 0.8096539604412012 0.45186880728226525 0.033962898168484836 0.17634393991071792