40 0.10321449710559255 0.6244079682419678 0.030567082422188977 0.17009824866240736
40 0.15275401208564843 0.6291991754262439 0.032547280441990956 0.17017687064530643
25 0.19531098726888785 0.6241304244155323 0.03654224096660134 0.1770908713678617
53 0.29235797248168804 0.6236563256318489 0.036576805451607644 0.18384762812461847
43 0.34085554172433336 0.6183517086724397 0.03452747846179294 0.1702554926282057
48 0.3893703932094819 0.6164254700914087 0.03452747846179294 0.1702554926282055
51 0.43692971016973575 0.6212952992585842 0.030636211392201816 0.18361176217592068
59 0.5339939776250392 0.6241995788532791 0.034562042946799244 0.17701224938496243
40 0.6360260223723507 0.6302856818691044 0.030567082422188977 0.17009824866240736
40 0.6845581561000024 0.6317378216664519 0.030567082422188977 0.17009824866240736
26 0.7270978490407387 0.6232906922773619 0.03456204294679947 0.17701224938496243
61 0.7775928985456891 0.6212858317134317 0.03456204294679947 0.17701224938496243
38 0.8241275520110357 0.6194382151153001 0.032547280441990956 0.17017687064530643