40 0.09900990099009901 0.6066952127739714 0.0297029702970297 0.16950856383219137
40 0.1485148514851485 0.6178130894312273 0.031683168316831684 0.16954787349307618
25 0.1910891089108911 0.6186582471402513 0.03564356435643564 0.17638324957160254
53 0.2881188118811881 0.6273411772803649 0.03564356435643564 0.18314000632835947
43 0.33663366336633666 0.6283042639720433 0.033663366336633666 0.16958718315396099
48 0.38514851485148516 0.6326457290421001 0.033663366336633666 0.16958718315396099
51 0.43267326732673267 0.6437242960384711 0.0297029702970297 0.1830220773457049
59 0.5297029702970297 0.6591639829353416 0.033663366336633666 0.17634393991071773
40 0.6316831683168317 0.6747019439844241 0.0297029702970297 0.16950856383219137
40 0.6801980198019802 0.6824217874328592 0.0297029702970297 0.16950856383219137
26 0.7227722772277227 0.6798885667635047 0.033663366336633666 0.17634393991071792
61 0.7732673267326733 0.6842693414944463 0.033663366336633666 0.17634393991071773
38 0.8198019801980198 0.6885714969036183 0.031683168316831684 0.16954787349307618