40 0.09900990099009901 0.6047297297297297 0.0297029702970297 0.16891891891891891
40 0.1485148514851485 0.6148648648648649 0.031683168316831684 0.16891891891891891
25 0.1910891089108911 0.6148648648648649 0.03564356435643564 0.17567567567567569
53 0.2881188118811881 0.6216216216216216 0.03564356435643564 0.18243243243243243
43 0.33663366336633666 0.6216216216216216 0.033663366336633666 0.16891891891891891
48 0.38514851485148516 0.625 0.033663366336633666 0.16891891891891891
51 0.43267326732673267 0.6351351351351351 0.0297029702970297 0.18243243243243243
59 0.5297029702970297 0.6486486486486487 0.033663366336633666 0.17567567567567569
40 0.6316831683168317 0.6621621621621622 0.0297029702970297 0.16891891891891891
40 0.6801980198019802 0.668918918918919 0.0297029702970297 0.16891891891891891
26 0.7227722772277227 0.6655405405405406 0.033663366336633666 0.17567567567567569
61 0.7732673267326733 0.668918918918919 0.033663366336633666 0.17567567567567569
38 0.8198019801980198 0.6722972972972973 0.031683168316831684 0.16891891891891891