40 0.08814827314508822 0.5927836293456651 0.02999098167380968 0.17068801333731937
40 0.1376301827299953 0.5763216251348174 0.031971179693611664 0.1708059529652127
25 0.1801813992455955 0.5602724096215967 0.03594309618828681 0.17779858897775613
53 0.27715926016807213 0.5240879624494166 0.035954616643358 0.18455534573451288
43 0.3256337900604715 0.49754979291738055 0.033951377713413645 0.17092389259310603
48 0.37412560063547756 0.4811467585204796 0.033951377713413645 0.17092389259310622
51 0.4216330724281183 0.4681810723159038 0.03001402258395206 0.18420152685083288
59 0.5186224538056662 0.43875338190048047 0.033962898168484836 0.177680649349863
40 0.6205623302327189 0.4090308424153236 0.02999098167380957 0.17068801333731937
40 0.6690483805801895 0.3892494296400444 0.029990981673809796 0.17068801333731937
26 0.7115880766407184 0.3664434573700668 0.033962898168484836 0.1776806493498628
61 0.7610642259980899 0.3466030747808409 0.033962898168484836 0.1776806493498628
38 0.8075815987808296 0.3336963583902117 0.031971179693611775 0.1708059529652127