40 0.09506744575932394 0.5949507604039291 0.026019065179134503 0.1631842479398521
40 0.14357653701693684 0.5934986206065818 0.027999263198936513 0.16326286992275135
25 0.18713513322504483 0.5918499258519863 0.033951377713413645 0.1702554926282057
53 0.28415331574027064 0.5889456462572913 0.031971179693611664 0.17017687064530643
43 0.3326508865428124 0.5807367497031871 0.0299679407636673 0.15658473514889384
48 0.3811599778004253 0.5792846099058395 0.03195965923854047 0.16342011388854988
51 0.42869049050320845 0.5845499158737992 0.028010783654007703 0.17001962667950812
59 0.5257144332459699 0.5850240146574827 0.031971179693611775 0.17017687064530643
40 0.6276946312657719 0.5890730467767926 0.02601906517913453 0.1631842479398521
40 0.6762037225233847 0.587620906979445 0.027999263198936513 0.16326286992275135
26 0.7187606992665205 0.5791761444766432 0.031971179693611775 0.17017687064530643
61 0.7682598895340346 0.5777633156707453 0.029990981673809796 0.17009824866240716
38 0.8147887827718453 0.5762325538904987 0.02798774274386521 0.1565061131659946