40 0.07672660443084366 0.20317696448606362 0.014569748165207078 0.07873557280057285
26 0.09671814263295257 0.2038416762536736 0.016373609804191638 0.0831308963069625
37 0.1185031283450463 0.20555768760857587 0.01515946412375774 0.07656959857358146
46 0.14059338616541514 0.2094460106957102 0.016359724298858597 0.07877359783201697
41 0.1629785019650593 0.21223867165886742 0.015756122834974923 0.07658227358406283
37 0.18447210107421094 0.2161396697564831 0.01515946412375774 0.07656959857358146
60 0.20687457375552143 0.2243789538133223 0.016380552556858125 0.08530954554443528
48 0.22924927542616583 0.2239036409202704 0.016949440257409222 0.07660762360502558
53 0.25164827673114304 0.23105360035837313 0.01697026851540889 0.08314357131744389
46 0.2737281204225121 0.23167394958929832 0.01695638301007578 0.07878627284249835
59 0.31761724946030767 0.2416355825062804 0.016380552556858125 0.08530954554443528
37 0.33970056452800995 0.24334525635594198 0.014569748165207045 0.07873557280057285
49 0.4062661959683918 0.2539145634933679 0.01576306558764141 0.0787609228215356
37 0.42835992516509386 0.25889221119923855 0.014562805412540625 0.07655692356310008
52 0.4510503130730132 0.26385718389462787 0.015770008340307833 0.08093957205900837
38 0.47283529878510694 0.2655731952495301 0.015159464123757672 0.07656959857358146
55 0.4958309588013013 0.2727104796771515 0.015770008340307968 0.08093957205900837
58 0.517917745245337 0.27550947814554944 0.016373609804191707 0.0831308963069625
43 0.5402959182923145 0.2761234898712339 0.015756122834974857 0.07658227358406283
43 0.5617964601541326 0.2822031372063224 0.015756122834974993 0.07658227358406283
59 0.6053837884599864 0.2910817830098088 0.016373609804191707 0.0831308963069625
48 0.6280602908625728 0.2916894572302526 0.01576306558764141 0.0787609228215356
60 0.6498626334563328 0.29885209167883675 0.01697026851540889 0.08314357131744389
43 0.671945948524035 0.3005617655284983 0.016366667051525015 0.08095224706948974
53 0.7603104511818436 0.317204382495772 0.01577695109297452 0.08311822129648114
37 0.7820919655176041 0.3178310692319378 0.015159464123757809 0.07656959857358146
46 0.8047823534255235 0.3227960419273271 0.016352781546192175 0.0765949485945442
60 0.8268760826222255 0.32777368963319786 0.01577695109297452 0.08311822129648114
37 0.848657596957986 0.3284003763693637 0.015152521371091117 0.0743909493361087
65 0.8707582689073545 0.33555667331270717 0.016373609804191707 0.08313089630696263
55 0.8919535386608975 0.33946400891556355 0.016380552556858396 0.08530954554443528
53 0.03296612532643034 0.3272085971788974 0.016970268515408837 0.08314357131744389
46 0.05534429837340799 0.3278226089045818 0.015763065587641446 0.0787609228215356
60 0.12132368523157243 0.34167256490869824 0.016373609804191638 0.0831308963069625
43 0.1431051995673329 0.34229925164486413 0.01635278154619211 0.0765949485945442
53 0.1655042008723101 0.3494492110829669 0.016380552556858125 0.08530954554443528
60 0.18759793006901215 0.3544268587888376 0.016373609804191707 0.08313089630696263
37 0.25326163068990176 0.3628365292045128 0.015166406876424227 0.07874824781105423
53 0.27625381932976284 0.3688844890133978 0.016373609804191707 0.0831308963069625
46 0.2980388050418566 0.37060050036830006 0.01695638301007578 0.07878627284249835
52 0.34282292214647797 0.38054312076956004 0.01697026851540889 0.08314357131744389
46 0.3648992944615137 0.38007414538174883 0.01694944025740936 0.07660762360502558
37 0.3869895522818826 0.38396246846888316 0.015159464123757809 0.07656959857358146
48 0.4317701980101707 0.39281576425140685 0.014562805412540625 0.07655692356310008
59 0.45356906922759743 0.39888907408125457 0.01577695109297452 0.08311822129648114
50 0.4759576564035749 0.4027710596631482 0.014583633670540155 0.08309287127551838
37 0.4983393008268859 0.404474396007569 0.015756122834974993 0.07658227358406283
63 0.5204330300235879 0.4094520437134398 0.015770008340307968 0.08093957205900837
60 0.5425198164676235 0.41225104218183767 0.015173349629090782 0.08092689704852699
40 0.09906374798897728 0.47178384493662046 0.014569748165207045 0.07873557280057285
10 0.1181533553715939 0.4702889199824798 0.015166406876424262 0.07874824781105423
51 0.14025402732096254 0.4774452169258233 0.015776951092974455 0.08311822129648114
48 0.16293052972354874 0.4780528911462671 0.016359724298858597 0.07877359783201697
53 0.1853260596521927 0.48411352596563345 0.016380552556858125 0.08530954554443528
40 0.25339722337595055 0.4990084440518014 0.014569748165207045 0.07873557280057285
10 0.2727816887378425 0.4964178569736837 0.01515946412375774 0.07656959857358146
53 0.2954824907747615 0.5046508035252821 0.016380552556858125 0.08530954554443528
55 0.3175692772187972 0.5074498019936801 0.016373609804191707 0.0831308963069625
40 0.3868302869886561 0.5212300454401488 0.014569748165207045 0.07873557280057285
29 0.40622516647954776 0.5219074322182402 0.016373609804191707 0.0831308963069625
48 0.42860681090285874 0.5236107685626611 0.01695638301007578 0.07878627284249835
53 0.4507074828522273 0.5307670655060046 0.016380552556858125 0.08530954554443528
55 0.47339092800748006 0.5335533889639211 0.016373609804191707 0.0831308963069625
37 0.5390511572520363 0.54087373476086 0.015159464123757809 0.07656959857358159
53 0.562050288644564 0.5491003438072177 0.016373609804191707 0.0831308963069625
46 0.583824860227658 0.5475483813059108 0.015756122834974993 0.07658227358406283
53 0.6274191312861782 0.55860567634687 0.016373609804191707 0.08313089630696238
37 0.6492041169982719 0.5603216877017722 0.014562805412540625 0.07655692356310008
56 0.6721997770144663 0.5674589721293936 0.01577695109297452 0.08311822129648114
48 0.6942761493295021 0.5669899967415823 0.0157491800823083 0.07440362434659006
51 0.7160784919232622 0.5741526311901666 0.015180292381757339 0.08310554628599988
48 0.7384531935939066 0.5736773182971147 0.01576306558764141 0.0787609228215356
53 0.7599537354557248 0.5797569656322031 0.01577695109297452 0.08311822129648114
46 0.7820335791470939 0.5803773148631283 0.015756122834974993 0.07658227358406283
56 0.8262245089168312 0.5914219348936062 0.016373609804191707 0.08313089630696238
61 0.8480164373815915 0.595316595485981 0.01577695109297452 0.08311822129648114
56 0.8701066952019603 0.5992049185731155 0.01697026851540889 0.08314357131744389
61 0.8918986236667205 0.6030995791654905 0.016380552556858396 0.08530954554443515
53 0.9136870807551476 0.605904915139129 0.016380552556858125 0.08530954554443515
60 0.936075667931125 0.6097869007210227 0.016373609804191707 0.08313089630696238
37 0.9581555116224941 0.6104072499519478 0.016352781546192175 0.07659494859454409
59 0.027239481199356767 0.589875255409661 0.016380552556858177 0.0853095455444354
37 0.04962112562266768 0.5915785917540819 0.015756122834974923 0.07658227358406283
49 0.11618328568671626 0.6010585742727713 0.016359724298858628 0.07877359783201685
37 0.13768382754853445 0.6071382216078599 0.015166406876424227 0.07874824781105434
52 0.160377686832787 0.6131925189219855 0.016373609804191707 0.08313089630696238
38 0.18215920116854745 0.6138192056581515 0.01515946412375774 0.07656959857358159
55 0.2042633444942493 0.6220648272202314 0.01636666705152515 0.08095224706948961
58 0.22635013093828488 0.6248638256886291 0.015770008340307968 0.08093957205900837
43 0.24932496269647972 0.6254651624038323 0.01635278154619211 0.07659494859454433
43 0.27081856180563135 0.6293661605014481 0.016359724298858597 0.07877359783201685