40 0.07495294013359992 0.25977966097165867 0.012779772031555527 0.07869754776912873
26 0.09464267760376698 0.26019793631754434 0.015173349629090782 0.08092689704852699
37 0.11672252129513604 0.25957758708661915 0.013966146701323373 0.07654424855261871
46 0.13939208094505576 0.2611485621036482 0.01515946412375774 0.07656959857358146
41 0.16146498188375832 0.2627068621101957 0.014562805412540557 0.07655692356310008
37 0.18294122411124367 0.264252487106262 0.013959203948656886 0.07436559931514594
60 0.20559689825583036 0.2701807605982365 0.01518029238175727 0.08310554628599975
48 0.22768021332353267 0.26847108674857495 0.015756122834974923 0.07658227358406283
53 0.25033935884445263 0.27331003562181305 0.015173349629090782 0.08092689704852699
46 0.2721208731802131 0.27268334888564716 0.015756122834974857 0.07658227358406283
59 0.31625626092861836 0.27906792275495157 0.015180292381757339 0.08310554628599975
37 0.33833610461998737 0.2784475735240264 0.013369487990106257 0.07653157354213734
49 0.4051514661473122 0.28313514855415056 0.014562805412540625 0.07655692356310008
37 0.4272208957096816 0.28578277317943457 0.013362545237439566 0.07435292430466457
52 0.44928685389571754 0.2895197224234549 0.014569748165207045 0.07873557280057285
38 0.47166502694269524 0.28890571069777043 0.013959203948656886 0.07436559931514594
55 0.49462250181922374 0.29375099707624924 0.014569748165207045 0.07873557280057285
58 0.5166954027579262 0.29530929708279685 0.015173349629090782 0.08092689704852699
43 0.5390735758049039 0.29469528535711237 0.01455586265987407 0.07437827432562731
43 0.5608446760116647 0.29733657247715567 0.014555862659873933 0.07437827432562731
59 0.6043834050488528 0.3037084713359786 0.015173349629090647 0.08092689704852699
48 0.6270633788277722 0.3020114724967985 0.01396614670132344 0.07654424855261871
60 0.6488275362818665 0.3068314088543145 0.015173349629090647 0.08092689704852699
43 0.6709073799732354 0.30621105962338935 0.015173349629090647 0.08092689704852699
53 0.7594868989546545 0.31571857101102957 0.014576690917873463 0.08091422203804562
37 0.7809700839348063 0.315085546769623 0.01395920394865675 0.07436559931514594
46 0.8036361722083929 0.31774584640538844 0.015152521371091117 0.0743909493361087
60 0.8260004597500374 0.32148913315464944 0.014576690917873463 0.08091422203804562
37 0.8474871161065225 0.31976678429450656 0.01395226119599033 0.07218695007767317
65 0.8701462616274424 0.32460573316774466 0.015173349629090647 0.08092689704852699
55 0.891320703122986 0.32723434527730655 0.015180292381757339 0.08310554628599975
53 0.03277373656473922 0.38852203986759143 0.015770008340307957 0.08093957205900837
46 0.055155380988050125 0.3868187035231706 0.014562805412540557 0.07655692356310008
60 0.12136366967515796 0.39476157739902246 0.0145766909178736 0.08091422203804562
43 0.14314518401091844 0.3941348906628566 0.015152521371091184 0.0743909493361087
53 0.1655060001762298 0.3989675020308541 0.014583633670540087 0.08309287127551838
60 0.1875754297385991 0.401615126656138 0.0145766909178736 0.08091422203804562
37 0.2532009452198228 0.4051880270465631 0.013966146701323373 0.07654424855261871
53 0.27586356211707597 0.40893765130106485 0.015173349629090782 0.08092689704852687
46 0.2982417351640536 0.4083236395753803 0.015756122834974923 0.07658227358406283
52 0.34297378162367614 0.4147208884551661 0.015770008340307968 0.08093957205900837
46 0.3650570966913785 0.4130112146055045 0.0157491800823083 0.07440362434659006
37 0.38712999763008094 0.41456951461205216 0.01395920394865675 0.07436559931514594
48 0.4321638448216453 0.41988377637834223 0.013369487990106257 0.07653157354213734
59 0.45393147365207276 0.4236143881171219 0.014583633670540155 0.08309287127551838
50 0.4763027039463839 0.4251790256289101 0.013383373495439232 0.08088887201708286
37 0.4986774056170283 0.4256543385219621 0.01455586265987407 0.07437827432562731
63 0.5207468351793976 0.428301963147246 0.014569748165207045 0.07873557280057285
60 0.5431145940973754 0.4309559252777707 0.013980032206656416 0.08090154702756412
40 0.10035196484917425 0.5283112176419898 0.013369487990106189 0.07653157354213734
10 0.11975725846906576 0.5243658570076893 0.013966146701323373 0.07654424855261859
51 0.1418232166551018 0.5281028062517098 0.013980032206656416 0.08090154702756412
48 0.164499719057688 0.527495132031266 0.01515946412375774 0.07656959857358146
53 0.18685706384666612 0.5334170680179997 0.01518029238175727 0.08310554628599963
40 0.25515018664670086 0.5424936290492729 0.013369487990106189 0.07653157354213734
10 0.27456242301925887 0.5363696191774997 0.013959203948656886 0.07436559931514594
53 0.29751642651945415 0.5423042301747149 0.015180292381757339 0.08310554628599975
55 0.3192875267262148 0.5449455172947582 0.014583633670540155 0.08309287127551838
40 0.3887774383250172 0.5529581037282576 0.013369487990106257 0.07653157354213734
29 0.4084741185478508 0.5511977298366706 0.015180292381757339 0.08310554628599963
48 0.4305539622392198 0.5505773806057455 0.015159464123757809 0.07656959857358146
53 0.4529147784045312 0.5554099919737429 0.015180292381757339 0.08310554628599963
55 0.47558433805445094 0.5569809669907718 0.015173349629090782 0.08092689704852687
37 0.5415116542676165 0.5594708802677012 0.01396614670132344 0.07654424855261859
53 0.564469129144145 0.56431616664618 0.015180292381757339 0.08310554628599988
46 0.5859592568769635 0.5615044931673007 0.014555862659873933 0.07437827432562731
53 0.6297893725170937 0.5700613787688371 0.014576690917873463 0.08091422203804562
37 0.6515743582291873 0.5683453674139348 0.013362545237439566 0.07435292430466457
56 0.6745318331057159 0.5731906537924137 0.014576690917873463 0.08091422203804562
48 0.6966151481734182 0.5714809799427522 0.01395226119599033 0.07218695007767305
51 0.7183793056275124 0.5763009163002683 0.013986974959322971 0.08308019626503689
48 0.7407609500508232 0.5745975799558474 0.014562805412540625 0.07655692356310008
53 0.7625285788812507 0.578328191694627 0.014576690917873463 0.08091422203804562
46 0.7846084225726198 0.5777078424637018 0.014555862659873933 0.07437827432562731
56 0.8293404690322421 0.5841050913434875 0.015173349629090647 0.08092689704852687
61 0.8508132398833943 0.5867400409582901 0.014576690917873463 0.08091422203804562
56 0.8728861408220968 0.5882983409648377 0.015770008340307833 0.08093957205900837
61 0.8946607124051908 0.5898503034661448 0.014583633670540155 0.08309287127551838
53 0.9167336133438934 0.5914086034726922 0.015180292381757339 0.08310554628599988
60 0.9391013722618713 0.594062565603217 0.015173349629090647 0.08092689704852687
37 0.9608863579739649 0.5923465542483147 0.015159464123757809 0.07656959857358159
59 0.030442016714047546 0.6521069100755926 0.015180292381757287 0.08310554628599988
37 0.05252533178174987 0.6503972362259312 0.013966146701323373 0.07654424855261859
49 0.11934069330907467 0.6550848112560553 0.014562805412540557 0.07655692356310008
37 0.14081346416022675 0.657719760870858 0.013966146701323373 0.07654424855261859
52 0.1634726096811467 0.662558709744096 0.01518029238175727 0.08310554628599988
38 0.1852541240169072 0.6619320230079303 0.013959203948656886 0.07436559931514582
55 0.20761146880588527 0.667853958994664 0.015166406876424227 0.07874824781105434
58 0.22998617047652967 0.6683292718877158 0.0145766909178736 0.08091422203804537
43 0.25265920150278265 0.6688109222860086 0.015152521371091184 0.07439094933610882
43 0.2744337730858766 0.6703628847873155 0.014562805412540488 0.07655692356310008