40 0.07458233890214797 0.28540305010893247 0.011933174224343675 0.0784313725490196
26 0.09427207637231504 0.28431372549019607 0.014319809069212411 0.08061002178649238
37 0.11634844868735084 0.28104575163398693 0.013126491646778043 0.07625272331154684
46 0.13902147971360382 0.28104575163398693 0.014319809069212411 0.07625272331154684
41 0.1610978520286396 0.28104575163398693 0.013723150357995227 0.07625272331154684
37 0.18257756563245822 0.28104575163398693 0.013126491646778043 0.07407407407407407
60 0.2052505966587112 0.28431372549019607 0.014319809069212411 0.08278867102396514
48 0.22732696897374702 0.28104575163398693 0.014916467780429593 0.07625272331154684
53 0.25 0.28431372549019607 0.014319809069212411 0.08061002178649238
46 0.2717780429594272 0.28104575163398693 0.014916467780429593 0.07625272331154684
59 0.31593078758949883 0.28431372549019607 0.014319809069212411 0.08278867102396514
37 0.3380071599045346 0.28104575163398693 0.012529832935560859 0.07625272331154684
49 0.4048329355608592 0.28104575163398693 0.013723150357995227 0.07625272331154684
37 0.426909307875895 0.28104575163398693 0.012529832935560859 0.07407407407407407
52 0.44928400954653935 0.28322440087145967 0.013723150357995227 0.0784313725490196
38 0.4713603818615752 0.28104575163398693 0.013126491646778043 0.07407407407407407
55 0.4946300715990454 0.28322440087145967 0.013723150357995227 0.0784313725490196
58 0.5167064439140812 0.28322440087145967 0.014319809069212411 0.08061002178649238
43 0.5390811455847255 0.28104575163398693 0.013723150357995227 0.07407407407407407
43 0.5608591885441527 0.28104575163398693 0.013723150357995227 0.07407407407407407
59 0.6044152744630071 0.28431372549019607 0.014319809069212411 0.08061002178649238
48 0.6270883054892601 0.28104575163398693 0.013126491646778043 0.07625272331154684
60 0.6488663484486874 0.28322440087145967 0.014319809069212411 0.08061002178649238
43 0.6709427207637232 0.28104575163398693 0.014319809069212411 0.08061002178649238
53 0.7595465393794749 0.28322440087145967 0.013723150357995227 0.08061002178649238
37 0.7810262529832935 0.28104575163398693 0.013126491646778043 0.07407407407407407
46 0.8036992840095465 0.28104575163398693 0.014319809069212411 0.07407407407407407
60 0.826073985680191 0.28322440087145967 0.013723150357995227 0.08061002178649238
37 0.8475536992840096 0.27995642701525053 0.013126491646778043 0.0718954248366013
65 0.8702267303102625 0.2821350762527233 0.014319809069212411 0.08061002178649238
55 0.8914081145584726 0.28322440087145967 0.014319809069212411 0.08278867102396514
53 0.03341288782816229 0.41721132897603486 0.014916467780429593 0.08061002178649238
46 0.05578758949880668 0.4139433551198257 0.013723150357995227 0.07625272331154684
60 0.12201670644391407 0.41612200435729846 0.013723150357995227 0.08061002178649238
43 0.14379474940334128 0.4139433551198257 0.014319809069212411 0.07407407407407407
53 0.16646778042959426 0.41721132897603486 0.013723150357995227 0.08278867102396514
60 0.18854415274463007 0.41721132897603486 0.013723150357995227 0.08061002178649238
37 0.2541766109785203 0.4150326797385621 0.013126491646778043 0.07625272331154684
53 0.27684964200477324 0.41721132897603486 0.014319809069212411 0.08061002178649238
46 0.29922434367541767 0.4150326797385621 0.014916467780429593 0.07625272331154684
52 0.34397374701670647 0.41721132897603486 0.014916467780429593 0.08061002178649238
46 0.36605011933174225 0.4139433551198257 0.014916467780429593 0.07407407407407407
37 0.38812649164677804 0.4139433551198257 0.013126491646778043 0.07407407407407407
48 0.4331742243436754 0.4150326797385621 0.012529832935560859 0.07625272331154684
59 0.4549522673031026 0.41721132897603486 0.013723150357995227 0.08278867102396514
50 0.477326968973747 0.41612200435729846 0.012529832935560859 0.08061002178649238
37 0.4997016706443914 0.4150326797385621 0.013723150357995227 0.07407407407407407
63 0.5217780429594272 0.41612200435729846 0.013723150357995227 0.0784313725490196
60 0.5441527446300716 0.41612200435729846 0.013126491646778043 0.08061002178649238
40 0.10232696897374702 0.55119825708061 0.012529832935560859 0.07625272331154684
10 0.12171837708830549 0.545751633986928 0.013126491646778043 0.07625272331154684
51 0.14379474940334128 0.5479302832244008 0.013126491646778043 0.08061002178649238
48 0.16646778042959426 0.545751633986928 0.014319809069212411 0.07625272331154684
53 0.18884248210023866 0.5490196078431373 0.014319809069212411 0.08278867102396514
40 0.2571599045346062 0.5522875816993464 0.012529832935560859 0.07625272331154684
10 0.27655131264916466 0.5446623093681917 0.013126491646778043 0.07407407407407407
53 0.29952267303102625 0.5490196078431373 0.014319809069212411 0.08278867102396514
55 0.32130071599045346 0.5490196078431373 0.013723150357995227 0.08278867102396514
40 0.39081145584725535 0.55119825708061 0.012529832935560859 0.07625272331154684
29 0.4105011933174224 0.5479302832244008 0.014319809069212411 0.08278867102396514
48 0.43257756563245825 0.545751633986928 0.014319809069212411 0.07625272331154684
53 0.4549522673031026 0.5490196078431373 0.014319809069212411 0.08278867102396514
55 0.47762529832935563 0.5479302832244008 0.014319809069212411 0.08061002178649238
37 0.5435560859188544 0.5446623093681917 0.013126491646778043 0.07625272331154684
53 0.5665274463007159 0.5479302832244008 0.014319809069212411 0.08278867102396514
46 0.5880071599045346 0.5435729847494554 0.013723150357995227 0.07407407407407407
53 0.6318615751789977 0.5479302832244008 0.013723150357995227 0.08061002178649238
37 0.6536396181384249 0.5446623093681917 0.012529832935560859 0.07407407407407407
56 0.6766109785202864 0.5479302832244008 0.013723150357995227 0.08061002178649238
48 0.6986873508353222 0.5435729847494554 0.013126491646778043 0.0718954248366013
51 0.7204653937947494 0.5468409586056645 0.013126491646778043 0.08278867102396514
48 0.7428400954653938 0.5435729847494554 0.013723150357995227 0.07625272331154684
53 0.764618138424821 0.545751633986928 0.013723150357995227 0.08061002178649238
46 0.7866945107398569 0.5424836601307189 0.013723150357995227 0.07407407407407407
56 0.8314439140811456 0.545751633986928 0.014319809069212411 0.08061002178649238
61 0.8529236276849642 0.545751633986928 0.013723150357995227 0.08061002178649238
56 0.875 0.545751633986928 0.014916467780429593 0.08061002178649238
61 0.8967780429594272 0.545751633986928 0.013723150357995227 0.08278867102396514
53 0.918854415274463 0.545751633986928 0.014319809069212411 0.08278867102396514
60 0.9412291169451074 0.545751633986928 0.014319809069212411 0.08061002178649238
37 0.9630071599045346 0.5424836601307189 0.014319809069212411 0.07625272331154684
59 0.03341288782816229 0.6808278867102396 0.014319809069212411 0.08278867102396514
37 0.05548926014319809 0.6775599128540305 0.013126491646778043 0.07625272331154684
49 0.12231503579952267 0.6764705882352942 0.013723150357995227 0.07625272331154684
37 0.14379474940334128 0.6775599128540305 0.013126491646778043 0.07625272331154684
52 0.16646778042959426 0.6808278867102396 0.014319809069212411 0.08278867102396514
38 0.1882458233890215 0.6775599128540305 0.013126491646778043 0.07407407407407407
55 0.21062052505966586 0.681917211328976 0.014319809069212411 0.0784313725490196
58 0.23299522673031026 0.6808278867102396 0.013723150357995227 0.08061002178649238
43 0.25566825775656327 0.6786492374727668 0.014319809069212411 0.07407407407407407
43 0.27744630071599047 0.6786492374727668 0.013723150357995227 0.07625272331154684