40 0.07458233890214797 0.23202614379084968 0.013723150357995227 0.0784313725490196
26 0.09457040572792363 0.23202614379084968 0.015513126491646777 0.08278867102396514
37 0.11664677804295942 0.23202614379084968 0.014319809069212411 0.07625272331154684
46 0.13872315035799523 0.23529411764705882 0.015513126491646777 0.0784313725490196
41 0.1610978520286396 0.2374727668845316 0.014916467780429593 0.07625272331154684
37 0.18257756563245822 0.24074074074074073 0.014319809069212411 0.07625272331154684
60 0.20495226730310262 0.24727668845315903 0.015513126491646777 0.08496732026143791
48 0.22732696897374702 0.24618736383442266 0.016109785202863963 0.07625272331154684
53 0.24970167064439142 0.25272331154684097 0.016109785202863963 0.08278867102396514
46 0.2717780429594272 0.25163398692810457 0.016109785202863963 0.0784313725490196
59 0.3156324582338902 0.26034858387799564 0.015513126491646777 0.08496732026143791
37 0.33770883054892603 0.26034858387799564 0.013723150357995227 0.0784313725490196
49 0.40423627684964203 0.2690631808278867 0.014916467780429593 0.0784313725490196
37 0.4263126491646778 0.27233115468409586 0.013723150357995227 0.07625272331154684
52 0.44898568019093077 0.2766884531590414 0.014916467780429593 0.08061002178649238
38 0.47076372315035797 0.2777777777777778 0.014319809069212411 0.07625272331154684
55 0.49403341288782815 0.28322440087145967 0.014916467780429593 0.08061002178649238
58 0.516109785202864 0.28540305010893247 0.015513126491646777 0.08278867102396514
43 0.5384844868735084 0.28540305010893247 0.014916467780429593 0.07625272331154684
43 0.559964200477327 0.289760348583878 0.014916467780429593 0.07625272331154684
59 0.6035202863961814 0.2973856209150327 0.015513126491646777 0.08278867102396514
48 0.6261933174224343 0.2973856209150327 0.014916467780429593 0.0784313725490196
60 0.6479713603818615 0.3028322440087146 0.016109785202863963 0.08278867102396514
43 0.6700477326968973 0.30392156862745096 0.015513126491646777 0.08061002178649238
53 0.7583532219570406 0.31699346405228757 0.014916467780429593 0.08278867102396514
37 0.7801312649164678 0.31699346405228757 0.014319809069212411 0.07625272331154684
46 0.8028042959427207 0.3202614379084967 0.015513126491646777 0.07625272331154684
60 0.8248806682577565 0.32461873638344224 0.014916467780429593 0.08278867102396514
37 0.8466587112171837 0.32461873638344224 0.014319809069212411 0.07407407407407407
65 0.8687350835322196 0.3300653594771242 0.015513126491646777 0.08278867102396514
55 0.8902147971360382 0.3333333333333333 0.015513126491646777 0.08496732026143791
53 0.031026252983293555 0.3572984749455338 0.016109785202863963 0.08278867102396514
46 0.053400954653937946 0.3572984749455338 0.014916467780429593 0.0784313725490196
60 0.11963007159904535 0.3681917211328976 0.015513126491646777 0.08278867102396514
43 0.14140811455847255 0.3681917211328976 0.015513126491646777 0.07625272331154684
53 0.16378281622911695 0.3747276688453159 0.015513126491646777 0.08496732026143791
60 0.18585918854415273 0.3779956427015251 0.015513126491646777 0.08278867102396514
37 0.251491646778043 0.38453159041394336 0.014319809069212411 0.0784313725490196
53 0.2744630071599045 0.3888888888888889 0.015513126491646777 0.08278867102396514
46 0.2962410501193317 0.3899782135076253 0.016109785202863963 0.0784313725490196
52 0.3409904534606205 0.39760348583877997 0.016109785202863963 0.08278867102396514
46 0.3630668257756563 0.39651416122004357 0.016109785202863963 0.07625272331154684
37 0.38514319809069214 0.3997821350762527 0.014319809069212411 0.07625272331154684
48 0.4298926014319809 0.40631808278867104 0.013723150357995227 0.07625272331154684
59 0.4519689737470167 0.4117647058823529 0.014916467780429593 0.08278867102396514
50 0.4743436754176611 0.4139433551198257 0.013723150357995227 0.08278867102396514
37 0.49671837708830546 0.4150326797385621 0.014916467780429593 0.07625272331154684
63 0.5187947494033412 0.41938997821350765 0.014916467780429593 0.08061002178649238
60 0.540871121718377 0.4215686274509804 0.014319809069212411 0.08061002178649238
40 0.09755369928400955 0.5 0.013723150357995227 0.0784313725490196
10 0.11664677804295942 0.49673202614379086 0.014319809069212411 0.0784313725490196
51 0.13872315035799523 0.5032679738562091 0.014916467780429593 0.08278867102396514
48 0.16139618138424822 0.5032679738562091 0.015513126491646777 0.0784313725490196
53 0.18377088305489261 0.5087145969498911 0.015513126491646777 0.08496732026143791
40 0.25178997613365156 0.5206971677559913 0.013723150357995227 0.0784313725490196
10 0.27118138424821003 0.5163398692810458 0.014319809069212411 0.07625272331154684
53 0.293854415274463 0.5239651416122004 0.015513126491646777 0.08496732026143791
55 0.31593078758949883 0.5261437908496732 0.015513126491646777 0.08278867102396514
40 0.3854415274463007 0.5370370370370371 0.013723150357995227 0.0784313725490196
29 0.4048329355608592 0.5370370370370371 0.015513126491646777 0.08278867102396514
48 0.42720763723150357 0.5370370370370371 0.016109785202863963 0.0784313725490196
53 0.44928400954653935 0.5435729847494554 0.015513126491646777 0.08496732026143791
55 0.47195704057279236 0.545751633986928 0.015513126491646777 0.08278867102396514
37 0.5375894988066826 0.5501089324618736 0.014319809069212411 0.07625272331154684
53 0.5605608591885441 0.5566448801742919 0.015513126491646777 0.08278867102396514
46 0.5823389021479713 0.5544662309368191 0.014916467780429593 0.07625272331154684
53 0.6258949880668258 0.5642701525054467 0.015513126491646777 0.08278867102396514
37 0.647673031026253 0.5642701525054467 0.013723150357995227 0.07625272331154684
56 0.6706443914081146 0.5708061002178649 0.014916467780429593 0.08278867102396514
48 0.6927207637231504 0.5697167755991286 0.014916467780429593 0.07407407407407407
51 0.7144988066825776 0.5751633986928104 0.014319809069212411 0.08278867102396514
48 0.736873508353222 0.5740740740740741 0.014916467780429593 0.0784313725490196
53 0.7583532219570406 0.579520697167756 0.014916467780429593 0.08278867102396514
46 0.7804295942720764 0.579520697167756 0.014916467780429593 0.07625272331154684
56 0.8248806682577565 0.5882352941176471 0.015513126491646777 0.08278867102396514
61 0.8466587112171837 0.5915032679738562 0.014916467780429593 0.08278867102396514
56 0.8687350835322196 0.593681917211329 0.016109785202863963 0.08278867102396514
61 0.8905131264916468 0.5969498910675382 0.015513126491646777 0.08496732026143791
53 0.912291169451074 0.599128540305011 0.015513126491646777 0.08496732026143791
60 0.9346658711217184 0.6023965141612201 0.015513126491646777 0.08278867102396514
37 0.9567422434367542 0.6013071895424836 0.015513126491646777 0.07625272331154684
59 0.025954653937947495 0.6209150326797386 0.015513126491646777 0.08496732026143791
37 0.04832935560859188 0.6209150326797386 0.014916467780429593 0.07625272331154684
49 0.11485680190930787 0.6285403050108932 0.015513126491646777 0.0784313725490196
37 0.1363365155131265 0.6328976034858388 0.014319809069212411 0.0784313725490196
52 0.1590095465393795 0.6383442265795207 0.015513126491646777 0.08278867102396514
38 0.1807875894988067 0.6383442265795207 0.014319809069212411 0.07625272331154684
55 0.20286396181384247 0.644880174291939 0.015513126491646777 0.08061002178649238
58 0.2249403341288783 0.6470588235294118 0.014916467780429593 0.08061002178649238
43 0.24791169451073986 0.6470588235294118 0.015513126491646777 0.07625272331154684
43 0.2693914081145585 0.6503267973856209 0.015513126491646777 0.0784313725490196