40 0.37556415215989686 0.2931769722814499 0.027079303675048357 0.12366737739872068
40 0.4142488716956802 0.30810234541577824 0.02385557704706641 0.1257995735607676
23 0.4480980012894907 0.31023454157782515 0.028368794326241134 0.13432835820895522
14 0.48484848484848486 0.3208955223880597 0.026434558349451968 0.1300639658848614
30 0.5241779497098646 0.3358208955223881 0.027724049000644745 0.13432835820895522
28 0.5606060606060606 0.3411513859275053 0.029013539651837523 0.13432835820895522
25 0.5986460348162476 0.35287846481876334 0.027079303675048357 0.13646055437100213
23 0.6747259832366216 0.37100213219616207 0.028368794326241134 0.13219616204690832
10 0.7117988394584139 0.3773987206823028 0.025789813023855575 0.1279317697228145
24 0.7508059316569955 0.39552238805970147 0.027724049000644745 0.14712153518123666
19 0.7888459058671825 0.40298507462686567 0.024500322372662798 0.1300639658848614
22 0.8243068987749839 0.4125799573560768 0.025789813023855575 0.13432835820895522
10 0.8629916183107672 0.42217484008528783 0.025145067698259187 0.1257995735607676
40 0.4932301740812379 0.6812366737739872 0.027079303675048357 0.1279317697228145
40 0.5319148936170213 0.6918976545842217 0.02385557704706641 0.13219616204690832
23 0.564474532559639 0.6950959488272921 0.027724049000644745 0.13432835820895522
14 0.6038039974210186 0.7014925373134329 0.027724049000644745 0.1279317697228145
30 0.6408768536428111 0.7153518123667377 0.027079303675048357 0.13432835820895522
28 0.6779497098646035 0.7249466950959488 0.02385557704706641 0.1300639658848614
25 0.7179239200515797 0.7356076759061834 0.028368794326241134 0.13432835820895522
23 0.7917472598323663 0.7547974413646056 0.029013539651837523 0.13432835820895522
10 0.8284977433913604 0.7590618336886994 0.02321083172147002 0.1257995735607676
24 0.869116698903933 0.7782515991471215 0.032237266279819474 0.14285714285714285
19 0.9052224371373307 0.7825159914712153 0.025789813023855575 0.13219616204690832
22 0.6083172147001934 0.9104477611940298 0.026434558349451968 0.13432835820895522
10 0.6453900709219859 0.9157782515991472 0.026434558349451968 0.13646055437100213