40 0.3742746615087041 0.23560767590618337 0.026434558349451968 0.11513859275053305
40 0.41328175370728565 0.23987206823027718 0.02321083172147002 0.11940298507462686
23 0.4464861379754997 0.23134328358208955 0.027724049000644745 0.1279317697228145
14 0.4835589941972921 0.2302771855010661 0.025789813023855575 0.12366737739872068
30 0.5228884590586719 0.23347547974413646 0.027079303675048357 0.1279317697228145
28 0.5593165699548678 0.22707889125799574 0.028368794326241134 0.1279317697228145
25 0.5970341715022566 0.22707889125799574 0.026434558349451968 0.1300639658848614
23 0.6731141199226306 0.22174840085287847 0.027724049000644745 0.1257995735607676
10 0.7101869761444229 0.21855010660980811 0.025145067698259187 0.12153518123667377
24 0.7491940683430045 0.22388059701492538 0.027079303675048357 0.14072494669509594
19 0.7872340425531915 0.21855010660980811 0.02385557704706641 0.12366737739872068
22 0.8226950354609929 0.21641791044776118 0.025145067698259187 0.1279317697228145
10 0.8613797549967763 0.21535181236673773 0.025145067698259187 0.11940298507462686
40 0.49742101869761446 0.5884861407249466 0.026434558349451968 0.12153518123667377
40 0.5361057382333978 0.5874200426439232 0.02321083172147002 0.1257995735607676
23 0.5686653771760155 0.579957356076759 0.027079303675048357 0.1279317697228145
14 0.6079948420373952 0.5746268656716418 0.027079303675048357 0.12153518123667377
30 0.6450676982591876 0.5767590618336887 0.026434558349451968 0.1279317697228145
28 0.6824629271437782 0.5756929637526652 0.02321083172147002 0.12366737739872068
25 0.7224371373307543 0.5735607675906184 0.027724049000644745 0.1279317697228145
23 0.7959381044487428 0.5714285714285714 0.028368794326241134 0.1279317697228145
10 0.8320438426821406 0.5628997867803838 0.02256608639587363 0.11940298507462686
24 0.8733075435203095 0.570362473347548 0.03159252095422308 0.13646055437100213
19 0.9090909090909091 0.5639658848614072 0.025145067698259187 0.1257995735607676
22 0.6157317859445519 0.7825159914712153 0.025789813023855575 0.1279317697228145
10 0.6528046421663443 0.7771855010660981 0.025789813023855575 0.1300639658848614