40 0.3668969241585 0.24315967048710418 0.026202439033397584 0.11875949381050896
40 0.40557414140320075 0.2430588093022576 0.022993716987580883 0.12283779802236168
23 0.4391421609351672 0.22939641404369188 0.027536943431085804 0.1316271060276869
14 0.47623002173912476 0.2229920084288251 0.025587702872131537 0.12725106083624838
30 0.5155557354549632 0.22178783154050688 0.026892198105489415 0.1315898884052386
28 0.5520176066610308 0.21009015314297105 0.028181688756682192 0.13166432365013506
25 0.5897464616450435 0.2047146279866795 0.026254955070975645 0.1336848669448373
23 0.6655415488580322 0.1896805765387785 0.027529441140003327 0.12949490986564
10 0.7026369119530723 0.18114397476186483 0.024935455255452526 0.12508164705175323
24 0.74163275071503 0.1820906028468176 0.026937211851985145 0.14438306537752008
19 0.7797064852350886 0.1702998803931612 0.023653466895342222 0.12713940796890366
22 0.8151787315795138 0.16505461691543846 0.024957962128700537 0.13147823553789398
10 0.8538822068430039 0.1574910691634277 0.02492795296437005 0.12294945088970634
40 0.4868974253607842 0.5805124376374136 0.026224945906645303 0.12515608229664962
40 0.5252747768159346 0.5740335967776503 0.0230162238608286 0.1292343865085024
23 0.5578681760684239 0.5625592241148039 0.026892198105489415 0.1315898884052385
14 0.5975500227569321 0.5517415556860504 0.026869691232241696 0.12519329991909803
30 0.6343042574614676 0.5485540531254781 0.026247452779893023 0.13155267078279034
28 0.6717144909282234 0.5421310386993873 0.023008721569745833 0.1271021903464555
25 0.7117037056973646 0.5355591537835035 0.027536943431085804 0.1316271060276869
23 0.7852346819796834 0.5227875601762182 0.028181688756682192 0.13166432365013506
10 0.8213779316684942 0.5100423925088831 0.022348971661984494 0.12280058039991353
24 0.862626627924498 0.5119248569962904 0.03143542454899433 0.1403791964105637
19 0.8984437538049691 0.5002643962212029 0.024950459837617768 0.129346039375847
22 0.6032660026323443 0.7592585052611417 0.025602707454296634 0.1315154531603422
10 0.6406912406812652 0.748571098510957 0.025610209745379257 0.1336476493223891