40 0.3755182364117138 0.22840671598025677 0.02704227821155616 0.11564718768070184
40 0.41454783675333623 0.23192062066349173 0.02384105972661522 0.11984955623282384
23 0.44770720473546854 0.22275299116399452 0.02839929329187166 0.128465174161772
14 0.4847744339215006 0.22097361970529528 0.026442549172041783 0.12416356757449512
30 0.524120779890161 0.22341522393030963 0.027754547966275273 0.12845276940737765
28 0.5605151285717956 0.21631776682088752 0.029044038617468054 0.1284775789161664
25 0.5982327301191844 0.21559208868881735 0.027121056712199533 0.1305725608150302
23 0.6742845433607574 0.2087978372651655 0.028388039220351307 0.1263329779997251
10 0.7113405184752691 0.20488626964441936 0.025786549774924745 0.12201896665805385
24 0.7503757458526517 0.20946627240867782 0.027822072395397995 0.14124594637965915
19 0.7883875848840376 0.20340390149429324 0.02450831319525232 0.12412635331131207
22 0.8238373237203186 0.20058944384055646 0.025820311989486106 0.1284155551441946
10 0.8625164162203417 0.19877906049587135 0.025775295703404387 0.11988677049600695
40 0.5005271424372586 0.5789158727096971 0.027076040426117522 0.12204377616684256
40 0.5392062349372817 0.577105489365012 0.023874821941176582 0.12624614471896475
23 0.5717264846295778 0.5690163627009326 0.027754547966275273 0.12845276940737776
14 0.6110278143121565 0.5629291822777593 0.02772078575171391 0.1220561809212368
30 0.6481119246054693 0.5643481050621305 0.02710980264067903 0.12844036465298328
28 0.6855015264542997 0.562562531226234 0.023863567869655933 0.1241139485569176
25 0.7254644825697553 0.5596612402917367 0.028399293291871956 0.12846517416177222
23 0.7989541956162233 0.5561149021287327 0.029044038617468054 0.12847757891616646
10 0.8350149175635393 0.5468914512344608 0.023196314401018832 0.11983715147842955
24 0.8763180076520298 0.5535602335203859 0.03231278153153171 0.13706838733632573
19 0.9120676110080681 0.5464751811653582 0.025809057917965457 0.12628335898214768
22 0.6198620301925569 0.7706694510246005 0.026465057315082495 0.12842795989858904
10 0.6569067512355482 0.7646256872418075 0.026476311386602995 0.13056015606063598