40 0.37636689730573314 0.23537075877373453 0.027491929684590365 0.1177917885971431
40 0.41539649637756243 0.2425178349007341 0.024283207638773514 0.12199415714926516
23 0.44857837377252874 0.23676009126590294 0.02882643408227858 0.1306097750782133
14 0.4856549811398624 0.23853946272460216 0.026877193523324315 0.12630816849093637
30 0.5250032017289487 0.2446266431477755 0.028181688756682192 0.1305973703238189
28 0.5614163080429795 0.24106311944696304 0.02947117940787497 0.13062217983260774
25 0.5991414118814508 0.2439209937410801 0.027544445722168572 0.13271716173147147
23 0.6752176091562835 0.24431865667859123 0.028818931791196108 0.12847757891616635
10 0.7126090868953326 0.24397203435244075 0.0262249459066456 0.12416356757449512
24 0.7513238155954466 0.25324510426429003 0.028226702503177922 0.14339054729610035
19 0.7893525363690097 0.25077869053048696 0.024942957546535 0.12627095422775333
22 0.8248135292768111 0.25146095202217683 0.026247452779893318 0.13056015606063584
10 0.8635019999581356 0.2532713353668619 0.02621744361556283 0.12203137141244821
40 0.4991692783736089 0.5980502063629991 0.027514436557838085 0.1241883770832837
40 0.5378577490549336 0.5998605897076842 0.02430571451202138 0.1283907456354059
23 0.5703986322698447 0.5951565393994822 0.028181688756682192 0.1305973703238189
14 0.6097168436946006 0.5927149351744678 0.028159181883434473 0.12420078183767817
30 0.6468047044985582 0.5976926008762374 0.027536943431085804 0.13058496556942467
28 0.6842036845286901 0.5994781747121337 0.02429821222093861 0.12625854947335896
25 0.7241778947156662 0.6002472694845842 0.02882643408227858 0.13060977507821336
23 0.7976863641247373 0.6037936076475883 0.02947117940787497 0.1306221798326076
10 0.8337695954848872 0.5980916854075318 0.02363846231317727 0.12198175239487068
24 0.8750670566329276 0.608480472417982 0.03272491520018711 0.13921298825276712
19 0.9108354176213623 0.6049045439627752 0.02623995048881055 0.12842795989858904
22 0.6168957703311162 0.800728108517985 0.026892198105489415 0.1305725608150302
10 0.6539573731162848 0.7982430876525904 0.026899700396572183 0.1327047569770771