52 0.049134734239802226 0.5255696582574505 0.023485784919653894 0.1668125403024566
37 0.08405438813349815 0.5260288877901075 0.021631644004944377 0.16408478295813259
59 0.12051915945611867 0.5224276761041923 0.021631644004944377 0.15872285266322642
37 0.15667490729295427 0.5134723328228493 0.022867737948084055 0.14534922172387496
59 0.19375772558714463 0.5152174540328833 0.02533992583436341 0.15881643705696827
37 0.22960444993819532 0.5049294268772925 0.023485784919653894 0.15608867971264412
65 0.26606922126081584 0.5093711106337365 0.024721878862793572 0.16148180480546437
37 0.3003708281829419 0.5031435246967176 0.021631644004944377 0.1614038178106795
52 0.40914709517923364 0.49235548703792914 0.022867737948084055 0.1667969429034996
37 0.4453028430160692 0.4860811089040394 0.0203955500618047 0.16137262301276556
59 0.48176761433868975 0.4851608623655772 0.023485784919653894 0.1614506100075503
37 0.5173053152039555 0.47890208163064446 0.023485784919653894 0.16145061000755043
59 0.6273176761433868 0.47612574461630114 0.023485784919653894 0.1668125403024566
37 0.6640914709517923 0.4684952865097279 0.022867737948084055 0.15875404746114036
59 0.700247218788628 0.4662423560970177 0.023485784919653894 0.16145061000755043
37 0.7351668726823238 0.4559777250398622 0.0203955500618047 0.1533297275704063
37 0.8442521631644005 0.4478628538290482 0.024721878862793572 0.15880083965801128
37 0.9168726823238567 0.44468967687787603 0.024103831891223733 0.1641471725539605
37 0.0865265760197775 0.7819986697760489 0.022867737948084055 0.15339211716623422
37 0.15667490729295427 0.7762069172732515 0.022867737948084055 0.16143501260859344
59 0.880716934487021 0.4496235724380392 0.024721878862793572 0.16684373510037054
59 0.04975278121137206 0.7909696104563488 0.024721878862793572 0.16148180480546453
65 0.1226823238566131 0.7757242916421591 0.024721878862793572 0.16416276995291762