52 0.04975139543422672 0.4622655931656628 0.023708717829591625 0.1674052815866627
37 0.08468003855816206 0.47073057177425076 0.02185098122278634 0.16463072887779617
59 0.12114840557287834 0.47525209229617027 0.021843789838594804 0.15926879858289
37 0.1573005577176182 0.47439608459628146 0.023061905321255613 0.14592636455323366
59 0.19439416308809584 0.4843107312669116 0.02555207166801384 0.15945597370571718
37 0.2302354939010029 0.482098643066394 0.02369433506120852 0.15668142099685037
65 0.26671464799200645 0.49466305903067287 0.024937620388539732 0.1621057429993656
37 0.30101625491413253 0.49639442891682345 0.021847385530690537 0.1619497637303431
52 0.4098033089867116 0.5099277946287776 0.02309067085802168 0.1673740857328583
37 0.4459590568235472 0.5117527520763419 0.02061129158755086 0.16188737202273404
59 0.4824310195303592 0.5189552377457145 0.023701526445400054 0.16204335129175654
37 0.517968720395625 0.5207489993394742 0.023701526445400054 0.16204335129175654
59 0.628002655487631 0.5423876522013966 0.02370871782959166 0.1674052815866627
37 0.6647746524499886 0.5429033229290388 0.023079883781734485 0.15933119029049908
59 0.7009357938249677 0.5487497280977827 0.023701526445400054 0.16204335129175654
37 0.7358500541805201 0.5464908461165582 0.020600504511263662 0.15384447658037478
37 0.8449497274309797 0.5627207749028676 0.024934024696444002 0.1594247778519125
37 0.9175864272048668 0.5784506308884372 0.024323169109065908 0.1647555122930143
37 0.08533245063909299 0.7267783412829224 0.023072692397542914 0.1539692599955929
37 0.1557987946282941 0.73703708148527 0.023083479473830215 0.16201215543795214
59 0.8814288815219835 0.5752851908671465 0.024944811772731196 0.16746767329427176
59 0.04856045367673544 0.7262626705552802 0.02493762038853975 0.1621057429993656
65 0.12179722196171351 0.7286188966573889 0.024941216080635535 0.16478670814681867