52 0.049134734239802226 0.4932975871313673 0.022867737948084055 0.16353887399463807
37 0.08405438813349815 0.4973190348525469 0.021013597033374538 0.16085790884718498
59 0.12051915945611867 0.4973190348525469 0.021013597033374538 0.1554959785522788
37 0.15667490729295427 0.49195710455764075 0.022249690976514216 0.14209115281501342
59 0.19375772558714463 0.4973190348525469 0.024721878862793572 0.1554959785522788
37 0.22960444993819532 0.4906166219839142 0.022867737948084055 0.15281501340482573
65 0.26606922126081584 0.49865951742627346 0.024103831891223733 0.1581769436997319
37 0.3003708281829419 0.4959785522788204 0.021013597033374538 0.1581769436997319
52 0.40914709517923364 0.4959785522788204 0.022249690976514216 0.16353887399463807
37 0.4453028430160692 0.4932975871313673 0.019777503090234856 0.1581769436997319
59 0.48176761433868975 0.4959785522788204 0.022867737948084055 0.1581769436997319
37 0.5173053152039555 0.4932975871313673 0.022867737948084055 0.1581769436997319
59 0.6273176761433868 0.5013404825737265 0.022867737948084055 0.16353887399463807
37 0.6640914709517923 0.4973190348525469 0.022249690976514216 0.1554959785522788
59 0.700247218788628 0.49865951742627346 0.022867737948084055 0.1581769436997319
37 0.7351668726823238 0.49195710455764075 0.019777503090234856 0.15013404825737264
37 0.8442521631644005 0.49463806970509383 0.024103831891223733 0.1554959785522788
37 0.9168726823238567 0.5 0.023485784919653894 0.16085790884718498
37 0.08529048207663782 0.7533512064343163 0.022249690976514216 0.15013404825737264
37 0.1557478368355995 0.7546916890080428 0.022249690976514216 0.1581769436997319
59 0.880716934487021 0.5013404825737265 0.024103831891223733 0.16353887399463807
59 0.048516687268232384 0.7587131367292225 0.024103831891223733 0.1581769436997319
65 0.12175525339925834 0.7506702412868632 0.024103831891223733 0.16085790884718498