40 0.08257437765634487 0.49591044553815083 0.024286581663630843 0.1398007150512288
21 0.1135397692774742 0.49865768453276565 0.022465088038858532 0.14432707694750083
37 0.14905889496053432 0.5024468556653207 0.025500910746812388 0.14439349052981762
50 0.1848816029143898 0.5028047279053975 0.022465088038858532 0.14432707694750083
37 0.2207043108682453 0.5065872576797209 0.0230722525804493 0.13977414961830206
48 0.25713418336369154 0.5057902946919187 0.024893746205221615 0.1420971027905232
38 0.2920461445051609 0.5073096435181061 0.02185792349726776 0.1328982691168822
37 0.3272616879174256 0.517954771077386 0.022465088038858532 0.13976086690183873
53 0.3630843958712811 0.5240204058745405 0.024893746205221615 0.1420971027905232
46 0.3976927747419551 0.5289710535932061 0.024893746205221615 0.1375308927448611
40 0.4729811778992107 0.5375979693544881 0.0230722525804493 0.1374910445954709
26 0.5048573163327261 0.5380421792515767 0.025500910746812388 0.14439349052981773
58 0.5400728597449909 0.5441210967651946 0.022465088038858532 0.15574260206165608
55 0.5768063145112325 0.5444590449305763 0.024893746205221615 0.1420971027905232
65 0.6117182756527019 0.5505446038024258 0.024893746205221615 0.1466633128361853
43 0.647237401335762 0.5566168799578118 0.024893746205221615 0.1375308927448611
50 0.6830601092896175 0.5581163047093042 0.025500910746812388 0.14667659555264867
60 0.7179720704310868 0.5642018635811537 0.024286581663630843 0.13751761002839774
55 0.7534911961141469 0.5679910347137087 0.024286581663630843 0.1534993451882151
40 0.8633879781420765 0.5838517032164875 0.023679417122040074 0.15120295744892068
10 0.895264116575592 0.5808712555793295 0.023679417122040074 0.14663674740325858
53 0.9326047358834244 0.5869036835853255 0.02792956891317547 0.14216351637284014
46 0.9678202792956891 0.5918410485875278 0.024893746205221615 0.14438020781335426
40 0.041287188828172436 0.7125670949151942 0.023679417122040074 0.15348606247175173
26 0.0734669095324833 0.706155348385558 0.025500910746812388 0.14667659555264853
37 0.1092896174863388 0.7087963256484658 0.022465088038858532 0.13747776187900768
46 0.14602307225258046 0.7159835888823407 0.026108075288403157 0.1421236682234499
56 0.18123861566484517 0.718637848861712 0.023679417122040074 0.14891985242608963
37 0.21493624772313297 0.7247499731664881 0.026108075288403157 0.146689878269112
56 0.25136612021857924 0.7296607727357636 0.026108075288403157 0.14668987826911228
37 0.28536733454766244 0.7323415981480615 0.024286581663630843 0.14665003011972208
61 0.3224043715846995 0.7360975624894583 0.026108075288403157 0.1421236682234499
59 0.3573163327261688 0.7399000163384767 0.024893746205221615 0.1512295228818474
55 0.39162112932604737 0.747140410438205 0.024286581663630843 0.15121624016538418
50 0.42744383727990287 0.7497813877011128 0.026108075288403157 0.14897298329194333