40 0.08287795992714025 0.5506983247278644 0.0230722525804493 0.13749104459547115
21 0.11384335154826958 0.5488793536768171 0.021250758955676987 0.14201740649174305
37 0.1493624772313297 0.5481023147637101 0.024286581663630843 0.14208382007405984
50 0.18518518518518517 0.5438939769581247 0.021250758955676987 0.14201740649174305
37 0.22100789313904068 0.543110296686786 0.02185792349726776 0.1374644791625443
48 0.25743776563448695 0.5377471236533218 0.023679417122040074 0.13978743233476543
38 0.2923497267759563 0.534700262433847 0.020643594414086218 0.13058859866112432
37 0.327565270188221 0.5407791799474647 0.021250758955676987 0.13745119644608095
53 0.3633879781420765 0.5422786046989572 0.023679417122040074 0.13978743233476543
46 0.39799635701275043 0.5426630423719607 0.023679417122040074 0.13522122228910333
40 0.47358834244080145 0.5410093441722713 0.02185792349726776 0.13518137413971312
26 0.5051608986035215 0.5368939853819296 0.024286581663630843 0.1420838200740597
58 0.5406800242865817 0.5384000514916536 0.021250758955676987 0.1534329316058983
55 0.5774134790528234 0.5341717896113732 0.023679417122040074 0.13978743233476543
65 0.6123254401942927 0.5356911384375606 0.023679417122040074 0.14435364238042753
43 0.6478445658773527 0.5371972045472846 0.023679417122040074 0.13522122228910333
50 0.6836672738312083 0.5341304192531148 0.024286581663630843 0.1443669250968909
60 0.7185792349726776 0.5356497680793022 0.0230722525804493 0.13520793957263996
55 0.7540983606557377 0.5348727291661951 0.0230722525804493 0.15118967473245734
40 0.8639951426836673 0.5358932150205721 0.022465088038858532 0.14889328699316293
10 0.8958712811171827 0.5294881098491675 0.022465088038858532 0.14432707694750083
53 0.9332119004250152 0.5298127752980859 0.02671523982999393 0.13985384591708236
46 0.9687310261080753 0.5301772888963944 0.023679417122040074 0.14207053735759648
40 0.043412264723740136 0.7730228885125952 0.022465088038858532 0.15117639201599398
26 0.075591985428051 0.7620449319372969 0.024286581663630843 0.14436692509689103
37 0.1114146933819065 0.7601196991545426 0.021250758955676987 0.13516809142324965
46 0.14814814814814814 0.7627407523427555 0.024893746205221615 0.13981399776769216
56 0.18336369156041288 0.7608288022764645 0.022465088038858532 0.14661018197033188
37 0.21736490588949606 0.7623680751773471 0.024893746205221615 0.14438020781335426
56 0.2537947783849423 0.7615711121895449 0.024893746205221615 0.14438020781335426
37 0.2877959927140255 0.7608272800675963 0.0230722525804493 0.14434035966396405
61 0.32483302975106254 0.7588754818519152 0.024893746205221615 0.13981399776769216
59 0.35974499089253187 0.7581117256552715 0.023679417122040074 0.14891985242608938
55 0.39404978749241043 0.7607859097093379 0.0230722525804493 0.14890656970962615
50 0.42987249544626593 0.7588606769265835 0.024893746205221615 0.1466633128361853