40 0.08287795992714025 0.5525114155251142 0.0230722525804493 0.136986301369863
21 0.11384335154826958 0.5513698630136986 0.021250758955676987 0.1415525114155251
37 0.1493624772313297 0.5513698630136986 0.024286581663630843 0.1415525114155251
50 0.18518518518518517 0.547945205479452 0.021250758955676987 0.1415525114155251
37 0.22100789313904068 0.547945205479452 0.02185792349726776 0.136986301369863
48 0.25743776563448695 0.54337899543379 0.023679417122040074 0.13926940639269406
38 0.2923497267759563 0.541095890410959 0.020643594414086218 0.13013698630136986
37 0.327565270188221 0.547945205479452 0.021250758955676987 0.136986301369863
53 0.3633879781420765 0.5502283105022832 0.023679417122040074 0.13926940639269406
46 0.39799635701275043 0.5513698630136986 0.023679417122040074 0.13470319634703196
40 0.47358834244080145 0.5513698630136986 0.02185792349726776 0.13470319634703196
26 0.5051608986035215 0.547945205479452 0.024286581663630843 0.1415525114155251
58 0.5406800242865817 0.5502283105022832 0.021250758955676987 0.15296803652968036
55 0.5774134790528234 0.5468036529680366 0.023679417122040074 0.13926940639269406
65 0.6123254401942927 0.5490867579908676 0.023679417122040074 0.14383561643835616
43 0.6478445658773527 0.5513698630136986 0.023679417122040074 0.13470319634703196
50 0.6836672738312083 0.5490867579908676 0.024286581663630843 0.14383561643835616
60 0.7185792349726776 0.5513698630136986 0.0230722525804493 0.13470319634703196
55 0.7540983606557377 0.5513698630136986 0.0230722525804493 0.1506849315068493
40 0.8639951426836673 0.5547945205479452 0.022465088038858532 0.14840182648401826
10 0.8958712811171827 0.5490867579908676 0.022465088038858532 0.14383561643835616
53 0.9332119004250152 0.5502283105022832 0.02671523982999393 0.13926940639269406
46 0.9687310261080753 0.5513698630136986 0.023679417122040074 0.1415525114155251
40 0.043412264723740136 0.773972602739726 0.022465088038858532 0.1506849315068493
26 0.075591985428051 0.7636986301369864 0.024286581663630843 0.14383561643835616
37 0.1114146933819065 0.7625570776255708 0.021250758955676987 0.13470319634703196
46 0.14814814814814814 0.7659817351598174 0.024893746205221615 0.13926940639269406
56 0.18336369156041288 0.7648401826484018 0.022465088038858532 0.1461187214611872
37 0.21736490588949606 0.7671232876712328 0.024893746205221615 0.14383561643835616
56 0.2537947783849423 0.7671232876712328 0.024893746205221615 0.14383561643835616
37 0.2877959927140255 0.7671232876712328 0.0230722525804493 0.14383561643835616
61 0.32483302975106254 0.7659817351598174 0.024893746205221615 0.13926940639269406
59 0.35974499089253187 0.7659817351598174 0.023679417122040074 0.14840182648401826
55 0.39404978749241043 0.769406392694064 0.0230722525804493 0.14840182648401826
50 0.42987249544626593 0.7682648401826484 0.024893746205221615 0.1461187214611872