40 0.10230389467910038 0.47731397459165154 0.018102029621503018 0.10163339382940109
24 0.13000548546352167 0.4727767695099819 0.02029621503017005 0.10707803992740472
37 0.1609983543609435 0.46823956442831216 0.018102029621503018 0.09800362976406533
50 0.19281404278661546 0.47186932849364793 0.018650575973669776 0.10707803992740472
61 0.22709818979703786 0.4727767695099819 0.020844761382336808 0.1088929219600726
47 0.25891387822270984 0.46823956442831216 0.019747668678003292 0.0998185117967332
37 0.2907295666483818 0.4691470054446461 0.018102029621503018 0.10344827586206896
38 0.3546352166758091 0.4691470054446461 0.018650575973669776 0.0998185117967332
37 0.387822270981898 0.46823956442831216 0.018650575973669776 0.0998185117967332
53 0.45309928688974216 0.4727767695099819 0.021393307734503566 0.1088929219600726
48 0.4851892484914975 0.4691470054446461 0.019199122325836534 0.0998185117967332
40 0.5523861766319254 0.4764065335753176 0.01755348326933626 0.09800362976406533
13 0.5806363137685134 0.47005444646098005 0.02029621503017005 0.09800362976406533
37 0.6121777290181021 0.47005444646098005 0.018650575973669776 0.10344827586206896
53 0.6442676906198573 0.4727767695099819 0.020844761382336808 0.1088929219600726
37 0.7092704333516182 0.4691470054446461 0.018102029621503018 0.10163339382940109
53 0.7427317608337904 0.4727767695099819 0.02029621503017005 0.1088929219600726
46 0.7750959956116292 0.4691470054446461 0.021941854086670324 0.10707803992740472
59 0.06363137685134394 0.647005444646098 0.020844761382336808 0.10707803992740472
61 0.09517279210093253 0.6460980036297641 0.020844761382336808 0.10707803992740472
59 0.12781130005485464 0.647005444646098 0.02029621503017005 0.10707803992740472
48 0.15907844212835984 0.6433756805807622 0.02029621503017005 0.10163339382940109
40 0.2921009325287987 0.647912885662432 0.018102029621503018 0.10344827586206896
10 0.31980252331321996 0.6433756805807622 0.019199122325836534 0.10163339382940109
65 0.3535381239714756 0.647005444646098 0.020844761382336808 0.1088929219600726
47 0.4503565551289084 0.6424682395644283 0.02029621503017005 0.10344827586206896
48 0.48189797037849696 0.6442831215970962 0.02029621503017005 0.10526315789473684
53 0.5142622051563357 0.6451905626134301 0.020844761382336808 0.10707803992740472
41 0.5455293472298409 0.6442831215970962 0.02029621503017005 0.10526315789473684
48 0.5778935820076796 0.6442831215970962 0.020844761382336808 0.10163339382940109
40 0.7435545803620406 0.6506352087114338 0.018650575973669776 0.10344827586206896
24 0.772078990674712 0.6460980036297641 0.02029621503017005 0.1088929219600726
37 0.8030718595721339 0.6424682395644283 0.019199122325836534 0.10344827586206896
50 0.8354360943499726 0.6451905626134301 0.019199122325836534 0.10707803992740472
37 0.8672517827756445 0.6433756805807622 0.018650575973669776 0.10344827586206896
65 0.9322545255074054 0.6451905626134301 0.019747668678003292 0.1088929219600726
40 0.06692265496434449 0.8239564428312159 0.018102029621503018 0.10344827586206896
30 0.09572133845309928 0.8194192377495463 0.019199122325836534 0.10526315789473684
48 0.12753702687877125 0.8166969147005445 0.019747668678003292 0.10163339382940109
52 0.15935271530444323 0.8212341197822142 0.020844761382336808 0.10526315789473684
59 0.35381239714755897 0.8203266787658802 0.021941854086670324 0.10707803992740472
37 0.3850795392210642 0.8166969147005445 0.018650575973669776 0.10163339382940109
53 0.41826659352715306 0.8194192377495463 0.02029621503017005 0.10707803992740472
41 0.450082281952825 0.8176043557168784 0.021941854086670324 0.10163339382940109
37 0.48134942402633024 0.8157894736842105 0.018102029621503018 0.0998185117967332
51 0.5131651124520022 0.8203266787658802 0.01755348326933626 0.10707803992740472
48 0.5460778935820076 0.8166969147005445 0.021393307734503566 0.10163339382940109
59 0.6417992320351069 0.8212341197822142 0.020844761382336808 0.10707803992740472
37 0.6733406472846956 0.8166969147005445 0.018650575973669776 0.0998185117967332
53 0.7070762479429512 0.8212341197822142 0.020844761382336808 0.10707803992740472
41 0.7399890290729567 0.8157894736842105 0.019747668678003292 0.0998185117967332
37 0.7709818979703785 0.8166969147005445 0.018650575973669776 0.0998185117967332
51 0.8027975863960505 0.8212341197822142 0.018102029621503018 0.10707803992740472
48 0.8362589138782227 0.8157894736842105 0.021393307734503566 0.0998185117967332