40 0.0968184311574328 0.4573502722323049 0.019747668678003292 0.10163339382940109
24 0.12479429511793746 0.45644283121597096 0.021941854086670324 0.1088929219600726
37 0.1555128908392759 0.45462794918330307 0.019747668678003292 0.0998185117967332
50 0.18760285244103125 0.4618874773139746 0.02029621503017005 0.1088929219600726
61 0.2213384530992869 0.4664246823956443 0.022490400438837082 0.11070780399274047
47 0.2534284147010422 0.4646098003629764 0.021393307734503566 0.10163339382940109
37 0.2849698299506308 0.46823956442831216 0.019747668678003292 0.10344827586206896
38 0.34914975315414154 0.47368421052631576 0.02029621503017005 0.0998185117967332
37 0.382062534284147 0.4764065335753176 0.02029621503017005 0.10163339382940109
53 0.4476138233680746 0.48729582577132485 0.02303894679100384 0.11070780399274047
48 0.47970378496982996 0.48729582577132485 0.020844761382336808 0.0998185117967332
40 0.5463521667580911 0.5009074410163339 0.019199122325836534 0.0998185117967332
13 0.5748765770707625 0.49727767695099817 0.021941854086670324 0.0998185117967332
37 0.6066922654964344 0.5 0.02029621503017005 0.10526315789473684
53 0.6385079539221065 0.5054446460980037 0.022490400438837082 0.1088929219600726
37 0.7032364234777839 0.5081669691470054 0.019747668678003292 0.10163339382940109
53 0.7369720241360395 0.515426497277677 0.021941854086670324 0.11070780399274047
46 0.7693362589138782 0.515426497277677 0.023587493143170598 0.10707803992740472
59 0.055403181568842566 0.6243194192377496 0.022490400438837082 0.10707803992740472
61 0.08694459681843116 0.6261343012704175 0.022490400438837082 0.10707803992740472
59 0.11930883159626988 0.6297640653357531 0.021941854086670324 0.1088929219600726
48 0.1508502468458585 0.6297640653357531 0.021941854086670324 0.10344827586206896
40 0.2833241908941306 0.647005444646098 0.019747668678003292 0.10344827586206896
10 0.31130005485463524 0.6460980036297641 0.020844761382336808 0.10163339382940109
65 0.34503565551289084 0.6524500907441017 0.022490400438837082 0.1088929219600726
47 0.44185408667032366 0.6569872958257713 0.021941854086670324 0.10344827586206896
48 0.47312122874382884 0.661524500907441 0.021941854086670324 0.10526315789473684
53 0.5054854635216676 0.6660617059891107 0.022490400438837082 0.1088929219600726
41 0.5370268787712562 0.6678765880217786 0.021941854086670324 0.10707803992740472
48 0.5691168403730115 0.6705989110707804 0.021941854086670324 0.10344827586206896
40 0.734503565551289 0.6932849364791288 0.02029621503017005 0.10526315789473684
24 0.7630279758639605 0.691470054446461 0.021941854086670324 0.11070780399274047
37 0.7940208447613823 0.690562613430127 0.020844761382336808 0.10526315789473684
50 0.826385079539221 0.6969147005444646 0.020844761382336808 0.1088929219600726
37 0.8582007679648931 0.6978221415607986 0.02029621503017005 0.10526315789473684
65 0.9232035106966539 0.7068965517241379 0.021393307734503566 0.1088929219600726
40 0.055403181568842566 0.8021778584392014 0.019747668678003292 0.10344827586206896
30 0.08420186505759737 0.7994555353901996 0.020844761382336808 0.10526315789473684
48 0.11601755348326934 0.7994555353901996 0.021393307734503566 0.10344827586206896
52 0.14783324190894132 0.8076225045372051 0.022490400438837082 0.10707803992740472
59 0.34229292375205705 0.8257713248638838 0.023587493143170598 0.10707803992740472
37 0.3735600658255623 0.8248638838475499 0.019747668678003292 0.10344827586206896
53 0.40647284695556773 0.8312159709618875 0.021941854086670324 0.1088929219600726
41 0.43828853538123974 0.8321234119782214 0.023587493143170598 0.10163339382940109
37 0.4695556774547449 0.8330308529945554 0.019747668678003292 0.10163339382940109
51 0.5013713658804169 0.8411978221415608 0.019199122325836534 0.10707803992740472
48 0.5342841470104224 0.8402903811252269 0.02303894679100384 0.10344827586206896
59 0.6300054854635216 0.8539019963702359 0.022490400438837082 0.1088929219600726
37 0.6615469007131103 0.852087114337568 0.02029621503017005 0.0998185117967332
53 0.6952825013713659 0.8602540834845736 0.022490400438837082 0.1088929219600726
41 0.727921009325288 0.8575317604355717 0.021393307734503566 0.0998185117967332
37 0.7589138782227098 0.8620689655172413 0.02029621503017005 0.0998185117967332
51 0.7907295666483818 0.8693284936479129 0.019747668678003292 0.1088929219600726
48 0.8244651673066374 0.8666061705989111 0.02303894679100384 0.0998185117967332