40 0.09966600636987168 0.5059081118132714 0.019196345968682606 0.10452535790845634
24 0.12739632189087258 0.5020632493429902 0.021419256113929273 0.11009671954132903
37 0.15842270298097064 0.49750101915867845 0.019177196144296166 0.10089559384312059
50 0.19022881649444942 0.5011532764469482 0.019773617057428996 0.11000168289017719
61 0.224522538417065 0.50131832464661 0.02197737737828922 0.11194328045771412
47 0.25637173903541316 0.49680361278787416 0.02083241011298969 0.10280551252694031
37 0.2881922149171817 0.4977335470271421 0.019205920880875797 0.10634023994112422
38 0.3518427415929121 0.4977785334730101 0.019735317408656174 0.10274215475950568
37 0.3850441582672908 0.49697278288890334 0.019735317408656174 0.10274215475950568
53 0.45059065989512176 0.5016658505094513 0.022525923730455977 0.11197495934143155
48 0.4824350730573734 0.49805857966704964 0.02028386376082293 0.1027738336432229
40 0.5498871245494983 0.50558484642961 0.01862864979212953 0.10086391495940317
13 0.5779060756148724 0.49903350035218547 0.021371381552963323 0.10102230937798966
37 0.609457065776654 0.49904015413326086 0.01975446723304243 0.10637191882484143
53 0.6415422399223129 0.5018008098470553 0.021977377378289344 0.11194328045771412
37 0.7065832823028464 0.49829522943688054 0.019196345968682544 0.10452535790845634
53 0.7400350348728255 0.5020425233763022 0.021428831026122586 0.11191160157399692
46 0.772427994387244 0.4984669314176176 0.023064895170429735 0.11019175619248069
59 0.06090669141201064 0.6761360619402279 0.02196780246609603 0.11012839842504625
61 0.09246246902988903 0.6752352747049694 0.02196780246609603 0.11012839842504625
59 0.12510576443990776 0.6762127272698132 0.021419256113929273 0.11009671954132882
48 0.1564016312499926 0.6725737775436941 0.02139053137734964 0.1046520734433252
40 0.28944327147481785 0.6766261427797972 0.019205920880875797 0.10634023994112422
10 0.3171783744519153 0.6718738392931818 0.02029343867301606 0.10458871567589077
65 0.35090440019797775 0.675636972674462 0.02197737737828922 0.11194328045771412
47 0.4477754933724732 0.6712464444708874 0.02140010628954283 0.10646695547599308
48 0.4793169086220618 0.6730679802846307 0.021409681201736083 0.10828183750866116
53 0.5116859308559971 0.6740295934076158 0.02196780246609597 0.11012839842504625
41 0.5429674352977921 0.6731129667304986 0.021409681201736083 0.10828183750866095
48 0.5753412449878241 0.6731671388371498 0.021939077729516334 0.10468375232704262
40 0.7410213931665716 0.6791043976544306 0.01975446723304243 0.10637191882484143
24 0.7695745282158226 0.6753070535097252 0.021428831026122586 0.11191160157399671
37 0.8005961218498241 0.6716522643417474 0.02030301358520919 0.10640359770855864
50 0.8329555691715661 0.6744287594974006 0.02032216340959569 0.1100333617738944
37 0.8647904074216244 0.6726363706876666 0.01975446723304268 0.10637191882484122
65 0.929807512521675 0.6736679953591617 0.020880284673955828 0.1118799226902797
40 0.06408723511442357 0.8533246517532254 0.01920592088087581 0.10634023994112422
30 0.0929194307958546 0.8486357060340447 0.020312588497402567 0.10821847974122652
48 0.12475905650200958 0.8459358762079768 0.02084198502518288 0.10462039455960799
52 0.15656038255939175 0.8504955745125805 0.02195822755390284 0.10831351639237838
59 0.3510870887878599 0.8490215645616788 0.023064895170429485 0.11019175619248069
37 0.3823829555979447 0.8453826148355597 0.019744892320849302 0.10455703679217355
53 0.41556522244793703 0.8482066283167886 0.02141925611392921 0.11009671954132903
41 0.44740006069799537 0.8464142395070547 0.02303617043384985 0.10474711009447706
37 0.47868635259588704 0.8445901718136036 0.019186771056489416 0.10271047587578847
51 0.5104876786532693 0.8491498701182073 0.018676524353095417 0.10993832512274256
48 0.5434291845198542 0.8456059570432399 0.022487624081683092 0.10471543121076005
59 0.6391553104290503 0.8502264812355702 0.02196780246609597 0.11012839842504625
37 0.670730237871315 0.845695929934976 0.019735317408656174 0.10274215475950568
53 0.7044514761612808 0.85036650433259 0.02196780246609597 0.11012839842504625
41 0.7374025569400592 0.845007709224955 0.02083241011298969 0.10280551252694031
37 0.7684002132935775 0.8458901251386469 0.019735317408656174 0.10274215475950568
51 0.8002015393509597 0.8504498234432506 0.019225070705262175 0.10997000400645997
48 0.8337011664819047 0.8451227072193328 0.022478049169489964 0.10290054917809217