40 0.09920119611496456 0.4980542805310956 0.02139053137734964 0.1046520734433252
24 0.1271579102510828 0.492808893396179 0.023623016434789493 0.11203831710886598
37 0.15784778123584164 0.485590229810008 0.021380956465156448 0.10283719141065753
50 0.1899568926619834 0.4873667791778833 0.02197737737828922 0.11194328045771412
61 0.22369249332023902 0.48541852782927103 0.024181137699149504 0.11388487802525107
47 0.25575373018541475 0.47812066703380685 0.023036170433849913 0.10474711009447706
37 0.28729514543500334 0.4762991312200637 0.02140010628954283 0.10646695547599329
38 0.35146549372632085 0.4707778197924748 0.021929502817323206 0.10286887029437475
37 0.3843734874002297 0.46796964575310446 0.021939077729516334 0.10468375232704262
53 0.4502181994846271 0.4677979437723675 0.024729684051316262 0.11391655690896829
48 0.482289011261996 0.4623149650095712 0.022478049169489964 0.10290054917809206
40 0.5489661177868368 0.4639106267359261 0.02083241011298969 0.10280551252694022
13 0.5774522284507353 0.45500379665195634 0.02357514187382348 0.1029639069455266
37 0.6092631294203107 0.45225898038002066 0.02195822755390284 0.10831351639237838
53 0.6410883927581758 0.45223648715708664 0.024171562786956376 0.1120699959925832
37 0.7057929250333703 0.4439611737967787 0.021390531377349576 0.1046520734433254
53 0.7395476755160123 0.4456426865135021 0.023632591346982746 0.11385319914153386
46 0.7718927604694646 0.4401438683088472 0.025259080579096517 0.11031847172734996
59 0.060610687961216096 0.6718415122458536 0.024161987874763063 0.11025511395991532
61 0.09214252829861148 0.6682050943994426 0.024161987874763063 0.11025511395991532
59 0.12450676307645019 0.6663360402601234 0.023623016434789493 0.11203831710886598
48 0.15602902850165237 0.6608847403810445 0.02359429169820986 0.10659367101086235
40 0.2885125474621177 0.6550491719959909 0.02140010628954283 0.10646695547599308
10 0.3164692615982359 0.6498037848610742 0.022487624081683092 0.10471543121075984
65 0.35021922462478133 0.6505778565614636 0.02417156278695625 0.1120699959925832
47 0.4469993561334413 0.6377270054546934 0.023594291698209986 0.10659367101086235
48 0.4782712856630431 0.6368287500991427 0.023603866610403115 0.10840855304353023
53 0.5106403078969785 0.6358671369761576 0.02417156278695625 0.1120699959925832
41 0.5421721482343738 0.6322307191297466 0.023613441522596243 0.1102234350761981
48 0.5742573223800326 0.6294700634159521 0.023594291698209986 0.10659367101086235
40 0.7399374705587799 0.6235328045986713 0.02195822755390284 0.10831351639237838
24 0.7684331561348718 0.6164408565473695 0.023632591346982746 0.11385319914153386
37 0.7994020877518105 0.6101137945356738 0.0225067739060696 0.1083451952760956
50 0.831780684897939 0.6109670634453566 0.0225259237304561 0.11197495934143155
37 0.8635820109553213 0.6064073651407529 0.02195822755390284 0.10831351639237838
65 0.9285943285992753 0.6044682994529238 0.02307447008262286 0.11200663822514856
40 0.0634689415887341 0.8495890753542951 0.021400106289542843 0.10646695547599308
30 0.09196462716482591 0.8424971273029933 0.0225067739060696 0.1083451952760956
48 0.12376116576611144 0.8370299879820556 0.023045745346043135 0.10656199212714493
52 0.15587506464834983 0.8397139783662648 0.024161987874763063 0.11025511395991532
59 0.3503108092109825 0.8239466090068218 0.025259080579096517 0.11031847172734996
37 0.38155401400400474 0.8176037075532675 0.02140010628954283 0.10646695547599329
53 0.4144811575023 0.818425297579233 0.023623016434789493 0.11203831710886598
41 0.44628248355968225 0.8138655992746292 0.025230355842516882 0.10487382562934633
37 0.47753526326489765 0.8093375798537429 0.021390531377349576 0.1046520734433254
51 0.5093748889710525 0.8120374096798108 0.020870709761762453 0.11006504065761182
48 0.5422589453644784 0.8046920305587708 0.024691384402543502 0.10665702877829678
59 0.6379946461858675 0.8018863883991083 0.024171562786956376 0.1120699959925832
37 0.6695073366988765 0.7946202064873614 0.021929502817323206 0.10286887029437475
53 0.7032668746376152 0.7972091602204189 0.024171562786956376 0.1120699959925832
41 0.735871870398861 0.7889721795249035 0.02302659552165672 0.10293222806180917
37 0.7668695267523795 0.7880897636112115 0.021929502817323206 0.10286887029437475
51 0.7989786381785213 0.7898663129790868 0.021428831026122586 0.11191160157399692
48 0.8324016660119207 0.7806743729416615 0.024672234578157 0.10302726471296103