40 0.06951286261631089 0.5638888918330632 0.019704433497536946 0.17563633117699728
40 0.10180623973727422 0.5746055405385166 0.019704433497536946 0.16982237768862501
11 0.12889983579638753 0.5704659610231669 0.020251778872468526 0.16985620342545393
37 0.16119321291735084 0.5811826097286205 0.020251778872468526 0.16985620342545393
60 0.19485495347564313 0.5963442878924249 0.021893814997263273 0.1873995411010563
37 0.22550629447181172 0.595331552410648 0.019704433497536946 0.16982237768862501
59 0.259168035030104 0.6134002073186384 0.022441160372194856 0.19034034358207125
40 0.32703886152162015 0.6350364591505177 0.020251778872468526 0.16985620342545393
40 0.35933223864258346 0.6457531078559712 0.019704433497536946 0.17272935443281107
23 0.38834154351395733 0.6489993602799871 0.022441160372194856 0.18452639009369917
55 0.42063492063492064 0.6582625206133476 0.022441160372194856 0.18452639009369917
58 0.4523809523809524 0.6660383668377863 0.021893814997263273 0.1873995411010563
37 0.4827586206896552 0.667915695231781 0.020251778872468526 0.17276318016963998
51 0.5145046524356869 0.6815054949445918 0.019704433497536946 0.18435726140955525
40 0.6160372194854954 0.7168499365681825 0.019704433497536946 0.16691540094443896
40 0.6480569239189928 0.7231892072889425 0.019157088122605363 0.16688157520761038
11 0.6759715380405036 0.722007343123022 0.020251778872468526 0.17276318016963998
37 0.7085385878489326 0.7283804395806107 0.020251778872468526 0.16985620342545393
60 0.7424740010946907 0.7450125189849225 0.021893814997263273 0.1815855876126842
37 0.7728516694033936 0.7468898473789172 0.019704433497536946 0.16691540094443896
59 0.80623973727422 0.7620346126743073 0.021893814997263273 0.1873995411010563
40 0.8732895457033388 0.7879805910172226 0.019704433497536946 0.16982237768862501
40 0.9047619047619048 0.7957395243732468 0.019157088122605363 0.17269552869598248
24 0.933223864258347 0.797498462688341 0.022441160372194856 0.18452639009369917
46 0.9649698960043788 0.7994603554244079 0.021893814997263273 0.17286465738012605
40 0.03639846743295019 0.8350982487084132 0.020251778872468526 0.16985620342545393
40 0.06787082649151614 0.8428571820644374 0.019704433497536946 0.16982237768862501
21 0.09523809523809523 0.8460019572779672 0.019704433497536946 0.1814502846653692
37 0.1267104542966612 0.8450399604014335 0.020251778872468526 0.17276318016963998
38 0.1592775041050903 0.8557735219753012 0.021346469622331693 0.1699238548991111
61 0.1921182266009852 0.8723379499059557 0.022441160372194856 0.18452639009369917
60 0.22468527640941435 0.8801645347356373 0.022441160372194856 0.18452639009369917
48 0.25643130815544607 0.8821264274717041 0.022441160372194856 0.16999150637276894
47 0.2889983579638752 0.8899530123013857 0.021893814997263273 0.16705070389175397
37 0.32019704433497537 0.8991485211610887 0.020251778872468526 0.16694922668126788
53 0.3544061302681992 0.9117587027592756 0.022988505747126436 0.17648259448144882