40 0.06951286261631089 0.5203488372093024 0.019157088122605363 0.17151162790697674
40 0.10153256704980843 0.5319767441860465 0.019157088122605363 0.16569767441860464
11 0.12862616310892172 0.5276162790697675 0.019704433497536946 0.16569767441860464
37 0.16091954022988506 0.5392441860465116 0.019704433497536946 0.16569767441860464
60 0.19458128078817735 0.5566860465116279 0.021346469622331693 0.18313953488372092
37 0.22523262178434592 0.5552325581395349 0.019157088122605363 0.16569767441860464
59 0.2588943623426382 0.5755813953488372 0.021893814997263273 0.18604651162790697
40 0.32676518883415434 0.5988372093023255 0.019704433497536946 0.16569767441860464
40 0.3590585659551177 0.6104651162790697 0.019157088122605363 0.1686046511627907
23 0.3880678708264915 0.6148255813953488 0.021893814997263273 0.18023255813953487
55 0.4200875752599891 0.625 0.021893814997263273 0.18023255813953487
58 0.4518336070060208 0.6337209302325582 0.021346469622331693 0.18313953488372092
37 0.4822112753147236 0.6366279069767442 0.019704433497536946 0.1686046511627907
51 0.5139573070607554 0.6511627906976745 0.019157088122605363 0.18023255813953487
40 0.6154898741105638 0.688953488372093 0.019157088122605363 0.16279069767441862
40 0.6475095785440613 0.6962209302325582 0.018609742747673783 0.16279069767441862
11 0.675424192665572 0.6962209302325582 0.019704433497536946 0.1686046511627907
37 0.7079912424740011 0.7034883720930233 0.019704433497536946 0.16569767441860464
60 0.7416529830322933 0.7209302325581395 0.021346469622331693 0.17732558139534885
37 0.7720306513409961 0.7238372093023255 0.019157088122605363 0.16279069767441862
59 0.8054187192118226 0.7412790697674418 0.021346469622331693 0.18313953488372092
40 0.8724685276409414 0.7688953488372093 0.019157088122605363 0.16569767441860464
40 0.9039408866995073 0.7776162790697675 0.018609742747673783 0.1686046511627907
24 0.9324028461959496 0.7805232558139535 0.021893814997263273 0.18023255813953487
46 0.9641488779419813 0.7834302325581395 0.021346469622331693 0.1686046511627907
40 0.035303776683087026 0.7892441860465116 0.019704433497536946 0.16569767441860464
40 0.06677613574165299 0.7979651162790697 0.019157088122605363 0.16569767441860464
21 0.09414340448823208 0.8023255813953488 0.019157088122605363 0.17732558139534885
37 0.12561576354679804 0.8023255813953488 0.019704433497536946 0.1686046511627907
38 0.15818281335522716 0.813953488372093 0.02079912424740011 0.16569767441860464
61 0.19102353585112206 0.8313953488372093 0.021893814997263273 0.18023255813953487
60 0.22359058565955117 0.8401162790697675 0.021893814997263273 0.18023255813953487
48 0.25533661740558294 0.8430232558139535 0.021893814997263273 0.16569767441860464
47 0.28790366721401206 0.8531976744186046 0.021346469622331693 0.16279069767441862
37 0.3191023535851122 0.8633720930232558 0.019704433497536946 0.16279069767441862
53 0.3530377668308703 0.8793604651162791 0.022441160372194856 0.17732558139534885