40 0.06996072248196313 0.5384617487189876 0.020627546335345383 0.17338906221611644
40 0.10197724244543628 0.5369468612239273 0.02061480845524786 0.16757510872774437
11 0.1290963142647446 0.5228072515903611 0.02116215383017944 0.167625850195559
37 0.16138650691568357 0.5212669933613935 0.02116215383017944 0.167625850195559
60 0.19503550959387836 0.5239603465791686 0.02283603465521797 0.18231295831993288
37 0.2257091418802176 0.5109444057769006 0.020614808455247796 0.16757510872774437
59 0.259622263835805 0.5179728533770475 0.023389748970198344 0.1852706765319336
40 0.3274867213872724 0.5145878881122248 0.0211621538301795 0.167625850195559
40 0.35977691403821127 0.5130476298832573 0.020621177395296588 0.1704820854719304
23 0.38879895678968274 0.5045443786007122 0.023377011090100756 0.1794567230435615
55 0.4208154767531558 0.5030294911056519 0.023377011090100756 0.1794567230435615
58 0.452564692969212 0.4986329976003129 0.022836034655218093 0.18231295831993288
37 0.48295828362803667 0.4885494042761383 0.02116852277022817 0.17053282693974506
51 0.5146915774939709 0.4914203526312643 0.02064665315549164 0.1821099924486746
40 0.6162082221936575 0.4892752522121237 0.020608439515199 0.1646681319835583
40 0.6482374800372281 0.48194641122869136 0.020061094140267417 0.16461739051574364
11 0.6761680165088606 0.4720911545096823 0.02116852277022817 0.17053282693974506
37 0.7084677625698728 0.46619043116443576 0.0211621538301795 0.167625850195559
60 0.7423904379355334 0.4688584136483035 0.022823296775120502 0.17649900483156078
37 0.7727808441243337 0.4602283086962219 0.020608439515199 0.1646681319835583
59 0.8064298468025285 0.462921661913997 0.022836034655217843 0.18231295831993288
40 0.8734637328815251 0.4639732739671753 0.020614808455247918 0.1675751087277442
40 0.9049360919400913 0.4610556395678365 0.020073832020365008 0.17043134400411575
24 0.9334139737866555 0.451149641381013 0.023377011090101003 0.1794567230435615
46 0.9651727434127846 0.442392682759395 0.022804189954974248 0.16777807459900265
40 0.03732959980378461 0.8204998920280012 0.02116215383017944 0.16762585019555867
40 0.06880514333237495 0.8161287692565695 0.02061480845524786 0.1675751087277445
21 0.09617878101900279 0.8106847191216542 0.02064028421544291 0.17920301570448838
37 0.12767024689771503 0.7990461544897575 0.02116852277022817 0.17053282693974472
38 0.16023411223611975 0.7974805255268825 0.02225047563999387 0.16482035638700196
61 0.19306209685191716 0.8002499909463795 0.02337701109010082 0.1794567230435615
60 0.22535865844290487 0.7958027559732259 0.023377011090100756 0.1794567230435615
48 0.2573942852265243 0.7855669382456075 0.023345166389857033 0.16492183932263127
47 0.28968447787746326 0.7840266800166399 0.022791452074876657 0.16196412111063038
37 0.32088316424856345 0.7811344163512085 0.021155784890130706 0.16471887345137295
53 0.354805839614224 0.7838023988350763 0.02391798752498367 0.17660048776718995