40 0.07060081971149085 0.5124103443042682 0.019889126507408532 0.17043134400411575
40 0.10261574760162963 0.5197391852877007 0.019882757782930204 0.16461739051574364
11 0.12972048892858 0.5120764693398715 0.020430103157861788 0.1646681319835583
37 0.1620090895061846 0.5194306810572111 0.020430103157861788 0.1646681319835583
60 0.1956596847966398 0.5327256999324592 0.022088061093852317 0.1793552401079322
37 0.22631898669840628 0.528299780269611 0.019882757782930204 0.16461739051574364
59 0.26024007031408813 0.5445271466229525 0.022638590831023157 0.18231295831993288
40 0.3281013437188868 0.5595400188645193 0.020430103157861788 0.1646681319835583
40 0.3603899442964914 0.566894230581859 0.01988594214516946 0.1675243672599297
23 0.38940243353010434 0.5666765516318459 0.022632222106544767 0.17649900483156095
55 0.42141736142024316 0.5740053926152783 0.022632222106544767 0.17649900483156095
58 0.45316180098515524 0.5784018861206174 0.022088061093852317 0.1793552401079322
37 0.4835442458372169 0.5768575724680478 0.020433287520101043 0.16757510872774437
51 0.5152807244965311 0.5885215078338519 0.01989867959412599 0.17915227423667388
40 0.6165221048665583 0.6138970514725737 0.01987957342069095 0.1617104137715576
40 0.6485418093000559 0.6168654273397269 0.01933222804575937 0.16165967230374312
11 0.6764627921460449 0.6136392887098987 0.020433287520101043 0.16757510872774437
37 0.7090298419544739 0.6166584060448665 0.020430103157861913 0.1646681319835583
60 0.7426804372449292 0.6299534249201149 0.022081692369374052 0.1735412866195601
37 0.7730628820969908 0.6284091112675452 0.01987957342069095 0.1617104137715576
59 0.806713477387446 0.6417041301427935 0.022088061093852567 0.1793552401079322
40 0.8737489561864885 0.6610013552989175 0.01988275778293033 0.16461739051574364
40 0.9052181308828152 0.6668259664424421 0.01933859677023788 0.1674736257921152
24 0.9336848669226162 0.6651040576525216 0.022632222106544767 0.17649900483156078
46 0.9654340830308871 0.6651400860415815 0.022072139282656656 0.16482035638700213
40 0.03718391011540942 0.7855032761991602 0.0204301031578618 0.16466813198355848
40 0.0686546769928558 0.789874398970592 0.019882757782930204 0.16461739051574364
21 0.09602353792055449 0.7909579839892282 0.019895495231886856 0.17624529749248782
37 0.12750226570359877 0.7880616649001949 0.02043328752010098 0.1675751087277445
38 0.16006453896866915 0.7954412473514417 0.02152160954548582 0.1618626381750014
61 0.19289411619672697 0.8086601540249682 0.022632222106544767 0.17649900483156064
60 0.2251859011365707 0.8131073889981216 0.022632222106544767 0.17649900483156095
48 0.25721038211342695 0.8117152997489959 0.022616300295348984 0.16196412111063072
47 0.2894989826910316 0.8190695114663354 0.022065770558178145 0.1590064028986302
37 0.3206944846998926 0.8248687518759529 0.020426918795622653 0.16176115523937243
53 0.3546203448589331 0.8367356531130156 0.023176383119237216 0.1736427695551894