40 0.04555571968618085 0.23725834797891038 0.023116936565678654 0.08084358523725835
30 0.0758710509511056 0.23550087873462214 0.024587884645059274 0.08963093145869948
37 0.10901141923679433 0.23286467486818982 0.02384626012442173 0.0843585237258348
65 0.14422289906071512 0.23637961335676624 0.025985026953073198 0.08787346221441125
55 0.17876040965441778 0.23550087873462214 0.02457558368316481 0.08787346221441125
65 0.2478231298799287 0.23550087873462214 0.025292606280013508 0.08963093145869948
52 0.3172382109229167 0.23550087873462214 0.0259973279149677 0.08963093145869948
37 0.35073709050702984 0.23198594024604569 0.023858561086316114 0.08611599297012303
46 0.3866778938896936 0.23198594024604569 0.025972725991178853 0.08611599297012303
51 0.41978135928969906 0.23462214411247803 0.02317844137515093 0.08963093145869948
37 0.4546835316627732 0.23198594024604569 0.023153839451362082 0.08611599297012303
58 0.48955495163111146 0.23374340949033393 0.025292606280013345 0.08963093145869948
55 0.5240801612629197 0.23462214411247803 0.024587884645059312 0.08963093145869948
53 0.5924443103344236 0.23374340949033393 0.025280305318119003 0.08787346221441125
46 0.6266356105915964 0.23198594024604569 0.024538680797481463 0.08260105448154657
59 0.6956798793742656 0.23462214411247803 0.02530490724190801 0.0913884007029877
61 0.7312806229013469 0.23286467486818982 0.02530490724190801 0.0913884007029877
53 0.7654534717156779 0.23374340949033393 0.02599732791496754 0.08963093145869948
46 0.8003617945696995 0.23022847100175747 0.026665146664238384 0.0843585237258348
50 0.8331128991522277 0.23286467486818982 0.022473719740196574 0.08963093145869948
37 0.868015071525302 0.23022847100175747 0.023129237527573076 0.08260105448154657
55 0.042828290090081426 0.37521968365553604 0.02530490724190791 0.0913884007029877
56 0.11083392786316107 0.37521968365553604 0.026009628876862083 0.0913884007029877
48 0.144679017783804 0.37258347978910367 0.025280305318119003 0.08787346221441125
50 0.1788395656362407 0.37521968365553604 0.023178441375150887 0.08963093145869948
55 0.21372328656647324 0.37521968365553604 0.02600962887686204 0.0913884007029877
40 0.05082999698194072 0.7926186291739895 0.02314153848946754 0.0843585237258348
30 0.081509990026237 0.789103690685413 0.026714350511816275 0.0913884007029877
37 0.11393948619602433 0.7873462214411248 0.023858561086316194 0.08611599297012303
65 0.14951562779931662 0.789103690685413 0.025292606280013466 0.08963093145869948
55 0.18404698791207208 0.789103690685413 0.024600185606953654 0.0913884007029877
65 0.25309740717568857 0.7908611599297012 0.02743137310866493 0.09314586994727592
52 0.3221724283630939 0.789103690685413 0.025292606280013508 0.08963093145869948
37 0.355671307947207 0.7855887521968365 0.023129237527573076 0.08260105448154657
46 0.3912597505123937 0.7855887521968365 0.02526800435622466 0.08611599297012303
51 0.42470327576798184 0.7899824253075571 0.023178441375150766 0.08963093145869948
37 0.4592653882854733 0.7855887521968365 0.023858561086316274 0.08611599297012303
58 0.49482922892687126 0.789103690685413 0.024587884645059153 0.08963093145869948
55 0.5290205291840441 0.7873462214411248 0.0260096288768622 0.0913884007029877
53 0.5977247381111307 0.7882249560632689 0.0259973279149677 0.08963093145869948
46 0.631928339330198 0.7847100175746925 0.025972725991178853 0.08611599297012303
59 0.7013249689303444 0.7873462214411248 0.025292606280013345 0.08963093145869948
61 0.7358563290430996 0.7873462214411248 0.025292606280013345 0.08963093145869948
53 0.7707400499733321 0.7873462214411248 0.024587884645059153 0.08963093145869948
46 0.806006884125778 0.7829525483304042 0.025292606280013345 0.08963093145869948
50 0.8384056278908294 0.7855887521968365 0.022473719740196574 0.08963093145869948
37 0.8733078002639034 0.7829525483304042 0.023846260124421932 0.0843585237258348
55 0.11611435563986813 0.929701230228471 0.025292606280013428 0.08963093145869948
56 0.1851770758653791 0.929701230228471 0.025292606280013508 0.08963093145869948
48 0.21902216578602204 0.9270650263620387 0.02525570339433016 0.0843585237258348
50 0.2531888641194059 0.9288224956063269 0.02388316301010512 0.08963093145869948
55 0.28771407375121416 0.929701230228471 0.025985026953073198 0.08787346221441125