40 0.04369274136715997 0.23813708260105448 0.019732205778717406 0.0773286467486819
30 0.07364341085271318 0.23550087873462214 0.021141649048625793 0.08787346221441125
37 0.10676532769556026 0.23374340949033393 0.0204369274136716 0.08260105448154657
65 0.14200140944326992 0.23550087873462214 0.02255109231853418 0.0843585237258348
55 0.17688513037350245 0.23550087873462214 0.021141649048625793 0.0843585237258348
65 0.2459478505990134 0.23550087873462214 0.021846370683579985 0.08787346221441125
52 0.3146582100070472 0.23550087873462214 0.02255109231853418 0.08611599297012303
37 0.3488372093023256 0.23286467486818982 0.0204369274136716 0.0843585237258348
46 0.3844256518675123 0.23286467486818982 0.02255109231853418 0.0843585237258348
51 0.4175475687103594 0.23550087873462214 0.019732205778717406 0.08787346221441125
37 0.45207892882311485 0.23198594024604569 0.019732205778717406 0.08260105448154657
58 0.48731501057082455 0.23462214411247803 0.021846370683579985 0.08787346221441125
55 0.5214940098661028 0.23462214411247803 0.021141649048625793 0.08611599297012303
53 0.5902043692741367 0.23462214411247803 0.02255109231853418 0.08611599297012303
46 0.6243833685694151 0.23110720562390158 0.021846370683579985 0.08084358523725835
59 0.693446088794926 0.23462214411247803 0.021846370683579985 0.08787346221441125
61 0.7290345313601128 0.23286467486818982 0.021846370683579985 0.08787346221441125
53 0.7632135306553911 0.23374340949033393 0.02255109231853418 0.08787346221441125
46 0.7977448907681466 0.23022847100175747 0.023255813953488372 0.08084358523725835
50 0.8308668076109936 0.23286467486818982 0.019732205778717406 0.08787346221441125
37 0.8657505285412262 0.22934973637961337 0.019732205778717406 0.08084358523725835
55 0.03946441155743481 0.37521968365553604 0.021846370683579985 0.08787346221441125
56 0.10747004933051445 0.37521968365553604 0.02255109231853418 0.08963093145869948
48 0.1416490486257928 0.37346221441124783 0.02255109231853418 0.0843585237258348
50 0.17547568710359407 0.37521968365553604 0.019732205778717406 0.08787346221441125
55 0.21071176885130374 0.37521968365553604 0.02255109231853418 0.08787346221441125
40 0.04334038054968287 0.7934973637961336 0.019732205778717406 0.08084358523725835
30 0.07399577167019028 0.789103690685413 0.023255813953488372 0.08787346221441125
37 0.10641296687808316 0.7882249560632689 0.0204369274136716 0.08260105448154657
65 0.14200140944326992 0.7899824253075571 0.021846370683579985 0.08611599297012303
55 0.17688513037350245 0.7908611599297012 0.021141649048625793 0.08787346221441125
65 0.24559548978153628 0.7908611599297012 0.023960535588442564 0.08963093145869948
52 0.3150105708245243 0.7899824253075571 0.021846370683579985 0.08611599297012303
37 0.3484848484848485 0.7864674868189807 0.019732205778717406 0.07908611599297012
46 0.38407329105003524 0.7855887521968365 0.021846370683579985 0.08260105448154657
51 0.4175475687103594 0.7899824253075571 0.019732205778717406 0.08611599297012303
37 0.45207892882311485 0.7855887521968365 0.0204369274136716 0.08260105448154657
58 0.48731501057082455 0.789103690685413 0.021141649048625793 0.08611599297012303
55 0.5211416490486258 0.7882249560632689 0.02255109231853418 0.08963093145869948
53 0.5902043692741367 0.789103690685413 0.023255813953488372 0.08611599297012303
46 0.6243833685694151 0.7855887521968365 0.02255109231853418 0.08260105448154657
59 0.6937984496124031 0.7873462214411248 0.021846370683579985 0.08611599297012303
61 0.7283298097251586 0.7873462214411248 0.021846370683579985 0.08787346221441125
53 0.7628611698379141 0.7882249560632689 0.021141649048625793 0.08611599297012303
46 0.7980972515856237 0.7829525483304042 0.021846370683579985 0.08611599297012303
50 0.8308668076109936 0.7864674868189807 0.019027484143763214 0.08787346221441125
37 0.8657505285412262 0.7838312829525483 0.0204369274136716 0.08084358523725835
55 0.10782241014799154 0.9305799648506151 0.021846370683579985 0.08787346221441125
56 0.17688513037350245 0.9305799648506151 0.021846370683579985 0.08787346221441125
48 0.21106412966878083 0.9270650263620387 0.02255109231853418 0.08084358523725835
50 0.2448907681465821 0.929701230228471 0.0204369274136716 0.08611599297012303
55 0.27942212825933754 0.9305799648506151 0.02255109231853418 0.08611599297012303