40 0.04999497577883474 0.21579415287783635 0.02221537872171164 0.08003709492579042
30 0.08029390599255247 0.2135963184456512 0.023665822884745762 0.08888579462676836
37 0.11341172274608698 0.21127577705439243 0.022936500713916133 0.08358271015413525
65 0.14866830494035949 0.21413561317669316 0.025067065976028976 0.08718967886201692
55 0.18320376514242756 0.21351118755018586 0.02365762270612059 0.08712832538248014
65 0.25228288572518875 0.21401980554145947 0.024370544519699895 0.08891647136653676
52 0.3217102670361145 0.21363435054070473 0.025075266154654167 0.08894714810630515
37 0.35517634451781355 0.2104197361574177 0.022944700892541286 0.08534017939842348
46 0.3911253480791025 0.2106126916735177 0.025058865797403865 0.0854322096177287
51 0.42426366527919995 0.2126858233929795 0.022256379614837313 0.08882444114723148
37 0.45914328612011984 0.21028859015229978 0.02223997925758693 0.08530950265865514
58 0.4940434074076028 0.2122850300223406 0.024370544519699895 0.08891647136653671
55 0.5285829676989834 0.2125393390179774 0.0236658228847457 0.08888579462676832
53 0.5969532665574778 0.21219989912687526 0.024362344341074864 0.08715900212224849
46 0.6311281657634435 0.20983334262596393 0.023633022170245255 0.08185591764961542
59 0.7002195866141425 0.21297816448366988 0.024378744698325246 0.09067394061082493
61 0.7358080291793293 0.21142898912536587 0.024378744698325246 0.09067394061082493
53 0.7699952286532327 0.21169863649088683 0.025075266154654087 0.08894714810630515
46 0.8048707494048403 0.208422668628063 0.025755387253732866 0.08370541711320881
50 0.8376608058767729 0.21138987333955314 0.02155165797988312 0.08879376440746314
37 0.8725363266283804 0.20811390547672926 0.02222357890033687 0.08179456417007863
55 0.04817216407856917 0.3538628571436514 0.024378744698325103 0.09067394061082504
56 0.11619010211958654 0.3535387556224334 0.025083466333279278 0.09070461735059338
48 0.15001264050807522 0.3511875374914063 0.02436234434107478 0.08715900212224859
50 0.18420804016060388 0.35321465410121555 0.022256379614837396 0.08882444114723159
55 0.21909996126946157 0.3534536247269682 0.025083466333279278 0.09070461735059338
40 0.05787164448653787 0.7709243585246524 0.02223177907896194 0.08355203341436691
30 0.08851473533910756 0.7669537164782949 0.02578818796823347 0.09073529409036171
37 0.12093193054700045 0.7655425864489487 0.022944700892541286 0.08534017939842348
65 0.1565367734694375 0.7675083495792211 0.024370544519699975 0.08891647136653681
55 0.19107633376081812 0.7677626585748579 0.02367402306337089 0.09064326387105649
65 0.2601595544328919 0.7691500111882755 0.026501109781812856 0.09252344007441848
52 0.32922637474771543 0.7670224253131169 0.024370544519699895 0.08891647136653681
37 0.3626924522294144 0.7638078109298299 0.02222357890033687 0.08179456417007869
46 0.39828909497322634 0.764016104815814 0.02435414416244967 0.08540153287796036
51 0.4317879731694259 0.7678313674096798 0.022256379614837313 0.08882444114723159
37 0.4663070330142437 0.763692003294596 0.022944700892541286 0.08534017939842348
58 0.5019200761153059 0.7674152356691567 0.0236658228847457 0.08888579462676827
55 0.5360990754105842 0.7659274137903894 0.025083466333279278 0.09070461735059317
53 0.6048258351758683 0.7664513701515472 0.025075266154654087 0.08894714810630495
46 0.6389966342925216 0.7632060790284918 0.025058865797403865 0.0854322096177287
59 0.708436315871385 0.7654568278941695 0.024370544519699895 0.08891647136653681
61 0.7429758761627656 0.7657111368898063 0.024370544519699895 0.08891647136653681
53 0.7778677972716234 0.7659501075155588 0.0236658228847457 0.08888579462676827
46 0.8130874786620828 0.7609013320385625 0.024370544519699895 0.08891647136653681
50 0.8455251743165384 0.7638838751199368 0.02155165797988312 0.08879376440746305
37 0.8804047951574584 0.7614866418792572 0.022936500713916095 0.08358271015413525
55 0.1240626707379771 0.9077902266471055 0.024370544519699975 0.08891647136653681
56 0.19314179132073833 0.908298844638379 0.024370544519699895 0.08891647136653681
48 0.2269602296199144 0.9050688918852079 0.02434594398382448 0.08364406363367213
50 0.26115562927244307 0.9070960084950169 0.022961101249791508 0.08885511788699973
55 0.29569928965313624 0.908229052112798 0.025067065976029056 0.08718967886201673