40 0.03952134100765966 0.2794287147643381 0.02132614682275757 0.08000641818602203
30 0.06948431034482165 0.2754600684716303 0.02276018979588353 0.09061258713128816
37 0.10261647706400938 0.2725082021300244 0.02204316830932056 0.08530950265865514
65 0.13785460878698716 0.2731633044963001 0.0241614331647194 0.08715900212224849
55 0.17274652961829223 0.2711668646262593 0.022751989894811014 0.0870976486427117
65 0.24182359967068007 0.2680220427685533 0.023464911430837763 0.09064326387105649
52 0.3105462589303227 0.2657406171631073 0.02416553311525558 0.08891647136653671
37 0.344739608052478 0.2610772966868658 0.02204726825985678 0.08706697190294337
46 0.38033420054346917 0.25999026817873744 0.02416143316471952 0.08715900212224859
51 0.41345816736158436 0.2605533403257079 0.021350746525975184 0.09055123365175137
37 0.44765151648373963 0.2558900198494664 0.02133844667436637 0.08527882591888669
58 0.4828896482067174 0.2565451222157421 0.023464911430837763 0.09064326387105649
55 0.5170747974278 0.255396740228077 0.02275608984534735 0.08885511788699993
53 0.5857995066627109 0.2522365800004869 0.02416553311525574 0.08891647136653681
46 0.6199928557848662 0.2475732595242453 0.02344851162869257 0.0836133868939037
59 0.6890617259361815 0.24794337615511583 0.023464911430837763 0.09064326387105659
61 0.7246604183777089 0.24509887840269928 0.023464911430837763 0.09064326387105649
53 0.7588455675987917 0.2439504964150342 0.024169633065791958 0.09067394061082493
46 0.7933912775384241 0.23930251430867683 0.024857954898601275 0.08367474037344047
50 0.8265152443565392 0.23986558645564734 0.021350746525975184 0.09055123365175137
37 0.8614133151136486 0.2352329427191742 0.02133434672383031 0.08352135667459848
55 0.037085329985700535 0.4172980202216586 0.023464911430837725 0.09064326387105659
56 0.1051053175856571 0.41410718325430007 0.024173733016328174 0.09243140985511326
48 0.1392945667572761 0.41120133202234677 0.0241614331647194 0.08715900212224849
50 0.17312530518561364 0.41091634628694157 0.021350746525975184 0.09055123365175137
55 0.20836753685912765 0.409813979408929 0.024169633065791958 0.09067394061082493
40 0.04562533380521999 0.8351111017269854 0.02133434672383009 0.08352135667459837
30 0.07629712472787244 0.8294156629297578 0.02487435470074611 0.09070461735059338
37 0.10872251983683784 0.8273118544705275 0.02204316830932056 0.08530950265865514
65 0.14431506235256086 0.8271035605845433 0.023460811480301463 0.08888579462676827
55 0.17920288323332967 0.8268645899587908 0.02276018979588353 0.09061258713128816
65 0.2479275924682404 0.8237044297312006 0.02558317628623656 0.09249276333464994
52 0.3173590733133735 0.8196962116212347 0.023460811480301463 0.08888579462676827
37 0.3508477008005746 0.8150022144052248 0.02133024677329385 0.08176388743031014
46 0.38644639324210195 0.8121577166528082 0.023452611579228788 0.08537085613819181
51 0.4199165709518899 0.8153723310360952 0.021346646575438805 0.08879376440746305
37 0.4541119700493133 0.8098302759377097 0.02204316830932056 0.08530950265865514
58 0.48970041261450004 0.8113794512960136 0.02275608984534735 0.08885511788699993
55 0.5231828901758967 0.809321657946436 0.024173733016328174 0.09243140985511326
53 0.5922579102530164 0.8070555707108742 0.02487025475020993 0.08894714810630515
46 0.6264533093504399 0.8015135156124885 0.02415733321418314 0.08540153287796036
59 0.6958765902945004 0.8010202359910992 0.023460811480301547 0.08888579462676827
61 0.7304161503083283 0.799008457751174 0.023464911430837763 0.09064326387105649
53 0.7649516103716202 0.7987541487555373 0.02275608984534735 0.08885511788699993
46 0.8002081918720111 0.7915006395225159 0.023460811480301547 0.08888579462676827
50 0.8329756979221129 0.7938058425438906 0.020646024891020992 0.09052055691198294
37 0.8678717187039543 0.7900519334295615 0.02203906835878418 0.08355203341436691
55 0.11157397105230332 0.9618022710145796 0.02344441167815643 0.07639545797084085
56 0.18064284120361862 0.9606692273967987 0.023456711529765167 0.0786615452064026
48 0.2148341403505058 0.9596479999069518 0.024153233263646923 0.08070400018609633
50 0.24901313964578412 0.9590968164679455 0.02205136821039308 0.08180636706410888
55 0.28319623889159873 0.9589389852303589 0.02416553311525558 0.08212202953928212