40 0.08709869203329369 0.1831081081081081 0.013079667063020214 0.04864864864864865
12 0.10671819262782402 0.1783783783783784 0.013674197384066587 0.04864864864864865
55 0.12812128418549346 0.17972972972972973 0.014863258026159334 0.04864864864864865
52 0.15101070154577884 0.17905405405405406 0.014268727705112961 0.0445945945945946
52 0.17300832342449465 0.1810810810810811 0.015457788347205707 0.04594594594594595
48 0.19470868014268727 0.17905405405405406 0.013674197384066587 0.0445945945945946
59 0.21789536266349585 0.1783783783783784 0.017241379310344827 0.05405405405405406
59 0.23929845422116527 0.1804054054054054 0.013674197384066587 0.05
48 0.262782401902497 0.1804054054054054 0.013079667063020214 0.052702702702702706
55 0.28418549346016647 0.18243243243243243 0.014268727705112961 0.04864864864864865
53 0.30677764565992865 0.17972972972972973 0.015457788347205707 0.05675675675675676
55 0.35344827586206895 0.1783783783783784 0.014863258026159334 0.05405405405405406
45 0.3745541022592152 0.17972972972972973 0.015457788347205707 0.051351351351351354
40 0.42122473246135556 0.17905405405405406 0.011296076099881093 0.05
18 0.441141498216409 0.17702702702702702 0.014268727705112961 0.051351351351351354
48 0.46343638525564806 0.1777027027027027 0.01605231866825208 0.0472972972972973
46 0.48602853745541025 0.1783783783783784 0.013674197384066587 0.04864864864864865
47 0.5083234244946492 0.17635135135135135 0.013079667063020214 0.0472972972972973
43 0.5303210463733651 0.17635135135135135 0.015457788347205707 0.05
58 0.5526159334126041 0.17567567567567569 0.014863258026159334 0.05675675675675676
40 0.6013674197384067 0.1783783783783784 0.014863258026159334 0.05405405405405406
14 0.6203923900118906 0.17635135135135135 0.013674197384066587 0.0445945945945946
41 0.643281807372176 0.17972972972972973 0.016646848989298454 0.05675675675675676
61 0.6649821640903686 0.17905405405405406 0.014863258026159334 0.05810810810810811
39 0.6884661117717004 0.17567567567567569 0.016646848989298454 0.04594594594594595
37 0.7104637336504162 0.17702702702702702 0.011890606420927468 0.051351351351351354
60 0.7330558858501783 0.1783783783783784 0.016646848989298454 0.05405405405405406
48 0.7553507728894173 0.1783783783783784 0.01605231866825208 0.05405405405405406
55 0.7773483947681332 0.17905405405405406 0.013674197384066587 0.05540540540540541
53 0.7996432818073722 0.17905405405405406 0.015457788347205707 0.0472972972972973
40 0.06450653983353151 0.2628378378378378 0.013674197384066587 0.052702702702702706
40 0.08680142687277051 0.2641891891891892 0.014268727705112961 0.052702702702702706
12 0.1070154577883472 0.26216216216216215 0.013079667063020214 0.043243243243243246
47 0.1278240190249703 0.26013513513513514 0.014268727705112961 0.05
43 0.15041617122473247 0.2648648648648649 0.013079667063020214 0.04864864864864865
41 0.17300832342449465 0.26216216216216215 0.016646848989298454 0.051351351351351354
40 0.10790725326991676 0.34662162162162163 0.01248513674197384 0.0472972972972973
53 0.12812128418549346 0.34662162162162163 0.014863258026159334 0.052702702702702706
37 0.1492271105826397 0.34256756756756757 0.013079667063020214 0.05
50 0.17271105826397146 0.3452702702702703 0.013674197384066587 0.052702702702702706
37 0.19530321046373364 0.34459459459459457 0.013674197384066587 0.04864864864864865
56 0.21730083234244946 0.34459459459459457 0.014863258026159334 0.051351351351351354
37 0.23929845422116527 0.34324324324324323 0.013674197384066587 0.05405405405405406
59 0.2624851367419738 0.3452702702702703 0.013674197384066587 0.0472972972972973
37 0.28418549346016647 0.34459459459459457 0.014268727705112961 0.051351351351351354
59 0.32877526753864444 0.34662162162162163 0.015457788347205707 0.05
65 0.3748513674197384 0.34459459459459457 0.014863258026159334 0.05405405405405406
37 0.39595719381688466 0.3439189189189189 0.013079667063020214 0.0472972972972973
59 0.4408442330558858 0.34256756756756757 0.01605231866825208 0.052702702702702706
37 0.46284185493460167 0.34324324324324323 0.01248513674197384 0.05675675675675676
48 0.5092152199762188 0.34459459459459457 0.014863258026159334 0.051351351351351354
59 0.5312128418549346 0.34594594594594597 0.014863258026159334 0.051351351351351354
50 0.5523186682520809 0.34324324324324323 0.015457788347205707 0.05675675675675676
55 0.5755053507728894 0.34121621621621623 0.016646848989298454 0.05540540540540541
51 0.5969084423305588 0.3418918918918919 0.013079667063020214 0.05405405405405406
37 0.6203923900118906 0.34256756756756757 0.01605231866825208 0.052702702702702706
58 0.6423900118906064 0.3439189189189189 0.013674197384066587 0.052702702702702706
59 0.6658739595719382 0.3452702702702703 0.015457788347205707 0.05
65 0.6881688466111772 0.3439189189189189 0.01248513674197384 0.05540540540540541
48 0.710166468489893 0.3439189189189189 0.01605231866825208 0.0472972972972973
56 0.7318668252080857 0.3439189189189189 0.015457788347205707 0.052702702702702706
59 0.7773483947681332 0.3452702702702703 0.014863258026159334 0.052702702702702706
37 0.7981569560047562 0.34121621621621623 0.013674197384066587 0.05540540540540541
40 0.04221165279429251 0.4263513513513513 0.015457788347205707 0.05
40 0.06450653983353151 0.4283783783783784 0.014863258026159334 0.051351351351351354
26 0.08382877526753864 0.42702702702702705 0.014268727705112961 0.052702702702702706
47 0.10582639714625446 0.42567567567567566 0.015457788347205707 0.04594594594594595
48 0.1272294887039239 0.42905405405405406 0.015457788347205707 0.052702702702702706
51 0.1495243757431629 0.42905405405405406 0.01605231866825208 0.05
48 0.17271105826397146 0.4277027027027027 0.013674197384066587 0.052702702702702706
56 0.19530321046373364 0.4277027027027027 0.014863258026159334 0.052702702702702706
56 0.21730083234244946 0.4263513513513513 0.014863258026159334 0.05540540540540541
48 0.23989298454221164 0.42567567567567566 0.014863258026159334 0.04864864864864865
53 0.2615933412604043 0.4277027027027027 0.014268727705112961 0.05540540540540541
43 0.28478002378121287 0.42702702702702705 0.013079667063020214 0.05405405405405406
40 0.3320451843043995 0.42702702702702705 0.01605231866825208 0.04864864864864865
40 0.35434007134363854 0.42567567567567566 0.013079667063020214 0.051351351351351354
29 0.3751486325802616 0.4277027027027027 0.015457788347205707 0.05
39 0.39625445897740785 0.42567567567567566 0.014863258026159334 0.051351351351351354
48 0.41973840665873957 0.42567567567567566 0.015457788347205707 0.04864864864864865
43 0.4405469678953627 0.425 0.013079667063020214 0.05
53 0.46313912009512487 0.4263513513513513 0.015457788347205707 0.052702702702702706
39 0.4866230677764566 0.42702702702702705 0.013674197384066587 0.05405405405405406
43 0.5080261593341261 0.42567567567567566 0.014863258026159334 0.051351351351351354
40 0.5555885850178359 0.4277027027027027 0.014268727705112961 0.051351351351351354
40 0.5769916765755053 0.4277027027027027 0.014268727705112961 0.05405405405405406
18 0.5978002378121284 0.4263513513513513 0.014863258026159334 0.051351351351351354
48 0.6200951248513674 0.425 0.015457788347205707 0.051351351351351354
46 0.6429845422116528 0.425 0.016646848989298454 0.052702702702702706
47 0.6646848989298454 0.4243243243243243 0.015457788347205707 0.051351351351351354
40 0.7122473246135553 0.4297297297297297 0.01248513674197384 0.05540540540540541
40 0.7351367419738407 0.4277027027027027 0.013674197384066587 0.051351351351351354
29 0.754756242568371 0.42905405405405406 0.01248513674197384 0.05810810810810811
39 0.77705112960761 0.42567567567567566 0.014268727705112961 0.05405405405405406
47 0.7990487514863258 0.425 0.013079667063020214 0.05540540540540541
55 0.8207491082045184 0.4263513513513513 0.015457788347205707 0.05945945945945946
55 0.8427467300832342 0.4297297297297297 0.014863258026159334 0.05540540540540541
51 0.8659334126040428 0.4263513513513513 0.013674197384066587 0.04864864864864865
40 0.08561236623067776 0.5087837837837837 0.013079667063020214 0.051351351351351354
24 0.10642092746730084 0.5101351351351351 0.014863258026159334 0.051351351351351354
37 0.1278240190249703 0.5087837837837837 0.014268727705112961 0.052702702702702706
46 0.1495243757431629 0.5094594594594595 0.014863258026159334 0.051351351351351354
56 0.1718192627824019 0.5074324324324324 0.015457788347205707 0.052702702702702706
37 0.1938168846611177 0.5081081081081081 0.014268727705112961 0.04864864864864865
56 0.21730083234244946 0.5094594594594595 0.014863258026159334 0.051351351351351354
37 0.2390011890606421 0.5081081081081081 0.015457788347205707 0.05405405405405406
37 0.2624851367419738 0.5905405405405405 0.014863258026159334 0.05540540540540541
59 0.2621878715814506 0.5108108108108108 0.013079667063020214 0.04864864864864865
48 0.28478002378121287 0.5094594594594595 0.013079667063020214 0.05405405405405406
52 0.30648038049940546 0.5108108108108108 0.013674197384066587 0.05405405405405406
61 0.32936979785969084 0.5101351351351351 0.016646848989298454 0.05810810810810811
53 0.3522592152199762 0.5087837837837837 0.014863258026159334 0.052702702702702706
55 0.3733650416171225 0.5087837837837837 0.014268727705112961 0.05540540540540541
37 0.41854934601664684 0.5074324324324324 0.015457788347205707 0.05
53 0.441141498216409 0.5128378378378379 0.015457788347205707 0.05810810810810811
46 0.4625445897740785 0.5087837837837837 0.015457788347205707 0.05810810810810811
40 0.5324019024970273 0.5094594594594595 0.013674197384066587 0.051351351351351354
26 0.5532104637336505 0.5094594594594595 0.014863258026159334 0.051351351351351354
47 0.5752080856123662 0.5081081081081081 0.014863258026159334 0.051351351351351354
48 0.5980975029726516 0.5067567567567568 0.016646848989298454 0.04864864864864865
51 0.6197978596908442 0.5108108108108108 0.013674197384066587 0.05405405405405406
48 0.6429845422116528 0.5108108108108108 0.014863258026159334 0.051351351351351354
56 0.6649821640903686 0.5094594594594595 0.014863258026159334 0.05405405405405406
56 0.6875743162901308 0.5094594594594595 0.014863258026159334 0.04864864864864865
48 0.710166468489893 0.5074324324324324 0.013674197384066587 0.05
53 0.7321640903686087 0.5094594594594595 0.014863258026159334 0.04864864864864865
43 0.7538644470868014 0.5067567567567568 0.013079667063020214 0.04864864864864865
40 0.8005350772889417 0.5094594594594595 0.014863258026159334 0.052702702702702706
11 0.8207491082045184 0.5087837837837837 0.014268727705112961 0.051351351351351354
61 0.8430439952437574 0.5094594594594595 0.015457788347205707 0.052702702702702706
59 0.866230677764566 0.5121621621621621 0.01248513674197384 0.051351351351351354
48 0.8882282996432818 0.5128378378378379 0.013674197384066587 0.052702702702702706
53 0.9111177170035671 0.5121621621621621 0.014863258026159334 0.05405405405405406
43 0.9337098692033293 0.5101351351351351 0.015457788347205707 0.05405405405405406
59 0.9560047562425684 0.5108108108108108 0.015457788347205707 0.05540540540540541
59 0.9782996432818074 0.5108108108108108 0.014268727705112961 0.05540540540540541
40 0.041319857312722946 0.5918918918918918 0.014268727705112961 0.052702702702702706
16 0.061236623067776455 0.5918918918918918 0.015457788347205707 0.05540540540540541
55 0.08323424494649227 0.5918918918918918 0.013674197384066587 0.04864864864864865
58 0.10493460166468489 0.5912162162162162 0.013674197384066587 0.05405405405405406
40 0.1519024970273484 0.5912162162162162 0.01248513674197384 0.051351351351351354
29 0.1724137931034483 0.5912162162162162 0.016646848989298454 0.051351351351351354
55 0.1941141498216409 0.5912162162162162 0.014863258026159334 0.05405405405405406
39 0.2170035671819263 0.5898648648648649 0.016646848989298454 0.05405405405405406
48 0.24019024970273484 0.5905405405405405 0.013674197384066587 0.04864864864864865
51 0.28478002378121287 0.5905405405405405 0.016646848989298454 0.052702702702702706
40 0.33115338882282996 0.5912162162162162 0.01248513674197384 0.051351351351351354
56 0.3522592152199762 0.5912162162162162 0.016646848989298454 0.05810810810810811
58 0.37395957193816887 0.5939189189189189 0.014863258026159334 0.05540540540540541
55 0.39655172413793105 0.5912162162162162 0.015457788347205707 0.051351351351351354
46 0.41884661117717004 0.5912162162162162 0.014268727705112961 0.051351351351351354
58 0.4402497027348395 0.5912162162162162 0.015457788347205707 0.05405405405405406
43 0.46343638525564806 0.5891891891891892 0.014268727705112961 0.051351351351351354
59 0.48573127229488705 0.5912162162162162 0.014268727705112961 0.05810810810810811
59 0.5083234244946492 0.5905405405405405 0.014863258026159334 0.05945945945945946
53 0.5752080856123662 0.6722972972972973 0.0178359096313912 0.05405405405405406
37 0.597205707491082 0.672972972972973 0.014268727705112961 0.052702702702702706
40 0.6004756242568371 0.5952702702702702 0.013079667063020214 0.04864864864864865
40 0.6224732461355529 0.5939189189189189 0.014268727705112961 0.05540540540540541
26 0.64179548156956 0.5918918918918918 0.014268727705112961 0.05540540540540541
38 0.6646848989298454 0.5891891891891892 0.014268727705112961 0.051351351351351354
59 0.687871581450654 0.5932432432432433 0.014268727705112961 0.05405405405405406
41 0.710166468489893 0.5932432432432433 0.015457788347205707 0.05405405405405406
37 0.7761593341260404 0.5905405405405405 0.015457788347205707 0.052702702702702706
60 0.797859690844233 0.5932432432432433 0.015457788347205707 0.05
40 0.06331747919143876 0.6756756756756757 0.014863258026159334 0.051351351351351354
52 0.08293697978596909 0.672972972972973 0.015457788347205707 0.05540540540540541
37 0.10523186682520809 0.6756756756756757 0.015457788347205707 0.05405405405405406
50 0.1272294887039239 0.675 0.014863258026159334 0.04864864864864865
37 0.1495243757431629 0.672972972972973 0.013674197384066587 0.052702702702702706
60 0.1718192627824019 0.672972972972973 0.013674197384066587 0.052702702702702706
48 0.19470868014268727 0.6722972972972973 0.014863258026159334 0.05405405405405406
40 0.24167657550535077 0.6763513513513514 0.013674197384066587 0.04864864864864865
17 0.2609988109393579 0.6722972972972973 0.014863258026159334 0.05405405405405406
37 0.2838882282996433 0.6716216216216216 0.016646848989298454 0.052702702702702706
58 0.30618311533888226 0.6722972972972973 0.014863258026159334 0.05405405405405406
41 0.3284780023781213 0.6743243243243243 0.013674197384066587 0.051351351351351354
43 0.3516646848989298 0.672972972972973 0.013674197384066587 0.052702702702702706
53 0.3748513674197384 0.675 0.017241379310344827 0.052702702702702706
40 0.42092746730083236 0.6763513513513514 0.014268727705112961 0.052702702702702706
12 0.441141498216409 0.6722972972972973 0.01248513674197384 0.0472972972972973
51 0.4622473246135553 0.6722972972972973 0.016646848989298454 0.05405405405405406
61 0.48543400713436385 0.6743243243243243 0.013674197384066587 0.05405405405405406
38 0.5071343638525565 0.6709459459459459 0.014268727705112961 0.051351351351351354
51 0.6414982164090368 0.672972972972973 0.016646848989298454 0.052702702702702706
48 0.6652794292508918 0.672972972972973 0.016646848989298454 0.05540540540540541
53 0.687871581450654 0.6736486486486486 0.014268727705112961 0.05405405405405406
48 0.7098692033293698 0.6736486486486486 0.013674197384066587 0.0472972972972973
59 0.7321640903686087 0.6756756756756757 0.014268727705112961 0.05405405405405406
48 0.7535671819262783 0.672972972972973 0.013674197384066587 0.052702702702702706
53 0.7761593341260404 0.675 0.013079667063020214 0.05
37 0.8213436385255648 0.6743243243243243 0.013079667063020214 0.0472972972972973
60 0.8442330558858502 0.6756756756756757 0.014863258026159334 0.05
56 0.03864447086801427 0.7574324324324324 0.014268727705112961 0.0472972972972973
37 0.06093935790725327 0.7533783783783784 0.014863258026159334 0.0472972972972973
46 0.08263971462544589 0.754054054054054 0.015457788347205707 0.04864864864864865
37 0.10523186682520809 0.7560810810810811 0.014268727705112961 0.05
53 0.1272294887039239 0.7560810810810811 0.015457788347205707 0.05
41 0.14982164090368608 0.7554054054054054 0.014268727705112961 0.04864864864864865
37 0.1718192627824019 0.7560810810810811 0.014268727705112961 0.052702702702702706
47 0.1938168846611177 0.7554054054054054 0.014268727705112961 0.051351351351351354
48 0.21730083234244946 0.7574324324324324 0.01605231866825208 0.052702702702702706
53 0.23929845422116527 0.7574324324324324 0.014863258026159334 0.05
37 0.2832936979785969 0.7554054054054054 0.013674197384066587 0.04594594594594595
53 0.3055885850178359 0.7554054054054054 0.014268727705112961 0.051351351351351354
46 0.32877526753864444 0.754054054054054 0.013079667063020214 0.04864864864864865
40 0.37633769322235433 0.7581081081081081 0.013079667063020214 0.05405405405405406
23 0.39595719381688466 0.7560810810810811 0.014268727705112961 0.05
37 0.41825208085612364 0.7554054054054054 0.013674197384066587 0.051351351351351354
57 0.4405469678953627 0.754054054054054 0.016646848989298454 0.051351351351351354
61 0.4622473246135553 0.7581081081081081 0.013674197384066587 0.05675675675675676
43 0.48573127229488705 0.7554054054054054 0.014268727705112961 0.05405405405405406
41 0.5086206896551724 0.754054054054054 0.014863258026159334 0.051351351351351354
37 0.5300237812128419 0.7533783783783784 0.013674197384066587 0.05
40 0.5772889417360285 0.7547297297297297 0.013079667063020214 0.05
11 0.5975029726516052 0.754054054054054 0.013079667063020214 0.04864864864864865
40 0.6189060642092746 0.7560810810810811 0.014268727705112961 0.05540540540540541
65 0.6423900118906064 0.7560810810810811 0.014863258026159334 0.05540540540540541
40 0.13020214030915578 0.8412162162162162 0.013079667063020214 0.05
30 0.1495243757431629 0.8398648648648649 0.013674197384066587 0.05
37 0.17122473246135553 0.8412162162162162 0.014268727705112961 0.05
65 0.1941141498216409 0.8398648648648649 0.014863258026159334 0.05540540540540541
52 0.2609988109393579 0.8418918918918918 0.013079667063020214 0.04864864864864865
37 0.2838882282996433 0.8391891891891892 0.01605231866825208 0.05405405405405406
37 0.30648038049940546 0.8398648648648649 0.01605231866825208 0.052702702702702706
37 0.3275862068965517 0.8385135135135136 0.013079667063020214 0.0472972972972973
58 0.3513674197384067 0.8398648648648649 0.015457788347205707 0.052702702702702706
48 0.3733650416171225 0.8385135135135136 0.014268727705112961 0.0472972972972973
56 0.4179548156956005 0.8398648648648649 0.015457788347205707 0.052702702702702706
55 0.4399524375743163 0.8412162162162162 0.014268727705112961 0.052702702702702706
38 0.4845422116527943 0.8371621621621622 0.014268727705112961 0.05540540540540541
37 0.5071343638525565 0.8378378378378378 0.014268727705112961 0.04864864864864865
37 0.5526159334126041 0.8405405405405405 0.01248513674197384 0.04864864864864865
50 0.5743162901307967 0.8418918918918918 0.013079667063020214 0.051351351351351354
55 0.5966111771700356 0.8398648648648649 0.014863258026159334 0.05
53 0.6192033293697978 0.8405405405405405 0.014863258026159334 0.05405405405405406
46 0.6423900118906064 0.8378378378378378 0.014863258026159334 0.051351351351351354
52 0.6881688466111772 0.8398648648648649 0.013674197384066587 0.05
37 0.7092746730083235 0.8398648648648649 0.014268727705112961 0.0445945945945946
53 0.7309750297265161 0.8412162162162162 0.013674197384066587 0.05
55 0.7541617122473246 0.8412162162162162 0.014863258026159334 0.05540540540540541
55 0.7752675386444708 0.8405405405405405 0.014268727705112961 0.05675675675675676
41 0.7981569560047562 0.8398648648648649 0.01605231866825208 0.052702702702702706
53 0.8433412604042806 0.8418918918918918 0.017241379310344827 0.051351351351351354
40 0.04072532699167657 0.9236486486486486 0.014863258026159334 0.052702702702702706
40 0.0624256837098692 0.9222972972972973 0.014268727705112961 0.0445945945945946
30 0.08353151010701546 0.922972972972973 0.013674197384066587 0.04864864864864865
62 0.10523186682520809 0.922972972972973 0.013079667063020214 0.051351351351351354
46 0.8659334126040428 0.8405405405405405 0.016646848989298454 0.04864864864864865