40 0.08709869203329369 0.18541173220705529 0.013079667063020214 0.04899458537340522
12 0.10671819262782402 0.1812009075644604 0.013674197384066587 0.04901030976998507
55 0.12812128418549346 0.18311833719268614 0.014863258026159334 0.04904175856314477
52 0.15101070154577884 0.18304805078533445 0.014268727705112961 0.04497198011251087
52 0.17300832342449465 0.18565688048581572 0.015457788347205707 0.04635478025702192
48 0.19470868014268727 0.18420379393395303 0.013674197384066587 0.044956255715931016
59 0.21789536266349585 0.18414136972489126 0.017241379310344827 0.0545100615548695
59 0.23929845422116527 0.18673447502879267 0.013674197384066587 0.05036166112133642
48 0.262782401902497 0.1873555886936965 0.013079667063020214 0.05304863942745927
55 0.28418549346016647 0.18994869399759795 0.014268727705112961 0.04902603416656492
53 0.30677764565992865 0.18784351836492927 0.015457788347205707 0.057165591067832734
55 0.35344827586206895 0.18772653214509574 0.014863258026159334 0.0544471639685501
45 0.3745541022592152 0.18963609957503152 0.015457788347205707 0.05176018566242733
40 0.42122473246135556 0.19019478903087364 0.011296076099881093 0.05029876353501702
18 0.441141498216409 0.18869452928927138 0.014268727705112961 0.05172873686926762
48 0.46343638525564806 0.18995986983669122 0.01605231866825208 0.04772185600495312
46 0.48602853745541025 0.19123307258240096 0.013674197384066587 0.04901030976998507
47 0.5083234244946492 0.18979571042711807 0.013079667063020214 0.047643234022053865
43 0.5303210463733651 0.1903775131005723 0.015457788347205707 0.05040883431107598
58 0.5526159334126041 0.1902915022966408 0.014863258026159334 0.05714986667125288
40 0.6013674197384067 0.19428360551889073 0.014863258026159334 0.05444716396855018
14 0.6203923900118906 0.1927597591824187 0.013674197384066587 0.044956255715931016
41 0.643281807372176 0.19674352682912108 0.016646848989298454 0.057197039860992435
61 0.6649821640903686 0.19664179162860973 0.014863258026159334 0.05850121802260423
39 0.6884661117717004 0.19388452691513516 0.016646848989298454 0.046386229050181624
37 0.7104637336504162 0.19581768093994079 0.011890606420927468 0.05166583928294822
60 0.7330558858501783 0.1977665593613262 0.016646848989298454 0.05449433715828973
48 0.7553507728894173 0.1983562242330704 0.01605231866825208 0.0544786127617098
55 0.7773483947681332 0.1996137025822003 0.013674197384066587 0.05576706652674183
53 0.7996432818073722 0.2002033674539444 0.015457788347205707 0.047706131608373274
40 0.06450653983353151 0.26454393486675093 0.013674197384066587 0.053064363824039125
40 0.08680142687277051 0.26648495108984643 0.014268727705112961 0.05308008822061897
12 0.1070154577883472 0.2649925535465341 0.013079667063020214 0.04358917996799981
47 0.1278240190249703 0.2635158803998016 0.014268727705112961 0.05037738551791627
43 0.15041617122473247 0.26884313719956543 0.013079667063020214 0.04899458537340522
41 0.17300832342449465 0.26673796156689683 0.016646848989298454 0.05179163445558703
40 0.10790725326991676 0.34947559960086333 0.01248513674197384 0.047627509625474095
53 0.12812128418549346 0.350010229084578 0.014863258026159334 0.05309581261719875
37 0.1492271105826397 0.3465143911091084 0.013079667063020214 0.05034593672475657
50 0.17271105826397146 0.34983820747671507 0.013674197384066587 0.0530643638240392
37 0.19530321046373364 0.3497600588710734 0.013674197384066587 0.049010309769984994
56 0.21730083234244946 0.3503418615445277 0.014863258026159334 0.0517444612658474
37 0.23929845422116527 0.3495723128666305 0.013674197384066587 0.05441571517539055
59 0.2624851367419738 0.3522125913602714 0.013674197384066587 0.047658958418633796
37 0.28418549346016647 0.3521108561597601 0.014268727705112961 0.05172873686926762
59 0.32877526753864444 0.3553172129302754 0.015457788347205707 0.05040883431107598
65 0.3748513674197384 0.3545088266381863 0.014863258026159334 0.0544471639685501
37 0.39595719381688466 0.35439136704109514 0.013079667063020214 0.047643234022053865
59 0.4408442330558858 0.35422720763152205 0.01605231866825208 0.0531272614103586
37 0.46284185493460167 0.3554846859806519 0.01248513674197384 0.057086969084933555
48 0.5092152199762188 0.3580625402652311 0.014863258026159334 0.0517444612658474
59 0.5312128418549346 0.3599956942900367 0.014863258026159334 0.0517444612658474
50 0.5523186682520809 0.35785120766591844 0.015457788347205707 0.057165591067832734
55 0.5755053507728894 0.3564374321055053 0.016646848989298454 0.05584568850964093
51 0.5969084423305588 0.3576791860580554 0.013079667063020214 0.05439999077881062
37 0.6203923900118906 0.3589759753986349 0.01605231866825208 0.05312726141035845
58 0.6423900118906064 0.3609091294234405 0.013674197384066587 0.05306436382403905
59 0.6658739595719382 0.3628815944396957 0.015457788347205707 0.05040883431107598
65 0.6881688466111772 0.3621199079600885 0.01248513674197384 0.05573561773358205
48 0.710166468489893 0.3627017106335428 0.01605231866825208 0.0477218560049532
56 0.7318668252080857 0.3632756511087071 0.015457788347205707 0.05311153701377868
59 0.7773483947681332 0.3658299187984165 0.014863258026159334 0.05309581261719875
37 0.7981569560047562 0.36232621862465697 0.013674197384066587 0.055767066526741904
40 0.04221165279429251 0.4274677835085202 0.015457788347205707 0.05040883431107598
40 0.06450653983353151 0.4300844754072915 0.014863258026159334 0.0517444612658474
26 0.08382877526753864 0.429244166944785 0.014268727705112961 0.05308008822061897
47 0.10582639714625446 0.42847461826688793 0.015457788347205707 0.04635478025702192
48 0.1272294887039239 0.43241907492214066 0.015457788347205707 0.05311153701377868
51 0.1495243757431629 0.4330087397938849 0.01605231866825208 0.0504245587076559
48 0.17271105826397146 0.4322706399091475 0.013674197384066587 0.0530643638240392
56 0.19530321046373364 0.4328681669791815 0.014863258026159334 0.05309581261719875
56 0.21730083234244946 0.43209861830128443 0.014863258026159334 0.05579851531990145
48 0.23989298454221164 0.4320204696956428 0.014863258026159334 0.049041758563144695
53 0.2615933412604043 0.4346214371978341 0.014268727705112961 0.055782790923321675
43 0.28478002378121287 0.4345590129887724 0.013079667063020214 0.05439999077881062
40 0.3320451843043995 0.43580910251687 0.01605231866825208 0.049073207356304396
40 0.35434007134363854 0.43504741603726277 0.013079667063020214 0.05169728807610792
29 0.3751486325802616 0.43762479694458434 0.015457788347205707 0.05040883431107598
39 0.39625445897740785 0.43615598599614186 0.014863258026159334 0.0517444612658474
48 0.41973840665873957 0.4367770996610456 0.015457788347205707 0.049057482959724626
43 0.4405469678953627 0.4366517778656645 0.013079667063020214 0.05034593672475657
53 0.46313912009512487 0.4386006562870499 0.015457788347205707 0.05311153701377868
39 0.4866230677764566 0.4398974456276295 0.013674197384066587 0.05441571517539055
43 0.5080261593341261 0.4391121725531525 0.014863258026159334 0.0517444612658474
40 0.5555885850178359 0.44239715130656704 0.014268727705112961 0.05172873686926762
40 0.5769916765755053 0.4429632295834415 0.014268727705112961 0.05443143957197032
18 0.5978002378121284 0.44216223211238465 0.014863258026159334 0.0517444612658474
48 0.6200951248513674 0.4414005456327775 0.015457788347205707 0.05176018566242733
46 0.6429845422116528 0.4420059349011014 0.016646848989298454 0.05314298580693823
47 0.6646848989298454 0.4419041997005901 0.015457788347205707 0.05176018566242733
40 0.7122473246135553 0.44856755683238303 0.01248513674197384 0.05573561773358205
40 0.7351367419738407 0.44714591907368 0.013674197384066587 0.05171301247268785
29 0.754756242568371 0.4490161755121662 0.01248513674197384 0.05843832043628475
39 0.77705112960761 0.446227462005532 0.014268727705112961 0.05443143957197032
47 0.7990487514863258 0.44613358900331046 0.013079667063020214 0.055751342130161974
55 0.8207491082045184 0.4480588808298262 0.015457788347205707 0.05986829377053544
55 0.8427467300832342 0.45201906188165875 0.014863258026159334 0.05579851531990145
51 0.8659334126040428 0.44925393496989435 0.013674197384066587 0.04901030976998515
40 0.08561236623067776 0.5110480968912814 0.013079667063020214 0.05169728807610792
24 0.10642092746730084 0.5129498021229272 0.014863258026159334 0.0517444612658474
37 0.1278240190249703 0.5121645290484503 0.014268727705112961 0.05308008822061882
46 0.1495243757431629 0.5134141451992903 0.014863258026159334 0.0517444612658474
56 0.1718192627824019 0.5119767830440074 0.015457788347205707 0.05311153701377868
37 0.1938168846611177 0.5132342613931372 0.014268727705112961 0.049026034166564765
56 0.21730083234244946 0.5152067264093926 0.014863258026159334 0.0517444612658474
37 0.2390011890606421 0.5144293155332055 0.015457788347205707 0.05446288836513003
37 0.2624851367419738 0.5974828616305417 0.014863258026159334 0.05579851531990145
59 0.2621878715814506 0.5177452697025221 0.013079667063020214 0.04899458537340522
48 0.28478002378121287 0.5169914454212048 0.013079667063020214 0.05439999077881062
52 0.30648038049940546 0.5189167372477205 0.013674197384066587 0.05441571517539055
61 0.32936979785969084 0.5188464508403688 0.016646848989298454 0.05854839121234379
53 0.3522592152199762 0.5181004887573415 0.014863258026159334 0.05309581261719875
55 0.3733650416171225 0.5186587048359259 0.014268727705112961 0.055782790923321675
37 0.41854934601664684 0.5185024076246427 0.015457788347205707 0.05040883431107598
53 0.441141498216409 0.5245053401000822 0.015457788347205707 0.058516942419184086
46 0.4625445897740785 0.5210173643229026 0.015457788347205707 0.058516942419184086
40 0.5324019024970273 0.5235406565967099 0.013674197384066587 0.05171301247268785
26 0.5532104637336505 0.5240910104770045 0.014863258026159334 0.0517444612658474
47 0.5752080856123662 0.5233214617991073 0.014863258026159334 0.0517444612658474
48 0.5980975029726516 0.52257549971608 0.016646848989298454 0.04908893175288433
51 0.6197978596908442 0.5272034942452983 0.013674197384066587 0.05441571517539055
48 0.6429845422116528 0.5278167457119122 0.014863258026159334 0.0517444612658474
56 0.6649821640903686 0.5270471970340151 0.014863258026159334 0.0544471639685501
56 0.6875743162901308 0.5276447241040492 0.014863258026159334 0.049041758563144695
48 0.710166468489893 0.5262152241470563 0.013674197384066587 0.0503616611213365
53 0.7321640903686087 0.5288240538475376 0.014863258026159334 0.049041758563144695
43 0.7538644470868014 0.5266952916199991 0.013079667063020214 0.04899458537340522
40 0.8005350772889417 0.5306323594542196 0.014863258026159334 0.05309581261719875
11 0.8207491082045184 0.5304913132622586 0.014268727705112961 0.05172873686926762
61 0.8430439952437574 0.5317566538096785 0.015457788347205707 0.05311153701377868
59 0.866230677764566 0.5350726079789951 0.01248513674197384 0.051681563679527996
48 0.8882282996432818 0.536330086328125 0.013674197384066587 0.05306436382403905
53 0.9111177170035671 0.5362597999207733 0.014863258026159334 0.0544471639685501
43 0.9337098692033293 0.5348302999637804 0.015457788347205707 0.05446288836513003
59 0.9560047562425684 0.5360956405112002 0.015457788347205707 0.05581423971648138
59 0.9782996432818074 0.5366853053829443 0.014268727705112961 0.055782790923321675
40 0.041319857312722946 0.592984737454191 0.014268727705112961 0.05308008822061897
16 0.061236623067776455 0.5935115047396159 0.015457788347205707 0.05581423971648138
55 0.08323424494649227 0.5940933074130701 0.013674197384066587 0.04901030976998515
58 0.10493460166468489 0.5939915722125587 0.013674197384066587 0.05441571517539055
40 0.1519024970273484 0.5952337995423664 0.01248513674197384 0.051681563679527996
29 0.1724137931034483 0.595776291224371 0.016646848989298454 0.05179163445558703
55 0.1941141498216409 0.5963502316995354 0.014863258026159334 0.0544471639685501
39 0.2170035671819263 0.595604269616508 0.016646848989298454 0.05449433715828973
48 0.24019024970273484 0.5968931967587976 0.013674197384066587 0.04901030976998515
51 0.28478002378121287 0.5980725265022859 0.016646848989298454 0.05314298580693823
40 0.33115338882282996 0.5999747051111893 0.01248513674197384 0.051681563679527996
56 0.3522592152199762 0.6005329211897739 0.016646848989298454 0.05854839121234379
58 0.37395957193816887 0.6038095643676409 0.014863258026159334 0.05579851531990145
55 0.39655172413793105 0.6017043887349722 0.015457788347205707 0.05176018566242733
46 0.41884661117717004 0.6022940536067164 0.014268727705112961 0.05172873686926762
58 0.4402497027348395 0.6028601318835908 0.015457788347205707 0.05446288836513003
43 0.46343638525564806 0.6014463563231777 0.014268727705112961 0.05172873686926762
59 0.48573127229488705 0.6040630482219489 0.014268727705112961 0.05848549362602438
59 0.5083234244946492 0.6039848996163073 0.014863258026159334 0.05985256937395551
53 0.5752080856123662 0.6875106509882964 0.0178359096313912 0.05452578595144943
37 0.597205707491082 0.6887681293374265 0.014268727705112961 0.05308008822061897
40 0.6004756242568371 0.6111519108159129 0.013079667063020214 0.04899458537340522
40 0.6224732461355529 0.6103823621380157 0.014268727705112961 0.055782790923321675
26 0.64179548156956 0.6088663779998337 0.014268727705112961 0.055782790923321675
38 0.6646848989298454 0.606769064565455 0.014268727705112961 0.05172873686926762
59 0.687871581450654 0.6114363700861228 0.014268727705112961 0.05443143957197017
41 0.710166468489893 0.6120260349578671 0.015457788347205707 0.05446288836513003
37 0.7761593341260404 0.611068740275527 0.015457788347205707 0.05311153701377868
60 0.797859690844233 0.6143453834533941 0.015457788347205707 0.05040883431107598
40 0.06331747919143876 0.6773503239114291 0.014863258026159334 0.0517444612658474
52 0.08293697978596909 0.6751665262958613 0.015457788347205707 0.05581423971648138
37 0.10523186682520809 0.678458893870308 0.015457788347205707 0.05446288836513003
50 0.1272294887039239 0.6783650208680867 0.014863258026159334 0.04904175856314485
37 0.1495243757431629 0.6769276587128038 0.013674197384066587 0.0530643638240392
60 0.1718192627824019 0.6775173235845479 0.013674197384066587 0.0530643638240392
48 0.19470868014268727 0.6774470371771963 0.014863258026159334 0.0544471639685501
40 0.24167657550535077 0.682743318561058 0.013674197384066587 0.04901030976998515
17 0.2609988109393579 0.6792003073958489 0.014863258026159334 0.0544471639685501
37 0.2838882282996433 0.6791300209884973 0.016646848989298454 0.05314298580693823
58 0.30618311533888226 0.680395361535917 0.014863258026159334 0.0544471639685501
41 0.3284780023781213 0.6830120534346883 0.013674197384066587 0.05171301247268785
43 0.3516646848989298 0.6822739535499508 0.013674197384066587 0.05306436382403905
53 0.3748513674197384 0.6849142320435917 0.017241379310344827 0.05315871020351815
40 0.42092746730083236 0.687484224129881 0.014268727705112961 0.05308008822061882
12 0.441141498216409 0.6839647995595417 0.01248513674197384 0.047627509625474095
51 0.4622473246135553 0.6845230156381261 0.016646848989298454 0.05449433715828958
61 0.48543400713436385 0.6871632941317671 0.013674197384066587 0.05441571517539055
38 0.5071343638525565 0.684358856228553 0.014268727705112961 0.05172873686926747
51 0.6414982164090368 0.6899395968826249 0.016646848989298454 0.05314298580693823
48 0.6652794292508918 0.6905685727458186 0.016646848989298454 0.05584568850964093
53 0.687871581450654 0.6918417754915284 0.014268727705112961 0.05443143957197032
48 0.7098692033293698 0.6924235781649826 0.013674197384066587 0.047658958418633796
59 0.7321640903686087 0.6950402700637538 0.014268727705112961 0.05443143957197048
48 0.7535671819262783 0.6929036456379254 0.013674197384066587 0.0530643638240392
53 0.7761593341260404 0.6955281997349865 0.013079667063020214 0.05034593672475657
37 0.8213436385255648 0.696047578199379 0.013079667063020214 0.047643234022053865
60 0.8442330558858502 0.6980043188190543 0.014863258026159334 0.05039310991449605
56 0.03864447086801427 0.7584545182101222 0.014268727705112961 0.047674682815213726
37 0.06093935790725327 0.7549901290278124 0.014863258026159334 0.047690407211793344
46 0.08263971462544589 0.7562397451786523 0.015457788347205707 0.049057482959724626
37 0.10523186682520809 0.7588642992757135 0.014268727705112961 0.05037738551791643
53 0.1272294887039239 0.7594461019491677 0.015457788347205707 0.05040883431107598
41 0.14982164090368608 0.759367953343526 0.014268727705112961 0.04902603416656508
37 0.1718192627824019 0.760625431692656 0.014268727705112961 0.05308008822061913
47 0.1938168846611177 0.7605315586904345 0.014268727705112961 0.05172873686926778
48 0.21730083234244946 0.7631796993823655 0.01605231866825208 0.0531272614103586
53 0.23929845422116527 0.7637615020558197 0.014863258026159334 0.05039310991449605
37 0.2832936979785969 0.7628980803757011 0.013674197384066587 0.046307607067282444
53 0.3055885850178359 0.7634877452474453 0.014268727705112961 0.05172873686926778
46 0.32877526753864444 0.7627496453627078 0.013079667063020214 0.04899458537340522
40 0.37633769322235433 0.7680616511431495 0.013079667063020214 0.05439999077881062
23 0.39595719381688466 0.7665535292032571 0.014268727705112961 0.05037738551791643
37 0.41825208085612364 0.7664675183993258 0.013674197384066587 0.051713012472687545
57 0.4405469678953627 0.7657058319197185 0.016646848989298454 0.05179163445558688
61 0.4622473246135553 0.7703338264489369 0.013674197384066587 0.057118417878093256
43 0.48573127229488705 0.768252237411138 0.014268727705112961 0.05443143957197048
41 0.5086206896551724 0.7675062753281107 0.014863258026159334 0.0517444612658474
37 0.5300237812128419 0.7673966779293094 0.013674197384066587 0.0503616611213365
40 0.5772889417360285 0.7699981188087585 0.013079667063020214 0.05034593672475657
11 0.5975029726516052 0.7698570726167974 0.013079667063020214 0.04899458537340522
40 0.6189060642092746 0.7724501779206988 0.014268727705112961 0.055782790923321834
65 0.6423900118906064 0.7730712915856027 0.014863258026159334 0.05579851531990145
40 0.13020214030915578 0.8446598590672021 0.013079667063020214 0.05034593672475657
30 0.1495243757431629 0.8438195506046957 0.013674197384066587 0.0503616611213365
37 0.17122473246135553 0.8457448424312113 0.014268727705112961 0.050377385517916116
65 0.1941141498216409 0.8449988803481839 0.014863258026159334 0.05579851531990145
52 0.2609988109393579 0.8487949019904435 0.013079667063020214 0.04899458537340522
37 0.2838882282996433 0.8466975885560647 0.01605231866825208 0.054478612761709955
37 0.30648038049940546 0.8479707913017746 0.01605231866825208 0.0531272614103586
37 0.3275862068965517 0.8471776560290077 0.013079667063020214 0.047643234022053865
58 0.3513674197384067 0.8491579832435527 0.015457788347205707 0.05311153701377868
48 0.3733650416171225 0.8483884345656557 0.014268727705112961 0.047674682815213726
56 0.4179548156956005 0.8509191156604954 0.015457788347205707 0.05311153701377868
55 0.4399524375743163 0.8528522696853008 0.014268727705112961 0.05308008822061913
38 0.4845422116527943 0.8499775453747351 0.014268727705112961 0.055782790923321834
37 0.5071343638525565 0.8512507481204448 0.014268727705112961 0.04902603416656508
37 0.5526159334126041 0.8551563671615057 0.01248513674197384 0.0489788609768256
50 0.5743162901307967 0.8570816589880212 0.013079667063020214 0.05169728807610792
55 0.5966111771700356 0.8556442968327385 0.014863258026159334 0.05039310991449605
53 0.6192033293697978 0.8569174995784482 0.014863258026159334 0.0544471639685501
46 0.6423900118906064 0.8548280483423595 0.014863258026159334 0.0517444612658474
52 0.6881688466111772 0.8580658539060345 0.013674197384066587 0.0503616611213365
37 0.7092746730083235 0.858624069984619 0.014268727705112961 0.04497198011251102
53 0.7309750297265161 0.8605493618111345 0.013674197384066587 0.05036166112133619
55 0.7541617122473246 0.8611626132777486 0.014863258026159334 0.05579851531990145
55 0.7752675386444708 0.8610451536806575 0.014268727705112961 0.057134142274673186
41 0.7981569560047562 0.8609748672733056 0.01605231866825208 0.0531272614103586
53 0.8433412604042806 0.8641969484404008 0.017241379310344827 0.0518073588521668
40 0.04072532699167657 0.924725769814368 0.014863258026159334 0.05309581261719875
40 0.0624256837098692 0.9239483589381808 0.014268727705112961 0.04497198011251102
30 0.08353151010701546 0.925182250692441 0.013674197384066587 0.04901030976998484
62 0.10523186682520809 0.9257561911676054 0.013079667063020214 0.05169728807610792
46 0.8659334126040428 0.8634431241590835 0.016646848989298454 0.049088931752884174