40 0.08647599588340735 0.05372751758532901 0.014803110274001623 0.09793016439849588
10 0.10607020724251386 0.0527961474724937 0.014798361025176355 0.09371075511579546
53 0.1301470906467498 0.05846392627982702 0.015624186053439133 0.10219867095321776
46 0.15300660812830533 0.05772894525507753 0.01561943680461382 0.09797926167051733
50 0.19789506881432825 0.06886811378165836 0.014005780738690441 0.11475870425727609
37 0.2215685382020834 0.07029193467028053 0.014005780738690396 0.11475870425727609
48 0.2440175177939201 0.07164210965087052 0.01482210726930264 0.11480780152929757
38 0.26687228602665025 0.07512653790882146 0.01318945420807815 0.11470960698525468
48 0.29054100616558015 0.08076976808014405 0.01482210726930264 0.11480780152929757
46 0.3138015630392038 0.08638844961545593 0.015638433799914885 0.11485689880131901
37 0.3358376301169092 0.0919334852427356 0.01482210726930264 0.11480780152929757
53 0.3599097642723199 0.10182067333276935 0.01565268154639073 0.12751512664942027
53 0.4056145514889551 0.11300893913137164 0.014831605766953266 0.12324662009469842
48 0.42847169434609783 0.11438366274797236 0.014826856518128045 0.11902721081199799
40 0.4757972615018944 0.1362186462973686 0.0140105299875158 0.11897811353997655
26 0.49702175129781273 0.13749517536992642 0.014836355015778485 0.12746602937739887
55 0.5198741449061304 0.14308930826922756 0.01565268154639073 0.12751512664942027
51 0.5419125866082484 0.14652463925515705 0.01402477773399146 0.1316363413880778
55 0.5655765574983529 0.15638727870918007 0.01564793229756551 0.12329571736671986
53 0.6112837193394007 0.16546583986643212 0.01564793229756551 0.12329571736671992
37 0.6337326989312375 0.1668160148470221 0.014826856518128045 0.11902721081199802
59 0.6798385255399408 0.18435794320568577 0.01565268154639073 0.12751512664942027
48 0.7035143695521086 0.18367205945295773 0.01564318304874029 0.11907630808401944
40 0.7520644265038234 0.20558068891038617 0.013194203456903556 0.11892901626795507
20 0.7720691757526487 0.20256416279221137 0.01564318304874029 0.11907630808401944
55 0.7945062822224223 0.21446286097955242 0.01564793229756551 0.12329571736671992
47 0.8169552618142589 0.2158130359601424 0.01564318304874029 0.11907630808401949
53 0.8406192327043636 0.22567567541416542 0.01565268154639073 0.12751512664942027
53 0.8634716263126813 0.23126980831346655 0.01564793229756514 0.12329571736671986
65 0.8863240199209986 0.23686394121276771 0.01564793229756551 0.12329571736671986
40 0.03975066443667334 0.2239247536708234 0.014010529987515709 0.11897811353997655
23 0.060158827701979466 0.22515218547135976 0.015647932297565465 0.12329571736671992
37 0.21972454356813437 0.25795745320640645 0.01318945420807815 0.11470960698525465
65 0.24338851445823895 0.2678200926604294 0.01564793229756551 0.12329571736671992
48 0.28909805092369933 0.2747889491763313 0.01482210726930264 0.1148078015292976
59 0.3123538585484978 0.2846270399943436 0.01565268154639073 0.12751512664942022
37 0.3343946748750284 0.28595266633892286 0.014005780738690396 0.11475870425727612
53 0.3584691836548517 0.29373014978760636 0.014831605766953266 0.12324662009469844
46 0.38173448977730073 0.29512942204021775 0.015643183048740197 0.11907630808401938
56 0.42620766332477966 0.3125731558548385 0.01564793229756551 0.12329571736671992
61 0.4494682201984033 0.31819183739015044 0.014831605766953266 0.12324662009469844
51 0.47109612401080253 0.3237123243814194 0.014831605766953266 0.12324662009469844
48 0.4955859199291699 0.325185242542063 0.016459509579352535 0.11912540535604085
59 0.5184335642886622 0.3349987847240646 0.01564793229756551 0.1232957173667198
40 0.08401249641142775 0.42913220056561296 0.014010529987515709 0.11897811353997655
10 0.1036090823949469 0.4260911258114274 0.014010529987515709 0.11897811353997655
53 0.12727305328505145 0.43595376526545043 0.015657430795216042 0.13173453593212064
46 0.15013019614219433 0.43732848888205117 0.015643183048740197 0.11907630808401938
39 0.19583735798324212 0.4464070500393032 0.015643183048740197 0.11907630808401949
37 0.2186897515915597 0.45200118293860436 0.01482210726930264 0.1148078015292976
50 0.2411292326857459 0.4617901764845952 0.01401527923634102 0.12319752282267697
43 0.264802702073501 0.46321399737321733 0.01482210726930264 0.11480780152929748
53 0.3105027400413109 0.47862167245452003 0.01565268154639073 0.12751512664942022
37 0.3325435563678415 0.47994729879909936 0.01401527923634102 0.12319752282267697
52 0.3790599208662637 0.4954040711524235 0.01564793229756551 0.1232957173667198
37 0.4019170637234066 0.49677879476902426 0.014005780738690396 0.11475870425727601
56 0.4247647080828988 0.5065923369510258 0.01564793229756551 0.1232957173667198
51 0.4468031497850168 0.5100276679369553 0.014836355015778485 0.12746602937739876
43 0.4704718699239467 0.5156708981082779 0.015638433799914885 0.11485689880131895
62 0.5169858597979562 0.5332373751029522 0.01565268154639073 0.12751512664942033
37 0.5386232621080059 0.5303190435288203 0.014826856518128045 0.11902721081199802
53 0.5622848583736978 0.5422913876241935 0.01565268154639073 0.12751512664942047
48 0.5855501644961468 0.543690659876805 0.015638433799914885 0.11485689880131919
51 0.607581482325027 0.5534551047867852 0.01401527923634102 0.12319752282267708
51 0.6308420391986507 0.5590737863220969 0.01401527923634102 0.12319752282267708
37 0.6536991820557935 0.5604485099386977 0.014826856518128045 0.11902721081199791
37 0.6998097579133221 0.5737710290146609 0.0140105299875158 0.11897811353997642
65 0.7238818920687328 0.5836582171046946 0.01565268154639073 0.12751512664942047
56 0.7683645641138622 0.5926631323539147 0.01564793229756551 0.1232957173667198
37 0.7908087944568738 0.598232716617205 0.013194203456903556 0.11892901626795495
38 0.8136611880651914 0.603826849516506 0.014005780738690582 0.11475870425727625
55 0.8373251589552959 0.6136894889705292 0.01564793229756551 0.12329571736672004
58 0.8601775525636135 0.6192836218698302 0.016464258828177755 0.12334481463874128
48 0.8830346954207562 0.6206583454864311 0.0156384337999147 0.11485689880131919
60 0.9058823397802486 0.6304718876684325 0.01564793229756551 0.12329571736672004
55 0.9287347333885663 0.6360660205677338 0.014831605766953266 0.12324662009469832
50 0.03360182245487545 0.6096570221337618 0.014015279236340975 0.12319752282267708
55 0.05686237932849916 0.6152757036690737 0.01565268154639073 0.12751512664942047