40 0.084338100770339 0.11898106965112118 0.014124520318527527 0.11053929497457567
10 0.10391093986671601 0.11172058561423524 0.014134019137685945 0.11475870425727612
53 0.12758915866405032 0.11525411114420764 0.014969343306615047 0.12324662009469842
46 0.15043680270203474 0.11240942547810792 0.014950345668298167 0.11480780152929754
50 0.19534426070486666 0.11932918472198832 0.013336690245390559 0.12314842555065549
37 0.21900823127346336 0.11653359632791008 0.01332719142623207 0.11892901626795507
48 0.24186537413060621 0.1179083199445108 0.014134019137686015 0.11475870425727612
38 0.2643096043128637 0.11714879028375058 0.012491867257303038 0.1104411004305328
48 0.2879830737006188 0.11857261117237276 0.014124520318527527 0.11053929497457571
46 0.3112483798230678 0.1199718834249842 0.014940846849139773 0.11058839224659715
37 0.3332891961495984 0.12129750976956347 0.014124520318527527 0.11053929497457571
53 0.35738032762181804 0.1269652885768968 0.014969343306615047 0.12324662009469842
53 0.40309461333610375 0.12971473581009824 0.014143517956844315 0.11897811353997655
48 0.4259422573740882 0.12687005014399855 0.014134019137686015 0.11475870425727612
40 0.4737211064628006 0.14029076376400468 0.01331769260707377 0.11470960698525465
26 0.4949360974395605 0.13734788355386207 0.014153016776002803 0.12319752282267697
55 0.5177932402967034 0.13872260717046278 0.014969343306615047 0.12324662009469844
51 0.539834056623234 0.14004823351504203 0.013346189064549045 0.12736783483335593
55 0.5635122754205684 0.1435817590450144 0.014959844487456561 0.11902721081199796
53 0.6092265611348541 0.14633120627821586 0.014959844487456561 0.11902721081199802
37 0.6316660419075323 0.1434619719761054 0.014134019137686015 0.11475870425727612
59 0.6778027391158618 0.15256508176936823 0.014969343306615233 0.12324662009469844
48 0.7014619602748793 0.14765978873393976 0.014950345668298259 0.1148078015292976
40 0.750057135894204 0.16112959962596737 0.012501366076461524 0.11466050971323317
20 0.7700381382558871 0.15389366422509215 0.014950345668298259 0.1148078015292976
55 0.7925013660764615 0.16157295312973277 0.014959844487456561 0.11902721081199802
47 0.8149408468491398 0.15870371882762233 0.014950345668298259 0.1148078015292976
53 0.8386238150560533 0.16434694899894495 0.014969343306615233 0.12324662009469844
53 0.8614809579131962 0.16572167261554566 0.014959844487456561 0.11902721081199796
65 0.884338100770339 0.16709639623214634 0.014959844487456561 0.11902721081199802
40 0.039051261918182936 0.30610504013943873 0.0133176926070737 0.11470960698525465
23 0.05945467577390984 0.30522276729862485 0.01495984448745663 0.11902721081199802
37 0.21903226427986608 0.3084921700547686 0.012491867257303038 0.11044110043053287
65 0.24271523248677956 0.31413540022609115 0.014959844487456561 0.11902721081199802
48 0.28842001938190687 0.3126654381765922 0.014124520318527527 0.11053929497457571
59 0.31169482432351425 0.318284119711904 0.014969343306615047 0.12324662009469844
37 0.3337261418308865 0.3153903367737829 0.013308193787915283 0.11049019770255422
53 0.3578125238935269 0.318948410939766 0.014143517956844409 0.11897811353997655
46 0.38106833119681743 0.31612827390967707 0.014950345668298167 0.11480780152929748
56 0.42598053860922863 0.32515773779490764 0.014959844487456561 0.11902721081199791
61 0.4492458447316776 0.3265570100475191 0.014143517956844315 0.11897811353997655
51 0.47087849779290214 0.32785808775608766 0.014143517956844315 0.11897811353997655
48 0.495358794892111 0.32511159663403083 0.015766672198910505 0.11485689880131895
59 0.5182254365684124 0.330705729533332 0.014959844487456561 0.11902721081199802
40 0.08520724272333595 0.5050570190182098 0.0133176926070737 0.11470960698525465
10 0.10478008181971295 0.49779653498132387 0.013317692607073677 0.11470960698525477
53 0.1284630500266265 0.5034397651526464 0.014978842125773535 0.12746602937739876
46 0.15131069406461092 0.5005950794865468 0.014950345668298167 0.11480780152929748
39 0.1970202303693174 0.501234822078398 0.014950345668298212 0.1148078015292976
37 0.21987737322646028 0.5026095456949987 0.014124520318527527 0.11053929497457571
50 0.24274401490276154 0.5082036785942998 0.01332719142623207 0.11892901626795507
43 0.2659998222060521 0.5053835415642108 0.014124520318527527 0.11053929497457571
53 0.31213177000480236 0.5123769467161234 0.014969343306615047 0.12324662009469844
37 0.33416308751217455 0.5094831637780023 0.01332719142623207 0.11892901626795518
52 0.3807031985762309 0.5165011175659256 0.014959844487456561 0.11902721081199791
37 0.40355084261421537 0.5136564318998259 0.013308193787915283 0.11049019770255411
56 0.4264174842905166 0.5192505647991271 0.014959844487456561 0.11902721081199791
51 0.4484583006170472 0.5205761911437063 0.014153016776002803 0.12319752282267685
43 0.4721270205952232 0.5198903073909783 0.014940846849139587 0.11058839224659706
62 0.5186718810688588 0.5290179658202518 0.014969343306615047 0.12324662009469844
37 0.5402902859013456 0.5239899296047696 0.014134019137686015 0.11475870425727612
53 0.5639780035178384 0.5317428644174426 0.014969343306615047 0.12324662009469844
48 0.5872338108211289 0.5289227273873536 0.014940846849139773 0.11058839224659718
51 0.609284125966818 0.5344677630146333 0.01332719142623207 0.11892901626795507
51 0.632549432089267 0.5358670352672447 0.01332719142623207 0.11892901626795518
37 0.6553970761272513 0.5330223496011449 0.014134019137686015 0.11475870425727625
37 0.7015242745164224 0.5379060501117073 0.01331769260707377 0.11470960698525452
65 0.725615405988642 0.5435738289190406 0.014969343306615047 0.12324662009469832
56 0.7701004524974302 0.5441399256028597 0.014959844487456561 0.11902721081199791
37 0.792549432089267 0.5454901005834497 0.012501366076461524 0.11466050971323329
38 0.8154065749464098 0.5468648242000503 0.013308193787915283 0.11049019770255411
55 0.8394977064186295 0.5525326030073837 0.014959844487456561 0.11902721081199791
58 0.8623548492757722 0.5539073266239846 0.015776171018068805 0.11907630808401962
48 0.8852024933137568 0.5510626409578847 0.014940846849139959 0.11058839224659706
60 0.9080691349900579 0.556656773857186 0.014959844487456561 0.11902721081199791
55 0.9309262778472007 0.5580314974737867 0.014143517956844315 0.11897811353997667
50 0.03665984715831011 0.6940943050597917 0.01332719142623214 0.11892901626795495
55 0.060333316546065205 0.6955181259484139 0.014969343306615047 0.12324662009469832