40 0.08408163265306122 0.11392405063291139 0.013877551020408163 0.10970464135021098
10 0.1036734693877551 0.10548523206751055 0.013877551020408163 0.11392405063291139
53 0.1273469387755102 0.10759493670886076 0.014693877551020407 0.12236286919831224
46 0.15020408163265306 0.10337552742616034 0.014693877551020407 0.11392405063291139
50 0.19510204081632654 0.10759493670886076 0.013061224489795919 0.12236286919831224
37 0.21877551020408162 0.10337552742616034 0.013061224489795919 0.11814345991561181
48 0.2416326530612245 0.10337552742616034 0.013877551020408163 0.11392405063291139
38 0.2640816326530612 0.10126582278481013 0.012244897959183673 0.10970464135021098
48 0.28775510204081634 0.10126582278481013 0.013877551020408163 0.10970464135021098
46 0.3110204081632653 0.10126582278481013 0.014693877551020407 0.10970464135021098
37 0.3330612244897959 0.10126582278481013 0.013877551020408163 0.10970464135021098
53 0.35714285714285715 0.10548523206751055 0.014693877551020407 0.12236286919831224
53 0.40285714285714286 0.10548523206751055 0.013877551020408163 0.11814345991561181
48 0.4257142857142857 0.10126582278481013 0.013877551020408163 0.11392405063291139
40 0.47346938775510206 0.11181434599156118 0.013061224489795919 0.11392405063291139
26 0.4946938775510204 0.10759493670886076 0.013877551020408163 0.12236286919831224
55 0.5175510204081633 0.10759493670886076 0.014693877551020407 0.12236286919831224
51 0.5395918367346939 0.10759493670886076 0.013061224489795919 0.12658227848101267
55 0.563265306122449 0.10970464135021098 0.014693877551020407 0.11814345991561181
53 0.6089795918367347 0.10970464135021098 0.014693877551020407 0.11814345991561181
37 0.6314285714285715 0.10548523206751055 0.013877551020408163 0.11392405063291139
59 0.6775510204081633 0.11181434599156118 0.014693877551020407 0.12236286919831224
48 0.7012244897959183 0.10548523206751055 0.014693877551020407 0.11392405063291139
40 0.7497959183673469 0.1160337552742616 0.012244897959183673 0.11392405063291139
20 0.769795918367347 0.10759493670886076 0.014693877551020407 0.11392405063291139
55 0.7922448979591836 0.11392405063291139 0.014693877551020407 0.11814345991561181
47 0.8146938775510204 0.10970464135021098 0.014693877551020407 0.11392405063291139
53 0.8383673469387755 0.11392405063291139 0.014693877551020407 0.12236286919831224
53 0.8612244897959184 0.11392405063291139 0.014693877551020407 0.11814345991561181
65 0.8840816326530613 0.11392405063291139 0.014693877551020407 0.11814345991561181
40 0.03836734693877551 0.3037974683544304 0.013061224489795919 0.11392405063291139
23 0.05877551020408163 0.30168776371308015 0.014693877551020407 0.11814345991561181
37 0.21836734693877552 0.29535864978902954 0.012244897959183673 0.10970464135021098
65 0.2420408163265306 0.29957805907172996 0.014693877551020407 0.11814345991561181
48 0.28775510204081634 0.29535864978902954 0.013877551020408163 0.10970464135021098
59 0.3110204081632653 0.29957805907172996 0.014693877551020407 0.12236286919831224
37 0.3330612244897959 0.29535864978902954 0.013061224489795919 0.10970464135021098
53 0.35714285714285715 0.2974683544303797 0.013877551020408163 0.11814345991561181
46 0.38040816326530613 0.29324894514767935 0.014693877551020407 0.11392405063291139
56 0.4253061224489796 0.29957805907172996 0.014693877551020407 0.11814345991561181
61 0.44857142857142857 0.29957805907172996 0.013877551020408163 0.11814345991561181
51 0.47020408163265304 0.29957805907172996 0.013877551020408163 0.11814345991561181
48 0.4946938775510204 0.29535864978902954 0.015510204081632653 0.11392405063291139
59 0.5175510204081633 0.29957805907172996 0.014693877551020407 0.11814345991561181
40 0.08408163265306122 0.5 0.013061224489795919 0.11392405063291139
10 0.1036734693877551 0.49156118143459915 0.013061224489795919 0.11392405063291139
53 0.1273469387755102 0.4957805907172996 0.014693877551020407 0.12658227848101267
46 0.15020408163265306 0.49156118143459915 0.014693877551020407 0.11392405063291139
39 0.19591836734693877 0.48945147679324896 0.014693877551020407 0.11392405063291139
37 0.21877551020408162 0.48945147679324896 0.013877551020408163 0.10970464135021098
50 0.2416326530612245 0.4936708860759494 0.013061224489795919 0.11814345991561181
43 0.2648979591836735 0.48945147679324896 0.013877551020408163 0.10970464135021098
53 0.3110204081632653 0.4936708860759494 0.014693877551020407 0.12236286919831224
37 0.3330612244897959 0.48945147679324896 0.013061224489795919 0.11814345991561181
52 0.3795918367346939 0.4936708860759494 0.014693877551020407 0.11814345991561181
37 0.40244897959183673 0.48945147679324896 0.013061224489795919 0.10970464135021098
56 0.4253061224489796 0.4936708860759494 0.014693877551020407 0.11814345991561181
51 0.4473469387755102 0.4936708860759494 0.013877551020408163 0.12236286919831224
43 0.4710204081632653 0.49156118143459915 0.014693877551020407 0.10970464135021098
62 0.5175510204081633 0.4978902953586498 0.014693877551020407 0.12236286919831224
37 0.5391836734693878 0.49156118143459915 0.013877551020408163 0.11392405063291139
53 0.5628571428571428 0.4978902953586498 0.014693877551020407 0.12236286919831224
48 0.5861224489795919 0.4936708860759494 0.014693877551020407 0.10970464135021098
51 0.6081632653061224 0.4978902953586498 0.013061224489795919 0.11814345991561181
51 0.6314285714285715 0.4978902953586498 0.013061224489795919 0.11814345991561181
37 0.6542857142857142 0.4936708860759494 0.013877551020408163 0.11392405063291139
37 0.7004081632653061 0.4957805907172996 0.013061224489795919 0.11392405063291139
65 0.7244897959183674 0.5 0.014693877551020407 0.12236286919831224
56 0.7689795918367347 0.4978902953586498 0.014693877551020407 0.11814345991561181
37 0.7914285714285715 0.4978902953586498 0.012244897959183673 0.11392405063291139
38 0.8142857142857143 0.4978902953586498 0.013061224489795919 0.10970464135021098
55 0.8383673469387755 0.5021097046413502 0.014693877551020407 0.11814345991561181
58 0.8612244897959184 0.5021097046413502 0.015510204081632653 0.11814345991561181
48 0.8840816326530613 0.4978902953586498 0.014693877551020407 0.10970464135021098
60 0.9069387755102041 0.5021097046413502 0.014693877551020407 0.11814345991561181
55 0.929795918367347 0.5021097046413502 0.013877551020408163 0.11814345991561181
50 0.03510204081632653 0.6919831223628692 0.013061224489795919 0.11814345991561181
55 0.05877551020408163 0.6919831223628692 0.014693877551020407 0.12236286919831224