54 0.04827586206896552 0.4696969696969697 0.018808777429467086 0.1750841750841751
1 0.07774294670846395 0.45454545454545453 0.02006269592476489 0.16835016835016836
54 0.14231974921630094 0.734006734006734 0.021316614420062698 0.16835016835016836
1 0.1724137931034483 0.7272727272727273 0.018808777429467086 0.16835016835016836
0 0.2043887147335423 0.7272727272727273 0.018808777429467086 0.16835016835016836
54 0.33322884012539183 0.4663299663299663 0.018808777429467086 0.16835016835016836
2 0.3623824451410658 0.45791245791245794 0.016927899686520375 0.16161616161616163
54 0.42915360501567396 0.7272727272727273 0.019435736677115987 0.1750841750841751
6 0.4598746081504702 0.7255892255892256 0.019435736677115987 0.1717171717171717
7 0.48934169278996864 0.7306397306397306 0.018808777429467086 0.16835016835016836
54 0.6194357366771159 0.468013468013468 0.020689655172413793 0.15824915824915825
54 0.7147335423197492 0.734006734006734 0.019435736677115987 0.16498316498316498
54 0.9065830721003135 0.468013468013468 0.021316614420062698 0.17845117845117844
3 0.6489028213166145 0.46464646464646464 0.02006269592476489 0.1717171717171717
4 0.9366771159874608 0.46464646464646464 0.018808777429467086 0.17845117845117844
8 0.7454545454545455 0.7289562289562289 0.020689655172413793 0.15824915824915825
9 0.774294670846395 0.7306397306397306 0.018808777429467086 0.16161616161616163