54 0.05095944588136047 0.5167088130302052 0.020449348485179607 0.179078015333167
1 0.08039005386421602 0.5007944628656089 0.02168867631782025 0.17238318590428453
54 0.14744959894960755 0.7806486378149735 0.022942594813118052 0.1724223632094088
1 0.17752540450843343 0.7731713847204478 0.020434757822522444 0.17234400859916008
0 0.20950032613852748 0.7741704060011169 0.020434757822522444 0.17234400859916008
54 0.3358832426124725 0.512143842151684 0.020434757822522444 0.17234400859916027
2 0.365018609299825 0.5046372060783151 0.01853199408559002 0.1621842325404636
54 0.4342506257580019 0.7744589312106369 0.02107630773282844 0.17909760398572913
6 0.46496433356146966 0.7720517718191784 0.021069012401499963 0.17573060061872578
7 0.4944387135322966 0.7763394418566024 0.020434757822522444 0.17234400859916008
54 0.6220755485015395 0.5143520553122939 0.02229374957148344 0.16230176445583655
54 0.7198269153964129 0.7816980607691897 0.021054421738842727 0.16899659388471885
54 0.9092046455964155 0.5149061497682451 0.02296448080710391 0.18252337331041887
3 0.6515353378097093 0.511905718615711 0.021695971649148868 0.17575018927128772
4 0.9392913941522344 0.5124794017242245 0.0204566438165083 0.1824450187001702
8 0.7505333278685521 0.7759238980107278 0.02229374957148358 0.16230176445583655
9 0.7793771009260658 0.778508477712088 0.020420167159865346 0.16561000186515334