54 0.049843260188087775 0.4730639730639731 0.019435736677115987 0.1750841750841751
1 0.07931034482758621 0.4595959595959596 0.020689655172413793 0.16835016835016836
54 0.14482758620689656 0.7424242424242424 0.0219435736677116 0.16835016835016836
1 0.17492163009404388 0.7373737373737373 0.019435736677115987 0.16835016835016836
0 0.20689655172413793 0.7407407407407407 0.019435736677115987 0.16835016835016836
54 0.3347962382445141 0.48653198653198654 0.019435736677115987 0.16835016835016836
2 0.3639498432601881 0.4797979797979798 0.01755485893416928 0.16161616161616163
54 0.4316614420062696 0.7542087542087542 0.02006269592476489 0.1750841750841751
6 0.46238244514106586 0.7542087542087542 0.02006269592476489 0.1717171717171717
7 0.4918495297805643 0.7609427609427609 0.019435736677115987 0.16835016835016836
54 0.6210031347962383 0.5067340067340067 0.021316614420062698 0.15824915824915825
54 0.7172413793103448 0.7794612794612794 0.02006269592476489 0.16498316498316498
54 0.9081504702194357 0.5252525252525253 0.0219435736677116 0.17845117845117844
3 0.6504702194357367 0.5050505050505051 0.020689655172413793 0.1717171717171717
4 0.938244514106583 0.5235690235690236 0.019435736677115987 0.17845117845117844
8 0.747962382445141 0.7760942760942761 0.021316614420062698 0.15824915824915825
9 0.7768025078369906 0.7794612794612794 0.019435736677115987 0.16161616161616163