54 0.05124404282809521 0.43564874633600437 0.02064270748664297 0.1803318588474847
1 0.08099177624829292 0.4283393711982614 0.021874738753190664 0.1737153946382472
54 0.14650425778519738 0.7222715991026601 0.023128657248488435 0.1738329371630162
1 0.17659282986515715 0.7234091180136178 0.020620820257892893 0.17359785211347797
0 0.20858963872400135 0.7331404591292378 0.020620820257892893 0.17359785211347797
54 0.3363283442570223 0.5027643254938323 0.02062082025789275 0.17359785211347797
2 0.3654655338511337 0.5004466841442099 0.018707111671820858 0.1633205282253141
54 0.43315048552605917 0.7878506047329478 0.021269666734291873 0.18039063010986917
6 0.4638824322752304 0.7940973999567951 0.021258723119916764 0.177023626742866
7 0.49338234775785406 0.80696065938988 0.02062082025789275 0.17359785211347797
54 0.6226884514099972 0.576731453910436 0.022468867157714276 0.16367315579962163
54 0.7189000488529477 0.866809466937672 0.021236835891166688 0.17028962000885908
54 0.909983525627258 0.6491032375371151 0.023161488091613832 0.18393394726402632
3 0.6521555360494955 0.5794937032425109 0.021885682367565523 0.17708239800525066
4 0.9400775695144054 0.6519242581315745 0.02065365110101822 0.18369886221448808
8 0.749621051987744 0.8696892587945161 0.02246886715771456 0.16367315579962163
9 0.7784775928011562 0.8774432419147113 0.020598933029142816 0.16686384537947124