54 0.04725816334862864 0.4651715824933577 0.01918813465855322 0.17684731295571224
1 0.0767580769791057 0.4472578180097677 0.020427462491193878 0.17023084874647462
54 0.14072936698667057 0.7206656574454364 0.0216813809864917 0.1703483912712439
1 0.17083800153647508 0.7111106301169703 0.01917354399589602 0.1701133062217053
0 0.20281292316656913 0.7081132957353571 0.01917354399589602 0.17011330622170548
54 0.3322184367363835 0.43509304037256685 0.01917354399589602 0.17011330622170548
2 0.361390280080379 0.42394266825417587 0.017278075590292215 0.1632029857005451
54 0.42757781344870077 0.6870437981704886 0.019815093906202157 0.1769060842180969
6 0.45830246424916127 0.6824805046301428 0.01980779857487368 0.1735390808510935
7 0.4877586058916668 0.684768760348573 0.01917354399589602 0.17011330622170548
54 0.6184216856224434 0.4099474607775119 0.021032535744857014 0.16018860990784906
54 0.7131431600901189 0.667007494888323 0.01979320791221616 0.16680507411708678
54 0.905569021045641 0.38303022260537833 0.021703266980477344 0.18044940137225382
3 0.6478960655932705 0.40381820807843366 0.020434757822522586 0.17359785211347797
4 0.9356703602641169 0.37684219864391555 0.019195429989881732 0.1802143163227156
8 0.743875106221908 0.6590771979809741 0.021032535744857014 0.16018860990784897
9 0.7727115839480931 0.6580572215947854 0.019158953333239068 0.16337929948769875