54 0.05270039458923731 0.4124834745745367 0.021710562311805997 0.1838164047392572
1 0.08220760355104292 0.39120270672394336 0.022949890144446674 0.17719994053001967
54 0.14807436196421167 0.6577002256384514 0.02420380863974444 0.1773174830547889
1 0.17819393951100904 0.6430946932594803 0.021695971649148868 0.17708239800525066
0 0.21017980413809595 0.6350468538273621 0.021695971649148868 0.17708239800525047
54 0.3377372689559423 0.34705139710021043 0.021695971649148868 0.17708239800525047
2 0.3669164076312664 0.3325340216148161 0.01980050324354492 0.17017207748409005
54 0.43532018436034503 0.5853284420117726 0.022337521559455006 0.18387517600164185
6 0.4660521304921341 0.5773981451044236 0.022330226228126245 0.18050817263463848
7 0.49551556746596825 0.5763193974558504 0.021695971649148868 0.17708239800525047
54 0.624334246110441 0.2848393948369261 0.023554963398109863 0.16715770169139413
54 0.7209621319807131 0.5299386033760719 0.022315635565469293 0.17377416590063174
54 0.9115581825125885 0.22256862131125726 0.024225694633730192 0.1874184931557989
3 0.6538122737469323 0.2770266404543463 0.02295718547577515 0.18056694389702294
4 0.9416668170623931 0.21301359398279116 0.02171785764313458 0.18718340810626055
8 0.7517013734438309 0.5186413031017195 0.023554963398109863 0.16715770169139413
9 0.7805451465013447 0.5142543233485275 0.021681380986491628 0.17034839127124374