54 0.05329153605015674 0.4595959595959596 0.020689655172413793 0.17845117845117844
1 0.08275862068965517 0.4377104377104377 0.0219435736677116 0.1717171717171717
54 0.15015673981191222 0.7037037037037037 0.023197492163009405 0.1717171717171717
1 0.18025078369905956 0.6902356902356902 0.020689655172413793 0.1717171717171717
0 0.2122257053291536 0.6818181818181818 0.020689655172413793 0.1717171717171717
54 0.33824451410658307 0.3939393939393939 0.020689655172413793 0.1717171717171717
2 0.36739811912225706 0.3787878787878788 0.018808777429467086 0.16498316498316498
54 0.4369905956112853 0.632996632996633 0.021316614420062698 0.17845117845117844
6 0.4677115987460815 0.6245791245791246 0.021316614420062698 0.1750841750841751
7 0.4971786833855799 0.622895622895623 0.020689655172413793 0.1717171717171717
54 0.6244514106583072 0.33164983164983164 0.0225705329153605 0.16161616161616163
54 0.7225705329153606 0.5774410774410774 0.021316614420062698 0.16835016835016836
54 0.9115987460815047 0.26936026936026936 0.023197492163009405 0.18181818181818182
3 0.6539184952978057 0.32323232323232326 0.0219435736677116 0.1750841750841751
4 0.941692789968652 0.25925925925925924 0.020689655172413793 0.18181818181818182
8 0.7532915360501568 0.5656565656565656 0.0225705329153605 0.16161616161616163
9 0.7821316614420063 0.5606060606060606 0.020689655172413793 0.16498316498316498