54 0.053789425560624084 0.45460040229327103 0.020882974909078766 0.18039063010986936
1 0.08323280117581455 0.42995263107567433 0.022129598319974124 0.17377416590063174
54 0.15091907613196845 0.689627986362599 0.023383516815271895 0.17389170842540067
1 0.18099852985031084 0.6733389523001261 0.020875679824676356 0.17365662337586243
0 0.21296433262490186 0.6619241095010046 0.020875679824676356 0.17365662337586243
54 0.3386712765441265 0.36223229788291783 0.020875679824676356 0.17365662337586255
2 0.36780846761989494 0.34434791903052014 0.01898750699732727 0.16674630285470213
54 0.4376763335451157 0.592033063114587 0.021509934156727632 0.18044940137225382
6 0.4683882178244089 0.5807357628402346 0.021506286614526447 0.17708239800525066
7 0.4978534786928068 0.576290011824658 0.020875679824676356 0.17365662337586243
54 0.624810693565128 0.27311365431479895 0.022745614941019357 0.1637319270620062
54 0.7231960864028707 0.5097071975428594 0.02149899153012407 0.17034839127124374
54 0.9118905494576028 0.18390685385310312 0.023394459441875813 0.18399271852641091
3 0.6542686593491234 0.26193389656521565 0.022133245862175348 0.17714116926763512
4 0.9419736507181463 0.17098482315763364 0.020886622451280205 0.18375763347687263
8 0.7539043231399628 0.4950428939015037 0.022745614941019215 0.16373192706200612
9 0.7827389772185104 0.48728891078130837 0.02086838474027398 0.1669226166418557