54 0.11473087818696884 0.31392148292697986 0.021246458923512748 0.05682395317443938
1 0.1395184135977337 0.3120878535682577 0.019121813031161474 0.0553848393279997
0 0.18732294617563738 0.30910723618811553 0.017705382436260624 0.053953954378039445
0 0.21211048158640228 0.30727360682939336 0.017705382436260624 0.052539527221037954
0 0.2354815864022663 0.3068379468347138 0.0169971671388102 0.06526114273757135
0 0.28293201133144474 0.30597485574183403 0.019830028328611898 0.058221922538481956
0 0.30771954674220964 0.30131237206910905 0.017705382436260624 0.06385494447704936
0 0.33250708215297453 0.30442923775989184 0.017705382436260624 0.05819723584904369
54 0.45396600566572237 0.29806114414260587 0.017705382436260624 0.059611663006045104
8 0.4780453257790368 0.2948048587304029 0.019121813031161474 0.059628120799003946
3 0.5265580736543909 0.29253968382524087 0.019830028328611898 0.055393068224479126
0 0.5499291784702549 0.2921040238305613 0.019830028328611898 0.055393068224479126
54 0.646600566572238 0.2896912003074996 0.017705382436260624 0.059611663006045104
1 0.6706798866855525 0.28714212847379733 0.019121813031161474 0.05679926648500112
8 0.6947592067988668 0.2867146973755972 0.021954674220963172 0.062489890698924466
5 0.7195467422096318 0.2884171359093785 0.019830028328611898 0.06387963116648761
0 0.7450424929178471 0.2844700947116337 0.017705382436260624 0.05819723584904369
5 0.7928470254957507 0.28290390448849295 0.019830028328611898 0.05963634969548337
7 0.8169263456090652 0.2831836869687935 0.018413597733711047 0.05961989190252453
54 0.1108356940509915 0.7424476525677716 0.019121813031161474 0.058213693642002455
1 0.13385269121813032 0.7405934509678509 0.0169971671388102 0.061017861266566935
54 0.18378186968838528 0.737637520277147 0.019121813031161474 0.058213693642002455
8 0.2075070821529745 0.735084333995205 0.0169971671388102 0.05960343410956552
0 0.23052407932011332 0.7346445595522857 0.017705382436260624 0.06244051732004802
0 0.25672804532577903 0.7328273879865224 0.018413597733711047 0.06386317337352877
54 0.30488668555240794 0.7319725257901221 0.017705382436260624 0.06244051732004769
5 0.32754957507082155 0.7308214233204623 0.020538243626062325 0.061059005748964286
3 0.3526912181303116 0.7296991219884805 0.019121813031161474 0.052555985013996796
4 0.3781869688385269 0.7292881486832392 0.018413597733711047 0.06386317337352877
8 0.42457507082152973 0.7248766463531369 0.016288951841359773 0.058180778056084764
7 0.4493626062322946 0.7244574441514162 0.019121813031161474 0.05962812079900419
6 0.47415014164305946 0.7226238147926939 0.017705382436260624 0.05819723584904377
5 0.4978753541076487 0.7207778420892527 0.0169971671388102 0.05960343410956569
54 0.10977337110481586 0.9355046161537456 0.020538243626062325 0.0624734329059657
1 0.13279036827195467 0.935064841710826 0.0169971671388102 0.061017861266566935
9 0.15757790368271954 0.9296951444596006 0.0169971671388102 0.055360152638561276
1 0.1813031161473088 0.9299708124916614 0.017705382436260624 0.05536838153504062
0 0.20644475920679886 0.9281412975811788 0.0169971671388102 0.05960343410956552
54 0.27797450424929177 0.9254363482330977 0.0169971671388102 0.055360152638561276
1 0.3024079320113314 0.9257202451616379 0.017705382436260624 0.05395395437803921
9 0.3261331444759207 0.9231670588796959 0.019121813031161474 0.05397041217099853
1 0.3502124645892351 0.9234468413599963 0.019830028328611898 0.0568074953814807
7 0.375 0.9223204255797748 0.019830028328611898 0.0568074953814807
54 0.4968130311614731 0.9194925143032323 0.020538243626062325 0.05823015143496146
54 0.5694050991501416 0.911849413250365 0.019121813031161474 0.05397041217099853
1 0.5920679886685553 0.9135271650947082 0.016288951841359773 0.05535192374208194
8 0.6179178470254958 0.9117058790807052 0.019830028328611898 0.058221922538482115
4 0.6898016997167139 0.9082978306023628 0.019121813031161474 0.061042547956005284