54 0.11756373937677053 0.31966053748231965 0.020538243626062325 0.055162659123055166
1 0.1423512747875354 0.318953323903819 0.018413597733711047 0.05374823196605375
0 0.1901558073654391 0.31824611032531824 0.0169971671388102 0.05233380480905234
0 0.21494334277620397 0.3175388967468175 0.0169971671388102 0.05091937765205092
0 0.238314447592068 0.31824611032531824 0.016288951841359773 0.06364922206506365
0 0.28576487252124644 0.318953323903819 0.019121813031161474 0.056577086280056574
0 0.31055240793201133 0.3161244695898161 0.0169971671388102 0.06223479490806223
0 0.3353399433427762 0.3203677510608204 0.0169971671388102 0.056577086280056574
54 0.45679886685552407 0.31966053748231965 0.0169971671388102 0.05799151343705799
8 0.48087818696883855 0.3175388967468175 0.018413597733711047 0.05799151343705799
3 0.5293909348441926 0.3175388967468175 0.019121813031161474 0.05374823196605375
0 0.5527620396600567 0.3175388967468175 0.019121813031161474 0.05374823196605375
54 0.6494334277620396 0.31966053748231965 0.0169971671388102 0.05799151343705799
1 0.6735127478753541 0.31824611032531824 0.018413597733711047 0.055162659123055166
8 0.6975920679886686 0.318953323903819 0.021246458923512748 0.06082036775106082
5 0.7223796033994334 0.3217821782178218 0.019121813031161474 0.06223479490806223
0 0.7478753541076487 0.318953323903819 0.0169971671388102 0.056577086280056574
5 0.7956798866855525 0.31966053748231965 0.019121813031161474 0.05799151343705799
7 0.8197592067988668 0.32107496463932106 0.017705382436260624 0.05799151343705799
54 0.11720963172804533 0.7482319660537482 0.018413597733711047 0.056577086280056574
1 0.14022662889518414 0.7475247524752475 0.016288951841359773 0.0594059405940594
54 0.1901558073654391 0.7468175388967468 0.018413597733711047 0.056577086280056574
8 0.21388101983002833 0.7454031117397454 0.016288951841359773 0.05799151343705799
0 0.23689801699716714 0.7454031117397454 0.0169971671388102 0.06082036775106082
0 0.2631019830028329 0.7461103253182461 0.017705382436260624 0.06223479490806223
54 0.31126062322946174 0.7468175388967468 0.0169971671388102 0.06082036775106082
5 0.33392351274787535 0.7461103253182461 0.019830028328611898 0.0594059405940594
3 0.3590651558073654 0.7475247524752475 0.018413597733711047 0.05091937765205092
4 0.3845609065155807 0.7475247524752475 0.017705382436260624 0.06223479490806223
8 0.4309490084985836 0.7446958981612447 0.015580736543909348 0.056577086280056574
7 0.4557365439093484 0.7454031117397454 0.018413597733711047 0.05799151343705799
6 0.4805240793201133 0.7446958981612447 0.0169971671388102 0.056577086280056574
5 0.5042492917847026 0.743988684582744 0.016288951841359773 0.05799151343705799
54 0.11791784702549575 0.9413012729844413 0.019830028328611898 0.06082036775106082
1 0.14093484419263455 0.942008486562942 0.016288951841359773 0.0594059405940594
9 0.16572237960339944 0.9377652050919377 0.016288951841359773 0.05374823196605375
1 0.18944759206798867 0.9391796322489392 0.0169971671388102 0.05374823196605375
0 0.21458923512747877 0.9384724186704385 0.016288951841359773 0.05799151343705799
54 0.28611898016997167 0.9391796322489392 0.016288951841359773 0.05374823196605375
1 0.31055240793201133 0.9405940594059405 0.0169971671388102 0.05233380480905234
9 0.3342776203966006 0.9384724186704385 0.018413597733711047 0.05233380480905234
1 0.358356940509915 0.9398868458274399 0.019121813031161474 0.055162659123055166
7 0.3831444759206799 0.9398868458274399 0.019121813031161474 0.055162659123055166
54 0.5049575070821529 0.9427157001414427 0.019830028328611898 0.056577086280056574
54 0.5775495750708215 0.9384724186704385 0.018413597733711047 0.05233380480905234
1 0.6002124645892352 0.9413012729844413 0.015580736543909348 0.05374823196605375
8 0.6260623229461756 0.9405940594059405 0.019121813031161474 0.056577086280056574
4 0.6979461756373938 0.9405940594059405 0.018413597733711047 0.0594059405940594