54 0.11473087818696884 0.3125884016973126 0.021246458923512748 0.056577086280056574
1 0.1395184135977337 0.3104667609618105 0.019121813031161474 0.055162659123055166
0 0.18732294617563738 0.3069306930693069 0.017705382436260624 0.05374823196605375
0 0.21211048158640228 0.3048090523338048 0.017705382436260624 0.05233380480905234
0 0.2354815864022663 0.3041018387553041 0.0169971671388102 0.06506364922206506
0 0.28293201133144474 0.3026874115983027 0.019830028328611898 0.05799151343705799
0 0.30771954674220964 0.29773691654879775 0.017705382436260624 0.06364922206506365
0 0.33250708215297453 0.30056577086280056 0.017705382436260624 0.05799151343705799
54 0.45396600566572237 0.2927864214992928 0.017705382436260624 0.0594059405940594
8 0.4780453257790368 0.28925035360678925 0.019121813031161474 0.0594059405940594
3 0.5265580736543909 0.28642149929278643 0.019830028328611898 0.055162659123055166
0 0.5499291784702549 0.2857142857142857 0.019830028328611898 0.055162659123055166
54 0.646600566572238 0.28217821782178215 0.017705382436260624 0.0594059405940594
1 0.6706798866855525 0.27934936350777934 0.019121813031161474 0.056577086280056574
8 0.6947592067988668 0.27864214992927866 0.021954674220963172 0.06223479490806223
5 0.7195467422096318 0.28005657708628007 0.019830028328611898 0.06364922206506365
0 0.7450424929178471 0.2758132956152758 0.017705382436260624 0.05799151343705799
5 0.7928470254957507 0.2736916548797737 0.019830028328611898 0.0594059405940594
7 0.8169263456090652 0.2736916548797737 0.018413597733711047 0.0594059405940594
54 0.1108356940509915 0.7411598302687411 0.019121813031161474 0.05799151343705799
1 0.13385269121813032 0.7390381895332391 0.0169971671388102 0.06082036775106082
54 0.18378186968838528 0.7355021216407355 0.019121813031161474 0.05799151343705799
8 0.2075070821529745 0.7326732673267327 0.0169971671388102 0.0594059405940594
0 0.23052407932011332 0.731966053748232 0.017705382436260624 0.06223479490806223
0 0.25672804532577903 0.7298444130127298 0.018413597733711047 0.06364922206506365
54 0.30488668555240794 0.7284299858557284 0.017705382436260624 0.06223479490806223
5 0.32754957507082155 0.727015558698727 0.020538243626062325 0.06082036775106082
3 0.3526912181303116 0.7256011315417256 0.019121813031161474 0.05233380480905234
4 0.3781869688385269 0.7248939179632249 0.018413597733711047 0.06364922206506365
8 0.42457507082152973 0.7199434229137199 0.016288951841359773 0.05799151343705799
7 0.4493626062322946 0.7192362093352193 0.019121813031161474 0.0594059405940594
6 0.47415014164305946 0.7171145685997171 0.017705382436260624 0.05799151343705799
5 0.4978753541076487 0.714992927864215 0.0169971671388102 0.0594059405940594
54 0.10977337110481586 0.9342291371994342 0.020538243626062325 0.06223479490806223
1 0.13279036827195467 0.9335219236209336 0.0169971671388102 0.06082036775106082
9 0.15757790368271954 0.9278642149929278 0.0169971671388102 0.055162659123055166
1 0.1813031161473088 0.9278642149929278 0.017705382436260624 0.055162659123055166
0 0.20644475920679886 0.9257425742574258 0.0169971671388102 0.0594059405940594
54 0.27797450424929177 0.9222065063649222 0.0169971671388102 0.055162659123055166
1 0.3024079320113314 0.9222065063649222 0.017705382436260624 0.05374823196605375
9 0.3261331444759207 0.9193776520509194 0.019121813031161474 0.05374823196605375
1 0.3502124645892351 0.9193776520509194 0.019830028328611898 0.056577086280056574
7 0.375 0.917963224893918 0.019830028328611898 0.056577086280056574
54 0.4968130311614731 0.9137199434229137 0.020538243626062325 0.05799151343705799
54 0.5694050991501416 0.9052333804809052 0.019121813031161474 0.05374823196605375
1 0.5920679886685553 0.9066478076379066 0.016288951841359773 0.055162659123055166
8 0.6179178470254958 0.9045261669024045 0.019830028328611898 0.05799151343705799
4 0.6898016997167139 0.9002828854314003 0.019121813031161474 0.06082036775106082