54 0.12111841754678246 0.30483691043402267 0.021576092166263005 0.05682395317443938
1 0.14590595295754732 0.3045488990572427 0.01943496461177421 0.05397041217099829
0 0.19371872636651977 0.30540787570188277 0.01801029318580464 0.05253952722103803
0 0.2185062617772846 0.3051198643251028 0.01800205235473584 0.05112510006403654
0 0.24188560742421744 0.30626273789828307 0.017368004536904298 0.06384671558056992
0 0.28934839359999903 0.30783304256966354 0.020159661571362158 0.05680749538148054
0 0.3141276881796951 0.30613060403588216 0.018067979003285925 0.062440517320047934
0 0.33894406649920067 0.31079308770860714 0.01803501567901088 0.056782808692042275
54 0.4600694844408953 0.31292201430312855 0.018043256510079684 0.05819723584904369
8 0.48449467137186614 0.3112236902175869 0.01945968710498053 0.05821369364200253
3 0.5326615524295638 0.31207855241398724 0.020143179909224717 0.05397864106747771
0 0.5560408980764965 0.3132214259871675 0.020143179909224717 0.05397864106747771
54 0.6527411290872203 0.3170486766672306 0.018043256510079684 0.05819723584904369
1 0.6768204492005346 0.31676889418693005 0.01944320544284293 0.0553848393279997
8 0.7009080101449179 0.31790353886363093 0.022317270787988473 0.062489890698924466
5 0.7257161476333546 0.3211515953793545 0.0201926248956372 0.0624652040094862
0 0.7511995370949669 0.318733714370593 0.01803501567901072 0.056782808692042275
5 0.799020551335008 0.3210071181722345 0.020167902402430958 0.058221922538481956
7 0.8231122326949256 0.32284897642743604 0.018751471807530107 0.058205464745523114
54 0.11936609757591322 0.7334577123843279 0.01945144627391173 0.05679926648500104
1 0.14238309474305205 0.7331902732487464 0.017343282043697977 0.059603434109565846
54 0.19232051404437575 0.7340245632039482 0.01945144627391173 0.05679926648500104
8 0.21604160609343062 0.7330416815933866 0.017335041212629257 0.05818900695256443
0 0.2390627236761038 0.733481456036306 0.01805973817221712 0.061026090163046276
0 0.2652749305128383 0.7345914140235685 0.01877619430073635 0.06244874621652736
54 0.31345005240160473 0.7368607033769703 0.01805973817221712 0.0610260901630466
5 0.3361129419200183 0.7365973786896286 0.020884358530950102 0.05964457859196287
3 0.36126694622611155 0.738426893600111 0.01941848294963669 0.05114155785699538
4 0.3867668173498611 0.7388378669053522 0.01877619430073635 0.06244874621652736
8 0.43315079891732966 0.7375916606074491 0.016618585084110033 0.05676635089908335
7 0.45794657515916326 0.7387180763876707 0.01945968710498053 0.058213693642002774
6 0.4827341105699281 0.7384300650108905 0.01803501567901088 0.05678280869204203
5 0.5064593230345174 0.7381543969788297 0.017335041212629257 0.058189006952564105
54 0.11942864807062291 0.9265393626597401 0.020892599362018902 0.061059005748964286
1 0.14245388606883047 0.92768635068116 0.017343282043697977 0.05960343410956552
9 0.16722081940192343 0.9238622714118767 0.017310318719422936 0.05394572548155987
1 0.19096251352865018 0.9264154576938185 0.01801853401687336 0.05395395437803953
0 0.21610415658814028 0.9261233318687988 0.017335041212629257 0.058189006952564105
54 0.2876503832927707 0.9281210676383795 0.017310318719422936 0.05394572548155987
1 0.3121002927169479 0.9306660250238421 0.01801029318580464 0.052539527221038114
9 0.3358172643504684 0.9289759298347798 0.01942672378070549 0.052555985013996796
1 0.359908945710386 0.9308177880899813 0.020151420740293354 0.055393068224479286
7 0.38470060153668517 0.9312369902917021 0.020151420740293354 0.055393068224479286
54 0.5065548368535021 0.9368937558822478 0.02086787686881258 0.05681572427796004
54 0.5791386640111018 0.9346358668361049 0.01942672378070549 0.052555985013996796
1 0.6018221556071873 0.9379086100412668 0.016602103421972592 0.05393749658508053
8 0.6276720139641279 0.9376082553197678 0.020159661571362158 0.0568074953814807
4 0.6995723483174835 0.9396018766411086 0.01946792793604917 0.05962812079900387