54 0.11665791674436325 0.3089967114703547 0.02174093668351889 0.05707083678086645
1 0.14144545215512813 0.30957275372129944 0.01959156690316735 0.054192607416782536
0 0.18923762278903164 0.31209811950512295 0.01816277436426637 0.0527452635597272
0 0.2140251581997965 0.3126741617560677 0.018150412420266156 0.051330836402725705
0 0.2373839010716604 0.31463171446396 0.017553454618817157 0.06404422246571151
0 0.2848157830848386 0.31785606465127064 0.02032450608861804 0.057037920080812446
0 0.30961568043960364 0.31701767974521405 0.01824930797226737 0.06264625365873702
0 0.334359949046368 0.3225442170456638 0.018199860196266845 0.05698854503073145
54 0.45543386005039027 0.3288946627927833 0.018212222140266895 0.05840297218773286
8 0.47987964975643 0.32804804871171317 0.019628652735167746 0.05843588888778678
3 0.5280259280390589 0.33058164367055015 0.020299782200617695 0.054209065766809617
0 0.5513846709109227 0.33253919637844237 0.020299782200617695 0.054209065766809617
54 0.6480127922089052 0.339736256206632 0.018212222140266895 0.05840297218773278
1 0.6720921123222197 0.34029584010754976 0.01960392884716748 0.05560703457378395
8 0.6961590704915338 0.342269851165469 0.02249859975696992 0.06274500375889903
5 0.7209157010422984 0.3463819613089173 0.020373953864618644 0.06269562870881802
0 0.7464299946665139 0.344852821174387 0.018199860196266522 0.05698854503073145
5 0.7942098033564172 0.3487926141152119 0.02033686803261817 0.05845234723781386
7 0.8182705805537315 0.3514738387516318 0.01892043743771732 0.05841943053775986
54 0.108662955927614 0.7374693899416213 0.019616290791167612 0.057021461730785525
1 0.13167995309475283 0.7380042863174987 0.017516368786816682 0.05980094099470743
54 0.1815967696210076 0.740579027151403 0.019616290791167612 0.057021461730785525
8 0.2053281630575969 0.7404231682988067 0.01750400684281647 0.0583865138377057
0 0.22833897925273566 0.7416652782531846 0.01823694602826724 0.06123182650173561
0 0.2545305833144012 0.7436886643611849 0.018957523269717794 0.06266271200876411
54 0.30266449965302983 0.7476366864770233 0.01823694602826732 0.06123182650173561
5 0.32532738917144344 0.7481633536778871 0.021057445274068807 0.059883232744842196
3 0.3504504893149333 0.7508692658393477 0.019566843015167007 0.05136375310277987
4 0.37594005905114847 0.75216898001882 0.018957523269717794 0.06266271200876411
8 0.42233434200615133 0.7525397883670873 0.016783429601365994 0.05695562833067752
7 0.44710951547291616 0.7545302577750336 0.019628652735167746 0.05843588888778694
6 0.471897050883681 0.7551063000259783 0.018199860196266845 0.05698854503073136
5 0.49562226334827025 0.7556576547518827 0.01750400684281647 0.05838651383770602
54 0.10591322762541734 0.9305140093472738 0.021069807218068937 0.06129765990184361
1 0.12891786284855597 0.9324633328801527 0.017516368786816682 0.05980094099470743
9 0.15373630311932124 0.9295033072385938 0.017466921010816035 0.05414323236670177
1 0.17743679169591015 0.932883516278501 0.0181751363082665 0.054159690716728534
0 0.20257843475540024 0.9334677877044592 0.01750400684281647 0.05838651383770602
54 0.2740834559098929 0.9379589353711885 0.017466921010815994 0.05414323236670177
1 0.29849215978393223 0.9413556027611226 0.01816277436426637 0.05274526355972712
9 0.3222297341925216 0.9404925303300253 0.01957920495916722 0.05277818025978128
1 0.34629051138983585 0.9431737549664454 0.02031214414461791 0.05562349292381087
7 0.37107186582860063 0.9444570107958908 0.02031214414461791 0.05562349292381087
54 0.49282308727007296 0.9543599827855408 0.021032721386068542 0.05705437843083937
54 0.5654275172027415 0.9546325365063063 0.01957920495916722 0.05277818025978128
1 0.5880595018611549 0.9586952715996737 0.01675870571336557 0.05412677401667469
8 0.6139093602180954 0.959296001375659 0.02032450608861812 0.057037920080812286
4 0.6857684890213132 0.9637953782174017 0.019641014679167956 0.059850316044788354