54 0.11236472395791416 0.32865879569314504 0.022123605539836517 0.05850172228789478
1 0.13680639227209399 0.3263977544550735 0.019990719095345087 0.05562349292381103
0 0.18462740595427798 0.32185098445388993 0.018570168224374118 0.054176149066755615
0 0.20942318191718304 0.3195981723908319 0.01856604794830408 0.0527617219097542
0 0.23279840700911714 0.3187268707847213 0.01789491513548432 0.06547510797273985
0 0.2802570724904358 0.31700072592252704 0.020707174944935666 0.05846880558784078
0 0.30506108900548096 0.31191905954546617 0.018599010156864708 0.06407713916576552
0 0.32984450414017574 0.3139095289534124 0.018582529052584392 0.05841943053775986
54 0.45133844999951933 0.3047095051485298 0.01858664932865443 0.059833857694761274
8 0.475430130941044 0.3010258075784434 0.02000307992355544 0.059866774394815275
3 0.5239552396446084 0.29790992308428815 0.02069893439279543 0.05563995127383795
0 0.5473304647365425 0.29703862147817756 0.02069893439279543 0.05563995127383795
54 0.6440224542188758 0.29221305047185514 0.018586649328654593 0.059833857694761274
1 0.6677579673736403 0.28922833730525593 0.019994839371415205 0.057037920080812446
8 0.6918434679010599 0.28766628047067155 0.022848301941567256 0.06417588926592745
5 0.7166289431737897 0.28894953630011705 0.020723656049215982 0.06412651421584645
0 0.7421391148482505 0.28459154185158386 0.018582529052584233 0.05841943053775986
5 0.789953948116329 0.28216641258590247 0.020711295221005867 0.059883232744842196
7 0.8140373885057137 0.2813115693298188 0.019294864626105017 0.05985031604478828
54 0.1107621726599542 0.7572219950895601 0.019998959647485243 0.0584523472378137
1 0.13378741037923317 0.7549280371514347 0.017882554307274125 0.06123182650173561
54 0.18373100981573343 0.7511378557788327 0.019998959647485243 0.0584523472378137
8 0.20746858310853292 0.7474459290337329 0.017878434031204007 0.05981739934473419
0 0.23048970055174178 0.7465663982526086 0.01859488988079467 0.06266271200876411
0 0.25670190710954766 0.7443465028896046 0.01930722545431513 0.0640935975157926
54 0.30486878788831673 0.7426368163774374 0.01859488988079467 0.06266271200876411
5 0.3275399179588705 0.7403346292642983 0.02142363079452625 0.06131411825187069
3 0.3526877414324657 0.7387972599547545 0.019982478543204927 0.05279463860980804
4 0.3781876124167511 0.7379753333987248 0.01930722545431513 0.0640935975157926
8 0.42424014799334403 0.7326802039439732 0.01716609845768354 0.0583865138377057
7 0.4490338638182141 0.7311346054594158 0.02000307992355528 0.059866774394815116
6 0.4738296397811191 0.7288817933963577 0.018582529052584392 0.05841943053775986
5 0.4975630927978485 0.7266042938082591 0.017878434031204007 0.05981739934473419
54 0.11090797027383846 0.9503077603702803 0.021427751070596367 0.06272854540887211
1 0.13392908771704737 0.9494282295891561 0.017882554307274125 0.06123182650173561
9 0.1587351643701276 0.9436393496335945 0.01786607320299381 0.05557411787372995
1 0.18246243697275188 0.943483490780998 0.018574288500444236 0.05559057622375671
0 0.20761438072241717 0.9405316943144528 0.017878434031204007 0.05981739934473419
54 0.2791606068691904 0.9365362790391736 0.01786607320299381 0.05557411787372995
1 0.30359609476926513 0.9363968785366041 0.018570168224374118 0.054176149066755615
9 0.32697956041333937 0.9326967226164908 0.019986598819274965 0.05420906576680946
1 0.35106094066468885 0.9325490929389079 0.020703054668865628 0.05705437843083937
7 0.37585465648955885 0.9310034944543505 0.020703054668865628 0.05705437843083969
54 0.4976924093074524 0.9253477677169849 0.021415390242386093 0.05848526393786786
54 0.5703174395046817 0.9157193313387405 0.019986598819274965 0.05420906576680946
1 0.5929782688850602 0.916953212118105 0.017157857905543306 0.05555765952370319
8 0.6188363677941409 0.9147250875800874 0.020707174944935666 0.05846880558784078
4 0.6907387617276743 0.9100306879013209 0.020007200199625482 0.06128120155181653