54 0.21437162515069597 0.35127715668711884 0.01798481893801708 0.1657373392743428
9 0.2617919661978041 0.3347421148312463 0.017261147009489372 0.15679673459225796
1 0.23667354039850877 0.33957287083945736 0.015838490677474497 0.15224885856142162
9 0.2858495716293484 0.3298337851332413 0.01725291783447591 0.1523522901478135
0 0.3102690130251566 0.32050686888738983 0.01796013141297662 0.15240400594100947
9 0.3590914374667458 0.3107419252845758 0.01796836058799 0.15684845038545392
6 0.38315315748579687 0.30361137336434857 0.017261147009489452 0.15679673459225796
54 0.601344757066962 0.5018137756841138 0.017269376184502833 0.1612411790367024
9 0.6257600838752634 0.4947090816604845 0.01795190223796308 0.14795956149656503
6 0.6498218038943144 0.48757852974025734 0.01725291783447591 0.1523522901478135
54 0.6244405399672471 0.2523575699552724 0.01798481893801708 0.16573733927434275
1 0.6478073901703179 0.23850863557518268 0.015838490677474337 0.15224885856142162
9 0.6729299305571199 0.23145565734474932 0.01796836058799016 0.15684845038545386
9 0.6973411427779145 0.22657318554334233 0.01796013141297646 0.15240400594100942
0 0.7214028627969656 0.2194426336231151 0.01796013141297646 0.15240400594100934