54 0.21145685997171146 0.3844444444444444 0.016973125884016973 0.16
9 0.2591937765205092 0.3844444444444444 0.016265912305516265 0.1511111111111111
1 0.2340876944837341 0.38 0.01485148514851485 0.14666666666666667
9 0.2832390381895332 0.3888888888888889 0.016265912305516265 0.14666666666666667
0 0.30763790664780766 0.39111111111111113 0.016973125884016973 0.14666666666666667
9 0.3564356435643564 0.4 0.016973125884016973 0.1511111111111111
6 0.38048090523338046 0.4022222222222222 0.016265912305516265 0.1511111111111111
54 0.5954738330975955 0.6888888888888889 0.016265912305516265 0.15555555555555556
9 0.6198727015558698 0.6888888888888889 0.016973125884016973 0.14222222222222222
6 0.6439179632248939 0.6933333333333334 0.016265912305516265 0.14666666666666667
54 0.6212871287128713 0.44666666666666666 0.016973125884016973 0.16
1 0.6446251768033946 0.4444444444444444 0.01485148514851485 0.14666666666666667
9 0.6697312588401697 0.4488888888888889 0.016973125884016973 0.1511111111111111
9 0.6941301272984441 0.45111111111111113 0.016973125884016973 0.14666666666666667
0 0.7185289957567186 0.45555555555555555 0.016973125884016973 0.14666666666666667