54 0.21357850070721357 0.4066666666666667 0.015558698727015558 0.16
9 0.2613154172560113 0.4022222222222222 0.01485148514851485 0.14666666666666667
1 0.23656294200848657 0.4 0.013437057991513438 0.14222222222222222
9 0.28536067892503536 0.4022222222222222 0.01485148514851485 0.14666666666666667
0 0.30975954738330974 0.4022222222222222 0.015558698727015558 0.14666666666666667
9 0.35855728429985856 0.4022222222222222 0.015558698727015558 0.1511111111111111
6 0.3826025459688826 0.4022222222222222 0.015558698727015558 0.14666666666666667
54 0.6004243281471005 0.6555555555555556 0.01485148514851485 0.15555555555555556
9 0.6244695898161244 0.6533333333333333 0.015558698727015558 0.14222222222222222
6 0.6485148514851485 0.6533333333333333 0.015558698727015558 0.14222222222222222
54 0.6237623762376238 0.4111111111111111 0.015558698727015558 0.16
1 0.6471004243281471 0.4022222222222222 0.014144271570014143 0.14222222222222222
9 0.6725601131541725 0.4066666666666667 0.015558698727015558 0.1511111111111111
9 0.6966053748231966 0.40444444444444444 0.015558698727015558 0.14222222222222222
0 0.7210042432814711 0.40444444444444444 0.016265912305516265 0.14222222222222222