54 0.2139668445471365 0.32093829034111143 0.016418146890385683 0.16622873997044002
9 0.2616996466476945 0.3201462153070906 0.015698589967165805 0.15281782857075907
1 0.2369533430725293 0.31619478096259107 0.01428004836192472 0.14821822799361928
9 0.28573873664435895 0.32417522771793766 0.015698589967165805 0.15281782857075907
0 0.31013349065439366 0.32594322887338883 0.016405803545666512 0.15289540663710668
9 0.35892094145034315 0.3317014534065132 0.016409917993906183 0.15733985108155113
6 0.38296208867112747 0.3335082435951381 0.01640580354566667 0.15289540663710668
54 0.598736054422793 0.6120303665481582 0.015706818863645305 0.16170671745964785
9 0.6227792588676972 0.611614934514561 0.01640168909742684 0.14845096219266224
6 0.6468183488643616 0.6156439469254079 0.01640168909742684 0.14845096219266224
54 0.6237107098752623 0.36931513422599105 0.016418146890385683 0.16622873997044002
1 0.6470508151899055 0.36453283581429685 0.014987261940425427 0.148295806059967
9 0.6725022751194515 0.37062891431467093 0.016409917993906342 0.15733985108155113
9 0.6965454795643558 0.3702134822810736 0.01640168909742684 0.14845096219266224
0 0.7209381763502706 0.374203705658747 0.01710890267592755 0.14852854025900986