54 0.21216407355021216 0.30670748426344263 0.01768033946251768 0.1657373392743428
9 0.2599009900990099 0.31210555711160615 0.016973125884016973 0.15679673459225796
1 0.2347949080622348 0.3050525788811729 0.015558698727015558 0.15224885856142162
9 0.28394625176803395 0.3214583312540556 0.016973125884016973 0.1523522901478135
0 0.30834512022630833 0.32634080305546265 0.01768033946251768 0.15240400594100947
9 0.35714285714285715 0.3427724133249433 0.01768033946251768 0.15684845038545392
6 0.3811881188118812 0.3476807430229483 0.016973125884016973 0.15679673459225796
54 0.5944130127298444 0.6654217647077082 0.016973125884016973 0.1612411790367024
9 0.6188118811881188 0.6703042365091152 0.01768033946251768 0.14795956149656503
6 0.6428571428571429 0.6774347884293423 0.016973125884016973 0.1523522901478135
54 0.6216407355021216 0.42787515111410923 0.01768033946251768 0.1657373392743428
1 0.6449787835926449 0.42839075216086575 0.015558698727015558 0.15224885856142162
9 0.67008486562942 0.4376659526135212 0.01768033946251768 0.15684845038545392
9 0.6941301272984441 0.4425742823115262 0.01768033946251768 0.15240400594100947
0 0.7185289957567186 0.45190119855737776 0.01768033946251768 0.15240400594100947