54 0.21395497272114739 0.39104849712149525 0.015706818863645305 0.1611377474503105
9 0.26168777482170547 0.38311323663632546 0.014987261940425427 0.1477526983237812
1 0.2369332423500608 0.3827010671759608 0.013568720335184262 0.14320482229294498
9 0.2857330364907295 0.3813548996676637 0.014987261940425427 0.1477526983237812
0 0.3101319049490039 0.37957070480240407 0.015694475518926134 0.14780441411697717
9 0.3589296418655527 0.37600231507188475 0.015698589967165805 0.15224885856142162
6 0.38297490353457675 0.37424397810322313 0.015694475518926134 0.14780441411697717
54 0.6010312092624582 0.6116488471322095 0.01499549083690493 0.1566415872126701
9 0.6250744137073624 0.6076682879413255 0.015690361070686464 0.14335996967253273
6 0.6491196753763865 0.6059099509726639 0.015690361070686464 0.14335996967253273
54 0.6241429626997973 0.3654977815122992 0.015706818863645305 0.1611377474503105
1 0.6474727818938412 0.3549022714479446 0.01427593391368489 0.1432565380861408
9 0.6729365851681064 0.3574849473373355 0.015698589967165805 0.15224885856142162
9 0.6969797896130105 0.3535043881464516 0.015690361070686464 0.14335996967253273
0 0.721378658071285 0.3517201932811919 0.01639757464918717 0.14341168546572866