54 0.44748841190731176 0.14261288825801718 0.016228232627272663 0.05478146783114603
7 0.4704349784322247 0.14168345323423367 0.016212759151914755 0.05167587776903423
3 0.51565934949619 0.14058291229618672 0.01821517674065739 0.053282878018113794
5 0.5379255489287238 0.14274099892850714 0.016908599719651696 0.05790512629926573
0 0.5615254039641396 0.14415882485731535 0.018230650216015297 0.056388468080225594
5 0.4929250774340818 0.2323689250427483 0.017581230074351927 0.05947598973632954
0 0.5158793806966737 0.22988669498790887 0.017581230074351927 0.05947598973632954
0 0.5384973687819155 0.22817182824559348 0.018230650216015297 0.05638846808022555
0 0.5840387131790334 0.23018591157266227 0.01624370610263042 0.05788705789325783
0 0.605991807647254 0.22845297642433898 0.01756575659899402 0.05637039967421773
0 0.6292669526118381 0.22830897311908732 0.016900862981972742 0.056352331268209745
38 0.38926487342052485 0.9509229218640258 0.01489844539323011 0.05474533101913022
61 0.41155428306609537 0.9484226234031784 0.016228232627272514 0.0547814678311462
59 0.43416066604481873 0.949036949207447 0.016900862981972742 0.056352331268209745
40 0.4833589253355538 0.9511504087675593 0.016251442840309376 0.059439852924313905
24 0.5033173389527105 0.9493632684012123 0.016228232627272663 0.0547814678311462
55 0.5252588283144126 0.9499595257994728 0.016266916315667283 0.06254544298642571
54 0.5718207233500991 0.9473423266423857 0.014906182130908913 0.05629812605018612
9 0.5947556847684937 0.9487420841651861 0.016228232627272663 0.0547814678311462
8 0.6170450944140644 0.9462417857043387 0.01624370610263042 0.05788705789325801
7 0.6399916609389773 0.9453123506805552 0.016212759151914755 0.0516758777690344