54 0.4542538605143434 0.040454309752508036 0.016765465228062073 0.05790512629926571
7 0.4775193347532288 0.03749272299564784 0.016757728752249713 0.05479953623715391
3 0.523381521376072 0.030034822856879455 0.019421171458241 0.0564246048922414
5 0.545321076618821 0.029592797264893802 0.018102988937916988 0.059185594529787604
0 0.5689189976662169 0.027728322230201705 0.01942890793405336 0.05545664446040341
5 0.4993469327481217 0.12463841905504962 0.018775619030750774 0.064170511641513
0 0.522272223702684 0.11858027643908159 0.018775619030750774 0.064170511641513
0 0.5448689360866418 0.11408396305717339 0.01942890793405336 0.0595301949543532
0 0.5904064123767868 0.10974068718352074 0.016773201703874432 0.06101071636137749
0 0.6123382311437234 0.10526244220762045 0.018764014317032084 0.0595121265483453
0 0.6356037053826088 0.10230085545076027 0.018099120700010806 0.059494058142337394
38 0.3881272873135689 0.8551945201260814 0.01543567799401952 0.05786898948724966
61 0.41039155288901613 0.8507072409471771 0.016765465228062073 0.05790512629926564
59 0.4329921335108802 0.8477637225963248 0.018099120700010806 0.059494058142337526
40 0.48218265645673597 0.8417682754585728 0.01744583179670822 0.06413437482949724
24 0.5021217284915618 0.8381206332162241 0.016765465228062073 0.05790512629926564
55 0.5243937305428215 0.8367389440994316 0.01745356827252073 0.06723996489160904
54 0.5712493893532904 0.8277011463205954 0.0154395462319257 0.05942178451830556
9 0.5941824167836651 0.8247485937667393 0.016765465228062073 0.05790512629926564
8 0.6164447482401593 0.8194849170723071 0.016773201703874432 0.06101071636137745
7 0.6393777756705339 0.8165323645184509 0.016757728752249713 0.05479953623715384