54 0.45797677504164386 0.09393539629389713 0.015555602272572282 0.05321060439408222
7 0.4809194731977173 0.09408843380215268 0.015540128797214676 0.05010501433197042
3 0.5261361075240035 0.09363617970914376 0.018207440002978584 0.05173008298705789
5 0.5484255171695742 0.09613647816999105 0.01624370610263042 0.05788705789325783
0 0.5720408456803479 0.09782424230329462 0.018230650216015297 0.056388468080225594
5 0.502652536465454 0.18512515164219814 0.01691633645733065 0.059457921330321635
0 0.525583629515009 0.18294899660386987 0.01691633645733065 0.059457921330321586
0 0.5481861441248931 0.18155827328407348 0.018230650216015297 0.056388468080225594
0 0.5937545671038873 0.18497897256570034 0.015578812485609144 0.057868989487249924
0 0.6156960564655893 0.1843827151674398 0.016900862981972742 0.05635233126820983
0 0.6389712014301735 0.1845267184726914 0.016235969364951468 0.05633426286220193
38 0.3938328094146398 0.9001352339966628 0.014225815038529729 0.05317446758206633
61 0.416102877216013 0.8987535448798706 0.015555602272572282 0.053210604394081956
59 0.4383884184927442 0.9004774458251897 0.016235969364951468 0.056334262862202104
40 0.4876060196276765 0.9022459738427173 0.015586549223288098 0.05942178451830592
24 0.5075528281383148 0.9017039216624806 0.015555602272572282 0.053210604394081956
55 0.5298345010462064 0.9026514250922718 0.015602022698645855 0.06252737458041736
54 0.5763809226065353 0.9021630341872472 0.014241288513887637 0.05628005764417813
9 0.5993274891314483 0.9030924692110306 0.015555602272572282 0.053210604394081956
8 0.6212651101243108 0.9017198142972421 0.015578812485608993 0.05786898948724966
7 0.6442078082803845 0.9018728518054977 0.015540128797214676 0.050105014331970156