54 0.4507978723404255 0.1281055900621118 0.015292553191489361 0.05434782608695652
7 0.47373670212765956 0.1281055900621118 0.015292553191489361 0.05124223602484472
3 0.5189494680851063 0.12732919254658384 0.017287234042553192 0.052795031055900624
5 0.5412234042553191 0.1296583850931677 0.015957446808510637 0.05745341614906832
0 0.5648271276595744 0.13121118012422361 0.017287234042553192 0.055900621118012424
5 0.49601063829787234 0.21894409937888198 0.016622340425531915 0.059006211180124224
0 0.5189494680851063 0.21661490683229814 0.016622340425531915 0.059006211180124224
0 0.5415558510638298 0.21506211180124224 0.017287234042553192 0.055900621118012424
0 0.5871010638297872 0.21816770186335405 0.015292553191489361 0.05745341614906832
0 0.6090425531914894 0.21661490683229814 0.016622340425531915 0.055900621118012424
0 0.632313829787234 0.21661490683229814 0.015957446808510637 0.055900621118012424
38 0.390625 0.9355590062111802 0.013962765957446808 0.05434782608695652
61 0.4128989361702128 0.9340062111801242 0.015292553191489361 0.05434782608695652
59 0.43550531914893614 0.9347826086956522 0.015957446808510637 0.055900621118012424
40 0.48470744680851063 0.937111801242236 0.015292553191489361 0.059006211180124224
24 0.504654255319149 0.9355590062111802 0.015292553191489361 0.05434782608695652
55 0.526595744680851 0.9363354037267081 0.015292553191489361 0.062111801242236024
54 0.5731382978723404 0.9347826086956522 0.013962765957446808 0.055900621118012424
9 0.5960771276595744 0.9363354037267081 0.015292553191489361 0.05434782608695652
8 0.6183510638297872 0.9340062111801242 0.015292553191489361 0.05745341614906832
7 0.6412898936170213 0.9340062111801242 0.015292553191489361 0.05124223602484472