54 0.4474734042553192 0.056677018633540376 0.015957446808510637 0.055900621118012424
7 0.47074468085106386 0.052795031055900624 0.015957446808510637 0.052795031055900624
3 0.5162898936170213 0.042701863354037264 0.018617021276595744 0.05434782608695652
5 0.5382313829787234 0.040372670807453416 0.017287234042553192 0.059006211180124224
0 0.5618351063829787 0.03571428571428571 0.018617021276595744 0.05745341614906832
5 0.49368351063829785 0.13819875776397517 0.01795212765957447 0.062111801242236024
0 0.5162898936170213 0.13121118012422361 0.01795212765957447 0.062111801242236024
0 0.5388962765957447 0.12577639751552794 0.018617021276595744 0.05745341614906832
0 0.5844414893617021 0.1187888198757764 0.015957446808510637 0.059006211180124224
0 0.6063829787234043 0.11335403726708075 0.01795212765957447 0.05745341614906832
0 0.629654255319149 0.10869565217391304 0.017287234042553192 0.05745341614906832
38 0.3916223404255319 0.875 0.014627659574468085 0.055900621118012424
61 0.41356382978723405 0.8687888198757764 0.015957446808510637 0.055900621118012424
59 0.43617021276595747 0.8649068322981367 0.017287234042553192 0.05745341614906832
40 0.4853723404255319 0.8563664596273292 0.016622340425531915 0.062111801242236024
24 0.5053191489361702 0.8517080745341615 0.015957446808510637 0.055900621118012424
55 0.527593085106383 0.8486024844720497 0.016622340425531915 0.06521739130434782
54 0.5741356382978723 0.8369565217391305 0.014627659574468085 0.05745341614906832
9 0.5970744680851063 0.8330745341614907 0.015957446808510637 0.055900621118012424
8 0.6193484042553191 0.8268633540372671 0.015957446808510637 0.059006211180124224
7 0.6422872340425532 0.8222049689440993 0.015957446808510637 0.052795031055900624