54 0.4509173259510835 0.10947204968944099 0.015555602272572282 0.052795031055900624
7 0.47386002410715694 0.10869565217391304 0.015540128797214526 0.049689440993788817
3 0.5190843951711221 0.1063664596273292 0.018207440002978584 0.05124223602484472
5 0.541350594603656 0.10791925465838509 0.01624370610263042 0.05745341614906832
0 0.5649581863767508 0.10714285714285714 0.018230650216015297 0.055900621118012424
5 0.4960176763005035 0.19875776397515527 0.01691633645733065 0.059006211180124224
0 0.5189719795630953 0.1956521739130435 0.01691633645733065 0.059006211180124224
0 0.5415899676483371 0.19332298136645962 0.018230650216015297 0.055900621118012424
0 0.5871351804142946 0.19332298136645962 0.015578812485609144 0.05745341614906832
0 0.6090844065136756 0.19177018633540371 0.016900862981972742 0.055900621118012424
0 0.6323595514782597 0.19099378881987578 0.016235969364951468 0.055900621118012424
38 0.3906952382443932 0.9200310559006211 0.01422581503852988 0.052795031055900624
61 0.41298464788996375 0.9169254658385093 0.015555602272572433 0.052795031055900624
59 0.43525858406017653 0.9169254658385093 0.016235969364951468 0.055900621118012424
40 0.484460711719751 0.9169254658385093 0.015586549223288098 0.059006211180124224
24 0.5044152569680682 0.9153726708074534 0.015555602272572282 0.052795031055900624
55 0.5266930615071205 0.9145962732919255 0.015602022698645855 0.062111801242236024
54 0.5732510881739676 0.9114906832298136 0.014241288513887637 0.055900621118012424
9 0.5961899179612017 0.9114906832298136 0.015555602272572433 0.052795031055900624
8 0.6181430124294222 0.9091614906832298 0.015578812485609144 0.05745341614906832
7 0.6410895789543352 0.907608695652174 0.015540128797214676 0.049689440993788817