54 0.44719101333003886 0.0749181035662895 0.016235969364951468 0.056551120432107485
7 0.47048163176998076 0.07198476082170505 0.01622049588959356 0.053445530369995685
3 0.5160771333308511 0.06374822657882136 0.01888780709535762 0.05510674195340076
5 0.5380302277990716 0.06231347058911822 0.017581230074351927 0.05971091877039388
0 0.5616571614163637 0.05861728239804947 0.018903280570715376 0.05821233201551258
5 0.4929949409848746 0.15832358029379123 0.018261597166731112 0.06284361297059295
0 0.5156361392831531 0.1522575433490077 0.01826159716673096 0.06284361297059295
0 0.5382696008437527 0.14774430143528006 0.01890328057071553 0.05821233201551258
0 0.5838496289292653 0.14261335725450816 0.016251442840309376 0.059656710494219285
0 0.6058181968728437 0.13807301120269325 0.01823838695369425 0.05818522787742525
0 0.629112683681625 0.13436327094258083 0.017573493336672973 0.05815812373933801
38 0.3872626887434646 0.8909643373334164 0.014906182130908913 0.05649691215593286
61 0.4092351250558824 0.8856475937660736 0.016235969364951468 0.05655112043210771
59 0.43186084987880313 0.8826871468834019 0.017573493336672973 0.05815812373933774
40 0.4811055295956116 0.8761524804310541 0.016931809932688408 0.06278940469441838
24 0.5010755483192866 0.8723072194805052 0.016235969364951468 0.05655112043210771
55 0.5233649579648572 0.8701096180443179 0.016947283408046316 0.06589499475653017
54 0.5699655366889385 0.8603609449775091 0.014913918868587867 0.058049707186988764
9 0.5929237083203698 0.8574140501638812 0.016235969364951468 0.05655112043210771
8 0.6152285914412982 0.8521108586655817 0.016251442840309376 0.05965671049421951
7 0.638190631441569 0.8483875663364256 0.01622049588959356 0.0534455303699959