54 0.2643333333333333 0.07651330521846965 0.019333333333333334 0.04978597056023341
5 0.31066666666666665 0.07581004568111593 0.018 0.04741095797508358
9 0.334 0.07250853923882955 0.019333333333333334 0.05332788319305515
41 0.587 0.062128216232049796 0.016666666666666666 0.04503594538993374
43 0.61 0.05941359418774987 0.016666666666666666 0.04857785802275548
50 0.631 0.05903964098709473 0.017333333333333333 0.048584726771056484
37 0.655 0.05633532206524631 0.015333333333333332 0.04384157034905782
41 0.679 0.055992278231945705 0.022 0.05217472064198527
37 0.7006666666666667 0.05621551255172853 0.019333333333333334 0.046244057927411694
54 0.747 0.05138002160941614 0.018 0.0497722330636314
7 0.791 0.04888176513659801 0.017333333333333333 0.04504281413823476
0 0.815 0.047358083759023506 0.018 0.04741095797508358
54 0.668 0.3616640678519212 0.018 0.04741095797508351
1 0.691 0.3613107208961691 0.016666666666666666 0.04857785802275554
9 0.7133333333333334 0.360950505192116 0.018 0.0462303204308096
7 0.736 0.35823244877366556 0.018 0.04859159551935742
0 0.7593333333333333 0.3596534925084748 0.017333333333333333 0.046223451682508666
1 0.8033333333333333 0.3559745984913828 0.017333333333333333 0.04386217659396085
9 0.8266666666666667 0.3544440483655072 0.017333333333333333 0.04504281413823476
8 0.8493333333333334 0.3523163107191937 0.018 0.04386904534226179
0 0.8726666666666667 0.35255671690972906 0.016666666666666666 0.04503594538993382
40 0.218 0.7903216414972638 0.02 0.0486122017642605
23 0.23833333333333334 0.7899408195483075 0.018 0.04741095797508378
37 0.26066666666666666 0.7878096475278435 0.016666666666666666 0.04621658293420746
65 0.284 0.7886403724905159 0.018 0.04859159551935742
55 0.30566666666666664 0.7870926504938878 0.016666666666666666 0.04739722047848137
58 0.329 0.7867427379122863 0.019333333333333334 0.05214724564878129
40 0.377 0.7825147376128633 0.016 0.04739035173018043
22 0.3973333333333333 0.7803629593474962 0.016666666666666666 0.04975849556702919
48 0.4206666666666667 0.7800130467658948 0.018666666666666668 0.048598464267658625
52 0.44366666666666665 0.7772984247215948 0.016666666666666666 0.04385530784565991
54 0.5126666666666667 0.7762383838543385 0.017333333333333333 0.048584726771056484
1 0.5343333333333333 0.7741003430855734 0.018 0.0462303204308096
2 0.5803333333333334 0.7704420553133844 0.019333333333333334 0.04978597056023347
5 0.6026666666666667 0.7706721583814682 0.016666666666666666 0.04621658293420746
8 0.6263333333333333 0.7679644050854695 0.018 0.04623032043080987
8 0.6723333333333333 0.7648964360854172 0.018 0.04504968288653596
9 0.6953333333333334 0.7639527703575282 0.016666666666666666 0.04621658293420773
5 0.718 0.7624153514833518 0.019333333333333334 0.04270214529459002
40 0.344 0.8984675326829433 0.02 0.04388965158716487
30 0.365 0.8980935794822881 0.016666666666666666 0.04503594538993355
55 0.3873333333333333 0.8953720886896871 0.018 0.04859159551935769
65 0.4093333333333333 0.8932374822950727 0.018 0.04504968288653596
55 0.433 0.8934813228597587 0.018 0.04504968288653596
60 0.4563333333333333 0.89254109150602 0.018 0.04741095797508378
37 0.4786666666666667 0.889819600713419 0.016666666666666666 0.04621658293420746
54 0.5463333333333333 0.8869748660331497 0.018666666666666668 0.047417826723384716
1 0.57 0.8854477502814249 0.019333333333333334 0.04978597056023347
4 0.5923333333333334 0.8821359407166869 0.016666666666666666 0.04739722047848163
7 0.638 0.8843774062917168 0.018666666666666668 0.05568228953330207