54 0.2768154997404629 0.04396539904352005 0.019810438441371238 0.04900377435999801
5 0.32311392294393976 0.0460750483793983 0.018453831688133658 0.04660128306146621
9 0.3464647113422013 0.0435828083882677 0.019178681904561016 0.05252507888782773
41 0.5993599809526321 0.04638777044227175 0.017097224934896075 0.04419879176293441
43 0.6223716176625841 0.04449615327577411 0.017132135064752523 0.04774070439575612
50 0.643359980952632 0.04502763551280025 0.01779880173141919 0.047761312500748124
37 0.667359980952632 0.04428574373308852 0.015752254891610695 0.04297693800867651
41 0.6913483442426799 0.044724489497650705 0.02251201523789435 0.05262811941278769
37 0.7129975558444183 0.04582568240182181 0.01977552831151479 0.04546186172717627
54 0.7596700408660612 0.04379279628024539 0.018477105108038207 0.04896255815001402
7 0.8036584041561089 0.0436132988950478 0.01776389160156274 0.044219399867926404
0 0.8276584041561088 0.04287140711533607 0.018453831688133505 0.04660128306146621
54 0.6683460730750265 0.3499472190700787 0.018453831688133658 0.046601283061466256
1 0.6913344363650743 0.35041687699212887 0.017132135064752523 0.04774070439575612
9 0.7136561329884555 0.35090714301917103 0.018442194978181458 0.045420645517192215
7 0.7363227996551223 0.35020646744944334 0.018465468398085553 0.047781920605740026
0 0.7596270412135752 0.35243677763540837 0.017775528311514792 0.04540003741220039
1 0.8036270412135752 0.3510766427059368 0.017752254891610694 0.04303876232365258
9 0.8272937078802418 0.35034505497872115 0.01776389160156274 0.04421939986792649
8 0.8499603745469085 0.34964437940899334 0.01841892155827736 0.04305937042864453
0 0.8732704344603375 0.35128437082282143 0.017097224934896075 0.0441987917629344
40 0.2021609887475331 0.7550299670366889 0.020477105108037904 0.049024382464990204
23 0.22248268537091428 0.7555820573787072 0.018453831688133658 0.04660128306146639
37 0.24514935203758098 0.7548813818089793 0.017108861644848122 0.045379429307208306
65 0.26845941195101 0.7565213732228074 0.018465468398085782 0.047781920605740026
55 0.29012607861767664 0.7558516098105676 0.017120498354800322 0.04656006685148221
58 0.3134361385311057 0.7574916012243957 0.01983371186127556 0.05136504944854566
40 0.36144195688608177 0.7554174988928354 0.016453831688133656 0.04653945874649039
22 0.3817811085743912 0.7541986329184427 0.01714377177470457 0.048921341940030026
48 0.40510280519777236 0.7546579867879968 0.019132135064752524 0.047802528710732116
52 0.42810280519777233 0.7539470071657731 0.017085588224944027 0.04301815421866049
54 0.4970620767129399 0.7559462997040607 0.01779880173141919 0.047761312500747936
1 0.5187345617345825 0.7546862175196839 0.018442194978181458 0.04542064551719248
2 0.5647287433796065 0.7538545770473735 0.019810438441371238 0.049003774359997844
5 0.5870446216480116 0.7549351618465524 0.017108861644848122 0.045379429307208306
8 0.6107171066696543 0.7536132553471997 0.018442194978181458 0.04542064551719248
8 0.6567054699597022 0.7533719336470261 0.01843055826822941 0.04424000797291857
9 0.6796996516047262 0.7532512727969394 0.017108861644848275 0.045379429307208306
5 0.7026938332497501 0.7531306119468526 0.019740618181658343 0.0419199490943544
40 0.3239973177523186 0.8692915260930572 0.02043055826822941 0.044301832287894305
30 0.34498568104236643 0.8698230083300833 0.017097224934896075 0.0441987917629344
55 0.36731901437569986 0.8691326368128515 0.018465468398085855 0.0477819206057403
65 0.38932483273067586 0.8678622505759788 0.01843055826822941 0.04424000797291857
55 0.41296822597743826 0.8694919379373109 0.01843055826822941 0.044240007972918306
60 0.4362957409557955 0.8693609730347281 0.018453831688133658 0.04660128306146612
37 0.458640710999081 0.8674899639732225 0.017108861644848122 0.045379429307208306
54 0.5262782858908673 0.8683498351772201 0.019120498354800324 0.04662189116645821
1 0.5499391342025578 0.8682085662221414 0.019810438441371238 0.049003774359997844
4 0.5726232559341528 0.8657369343360027 0.017120498354800322 0.04656006685148221
7 0.6178925873627493 0.8708290896900536 0.01853528865779875 0.05486574587138374