54 0.27466666666666667 0.0704910814294417 0.02 0.049998915707287546
5 0.32066666666666666 0.07485603102877246 0.018666666666666668 0.04761016469555416
9 0.344 0.0726042460566143 0.020666666666666667 0.053554566301702036
41 0.5966666666666667 0.08687807809347017 0.017333333333333333 0.04522141368382081
43 0.6196666666666667 0.08581379964638229 0.017333333333333333 0.04876332631664249
50 0.6406666666666667 0.08656169140048364 0.018 0.04877706427823528
37 0.6646666666666666 0.0866574435552805 0.016 0.04401330021636132
41 0.6886666666666666 0.08852415202648824 0.02266666666666667 0.05241514264220647
37 0.7103333333333334 0.0904389433632707 0.02 0.046457003074465826
54 0.757 0.09006760482391307 0.018666666666666668 0.04997143978410198
7 0.8003333333333333 0.09153591240893018 0.018 0.04523515164541356
0 0.8243333333333334 0.09222198333586401 0.018666666666666668 0.04761016469555416
54 0.6776666666666666 0.39335531481543734 0.018666666666666668 0.047610164695554055
1 0.7006666666666667 0.3952426302290343 0.017333333333333333 0.04876332631664253
9 0.723 0.39596304605995 0.018666666666666668 0.04642952715128015
7 0.7456666666666667 0.39549595536579557 0.018666666666666668 0.048790802239827964
0 0.7686666666666667 0.3997445458679402 0.018 0.04641578918968743
1 0.813 0.4000116089662943 0.018 0.04405451410113975
9 0.8363333333333334 0.40012109908268395 0.018 0.04523515164541352
8 0.859 0.4008346459328033 0.018666666666666668 0.04406825206273247
0 0.882 0.40331228011853715 0.017333333333333333 0.04522141368382081
40 0.228 0.7804255840774179 0.020666666666666667 0.048832016124606255
23 0.24833333333333332 0.7817775325652491 0.018666666666666668 0.047610164695554055
37 0.27066666666666667 0.7813173108518909 0.017333333333333333 0.04640205122809471
65 0.294 0.7837880760568283 0.018666666666666668 0.048790802239827964
55 0.31566666666666665 0.7839319110772 0.017333333333333333 0.04758268877236862
58 0.339 0.7864026762821374 0.020666666666666667 0.05237392875742798
40 0.387 0.7871844993638683 0.016666666666666666 0.047568950810775765
22 0.4073333333333333 0.7867654915352884 0.017333333333333333 0.049943963860916436
48 0.43066666666666664 0.7880556191959519 0.019333333333333334 0.04880454020142082
52 0.45366666666666666 0.788171978293138 0.017333333333333333 0.0440407761395469
54 0.5226666666666666 0.7932436057617919 0.018 0.04877706427823538
1 0.544 0.7928039909908228 0.018666666666666668 0.04642952715128015
2 0.59 0.7942173467294688 0.02 0.04999891570728758
5 0.6123333333333333 0.7961184001046585 0.017333333333333333 0.04640205122809471
8 0.636 0.7956307024681147 0.018666666666666668 0.04642952715128015
8 0.6816666666666666 0.7970509271875571 0.018666666666666668 0.045248889607006244
9 0.705 0.7983410548482208 0.017333333333333333 0.046402051228094446
5 0.7276666666666667 0.7984642829262032 0.02 0.042915090441644134
40 0.354 0.8994347763965952 0.020666666666666667 0.044109465947510626
30 0.37533333333333335 0.900766117942037 0.017333333333333333 0.04522141368382081
55 0.39766666666666667 0.9014865337729527 0.018666666666666668 0.048790802239827964
65 0.4196666666666667 0.9004428622682541 0.018666666666666668 0.045248889607006244
55 0.443 0.9035039462453286 0.018666666666666668 0.045248889607006244
60 0.466 0.9042106241146515 0.018666666666666668 0.047610164695554055
37 0.4886666666666667 0.9031532146483601 0.017333333333333333 0.04640205122809471
54 0.5563333333333333 0.9070716804959255 0.019333333333333334 0.04762390265714691
1 0.5796666666666667 0.9077714893844521 0.02 0.04999891570728758
4 0.602 0.9061306301268199 0.017333333333333333 0.04758268877236862
7 0.6473333333333333 0.9128705927762915 0.02 0.05590210342865712