54 0.264 0.08477433365423649 0.018 0.04859159551935749
5 0.31 0.08642891483128008 0.016666666666666666 0.04621658293420766
9 0.3333333333333333 0.08371772716113067 0.018 0.0509528706079053
41 0.5863333333333334 0.08042122941999436 0.016 0.04266780155308493
43 0.609 0.07829349177368089 0.016 0.04620971418590666
50 0.6303333333333333 0.07792297294717623 0.016 0.04620971418590666
37 0.654 0.07757649473972514 0.014 0.04264719530818189
41 0.6783333333333333 0.07723688528057504 0.020666666666666667 0.05098034560110935
37 0.7 0.07746011960035787 0.018666666666666668 0.04505655163483677
54 0.7466666666666667 0.07498933812074378 0.016666666666666666 0.04857785802275548
7 0.7903333333333333 0.07425860359018602 0.016 0.04266780155308493
0 0.8143333333333334 0.07214460344047456 0.016666666666666666 0.04503594538993375
54 0.663 0.382864028036594 0.016666666666666666 0.04503594538993382
1 0.6863333333333334 0.38251411545499236 0.015333333333333332 0.04620284543760558
9 0.7083333333333334 0.38274078414892565 0.017333333333333333 0.04386217659396085
7 0.7313333333333333 0.3806164808767627 0.016666666666666666 0.04739722047848163
0 0.7546666666666667 0.3838084809279828 0.016 0.04502907664163275
1 0.7983333333333333 0.3807164713088772 0.016 0.04148716400881089
9 0.822 0.3797796743292892 0.016 0.04266780155308493
8 0.8446666666666667 0.3788325742272496 0.017333333333333333 0.04268153904968694
0 0.868 0.38025361796205887 0.016 0.04266780155308493
40 0.20766666666666667 0.7972990011642416 0.018666666666666668 0.047417826723384716
23 0.22833333333333333 0.7975119323615728 0.016666666666666666 0.04621658293420746
37 0.25066666666666665 0.7959710791132458 0.015333333333333332 0.04384157034905777
65 0.2743333333333333 0.7973955572222057 0.016666666666666666 0.04739722047848137
55 0.2956666666666667 0.7964347196235639 0.015333333333333332 0.04620284543760558
58 0.31933333333333336 0.7966785601882499 0.018 0.0509528706079055
40 0.36733333333333335 0.7948118349773746 0.014666666666666666 0.04619597668930465
22 0.3873333333333333 0.7926566223378572 0.015333333333333332 0.0485641205261534
48 0.4103333333333333 0.792893594154242 0.017333333333333333 0.046223451682508666
52 0.43333333333333335 0.791359609654216 0.015333333333333332 0.041480295260509954
54 0.5023333333333333 0.7926608438755076 0.016 0.04739035173018043
1 0.524 0.7905228031067425 0.016666666666666666 0.04385530784565991
2 0.57 0.7886354716509644 0.018 0.04741095797508351
5 0.5926666666666667 0.7894593278653356 0.016 0.045029076641632616
8 0.6163333333333333 0.7873418933414736 0.017333333333333333 0.04386217659396085
8 0.662 0.786041446283682 0.016666666666666666 0.042674670301386004
9 0.685 0.7856880993279299 0.015333333333333332 0.04384157034905777
5 0.708 0.7847444336000409 0.018666666666666668 0.04033400145774127
40 0.3323333333333333 0.9089730674861407 0.018666666666666668 0.04151463900201518
30 0.3536666666666667 0.9091928674317732 0.015333333333333332 0.04266093280478386
55 0.376 0.9076520141834461 0.016666666666666666 0.04621658293420746
65 0.398 0.9055174077888315 0.016666666666666666 0.04385530784565991
55 0.4216666666666667 0.9075322046699282 0.016666666666666666 0.042674670301385734
60 0.44466666666666665 0.9065885389420393 0.016666666666666666 0.04503594538993382
37 0.4673333333333333 0.9044608012957258 0.016 0.045029076641632616
54 0.535 0.9033870229318675 0.018 0.04504968288653596
1 0.5583333333333333 0.9030371103502657 0.018666666666666668 0.047417826723384716
4 0.581 0.9003190539318153 0.015333333333333332 0.04620284543760558
7 0.6263333333333333 0.9031474039048318 0.016666666666666666 0.054481045744124816