54 0.2663333333333333 0.09031877213695395 0.019333333333333334 0.048406139315230225
5 0.31266666666666665 0.09268004722550177 0.018 0.04604486422668241
9 0.33566666666666667 0.089728453364817 0.019333333333333334 0.05194805194805195
41 0.5886666666666667 0.09327036599763873 0.016666666666666666 0.043683589138134596
43 0.6116666666666667 0.09149940968122787 0.016666666666666666 0.047225501770956316
50 0.6326666666666667 0.09149940968122787 0.017333333333333333 0.047225501770956316
37 0.6566666666666666 0.09031877213695395 0.015333333333333332 0.04250295159386069
41 0.6806666666666666 0.09149940968122787 0.022 0.05076741440377804
37 0.7023333333333334 0.09208972845336481 0.019333333333333334 0.0448642266824085
54 0.749 0.09031877213695395 0.018 0.048406139315230225
7 0.7923333333333333 0.089728453364817 0.017333333333333333 0.043683589138134596
0 0.8163333333333334 0.08913813459268005 0.018 0.04604486422668241
54 0.6756666666666666 0.39669421487603307 0.018 0.04604486422668241
1 0.6986666666666667 0.39728453364817 0.016666666666666666 0.047225501770956316
9 0.721 0.39728453364817 0.018 0.0448642266824085
7 0.7436666666666667 0.3955135773317591 0.018 0.047225501770956316
0 0.767 0.3990554899645809 0.017333333333333333 0.0448642266824085
1 0.811 0.39728453364817 0.017333333333333333 0.04250295159386069
9 0.8346666666666667 0.39669421487603307 0.017333333333333333 0.043683589138134596
8 0.8573333333333333 0.3961038961038961 0.018 0.04250295159386069
0 0.8803333333333333 0.39787485242030696 0.016666666666666666 0.043683589138134596
40 0.23366666666666666 0.8016528925619835 0.02 0.047225501770956316
23 0.254 0.8022432113341205 0.018 0.04604486422668241
37 0.2763333333333333 0.8010625737898465 0.016666666666666666 0.0448642266824085
65 0.3 0.8022432113341205 0.018 0.047225501770956316
55 0.32166666666666666 0.8016528925619835 0.016666666666666666 0.04604486422668241
58 0.345 0.8034238488783944 0.02 0.05076741440377804
40 0.393 0.8022432113341205 0.016 0.04604486422668241
22 0.41333333333333333 0.8004722550177096 0.016666666666666666 0.048406139315230225
48 0.43666666666666665 0.8010625737898465 0.018666666666666668 0.047225501770956316
52 0.45966666666666667 0.8004722550177096 0.016666666666666666 0.04250295159386069
54 0.5286666666666666 0.8022432113341205 0.017333333333333333 0.047225501770956316
1 0.55 0.8010625737898465 0.018 0.0448642266824085
2 0.596 0.8004722550177096 0.019333333333333334 0.048406139315230225
5 0.6183333333333333 0.8016528925619835 0.016666666666666666 0.0448642266824085
8 0.642 0.7998819362455726 0.018 0.0448642266824085
8 0.6876666666666666 0.7998819362455726 0.018 0.043683589138134596
9 0.711 0.7998819362455726 0.016666666666666666 0.0448642266824085
5 0.7336666666666667 0.7992916174734357 0.019333333333333334 0.04132231404958678
40 0.362 0.9155844155844156 0.02 0.04250295159386069
30 0.38333333333333336 0.9161747343565525 0.016666666666666666 0.043683589138134596
55 0.4056666666666667 0.9155844155844156 0.018 0.047225501770956316
65 0.42766666666666664 0.9138134592680047 0.018 0.043683589138134596
55 0.4513333333333333 0.9161747343565525 0.018 0.043683589138134596
60 0.47433333333333333 0.9155844155844156 0.018 0.04604486422668241
37 0.49666666666666665 0.9138134592680047 0.016666666666666666 0.0448642266824085
54 0.5646666666666667 0.9149940968122786 0.018666666666666668 0.04604486422668241
1 0.588 0.9144037780401417 0.019333333333333334 0.048406139315230225
4 0.6103333333333333 0.9120425029515938 0.016666666666666666 0.04604486422668241
7 0.6556666666666666 0.9167650531286895 0.018666666666666668 0.05430932703659976