54 0.21500419111483654 0.5765765765765766 0.018440905280804692 0.32432432432432434
5 0.27242246437552387 0.545045045045045 0.019279128248113998 0.2882882882882883
9 0.3013411567476949 0.5405405405405406 0.018440905280804692 0.2882882882882883
13 0.6202849958088852 0.4864864864864865 0.019279128248113998 0.2882882882882883
43 0.6487845766974015 0.4774774774774775 0.019279128248113998 0.2882882882882883
50 0.6764459346186086 0.481981981981982 0.01760268231349539 0.3063063063063063
37 0.7053646269907795 0.46396396396396394 0.016764459346186086 0.2882882882882883
41 0.7347024308466052 0.46396396396396394 0.018440905280804692 0.2882882882882883
37 0.7627829002514669 0.45495495495495497 0.01760268231349539 0.2882882882882883
54 0.8210393964794636 0.45495495495495497 0.018440905280804692 0.3153153153153153
7 0.8780385582564962 0.43243243243243246 0.018440905280804692 0.2972972972972973
0 0.9065381391450126 0.42792792792792794 0.018440905280804692 0.2882882882882883