54 0.2143799602497725 0.5362412238370468 0.01879203514240319 0.3277838867425297
5 0.27183237113589304 0.49393787295792146 0.01959124368064607 0.2919051035436847
9 0.3007559403116974 0.4840081455703223 0.01875302071333667 0.2917478507064936
13 0.6197583010164874 0.37011938696503593 0.019591243680646166 0.2919051035436847
43 0.6482676355122704 0.3557637814915278 0.019591243680645975 0.2919051035436847
50 0.6759241166298441 0.3550789423687244 0.01793430496056072 0.3096086158873204
37 0.7048623162165483 0.33163570146761173 0.01707657477871806 0.29143334503211127
41 0.734200120072374 0.3261318521659215 0.01875302071333667 0.2917478507064936
37 0.7622903430845023 0.311854873111009 0.017914797746027555 0.29159059786930236
54 0.8205468393124988 0.3009258009262241 0.018782281535136704 0.31877487773352065
7 0.8775703851076981 0.2677100854747034 0.018762774320603345 0.30075685971550253
0 0.9060748427998477 0.25785898450569983 0.01875302071333686 0.2917478507064936