54 0.21207041072925398 0.6261261261261262 0.020117351215423303 0.34234234234234234
5 0.269907795473596 0.6126126126126126 0.020117351215423303 0.2972972972972973
9 0.298826487845767 0.6216216216216216 0.020117351215423303 0.2972972972972973
13 0.6177703269069572 0.6396396396396397 0.020955574182732608 0.2972972972972973
43 0.6462699077954736 0.6396396396396397 0.020955574182732608 0.3063063063063063
50 0.6739312657166806 0.6486486486486487 0.019279128248113998 0.3153153153153153
37 0.7032690695725062 0.6396396396396397 0.018440905280804692 0.2882882882882883
41 0.732606873428332 0.6486486486486487 0.020117351215423303 0.3063063063063063
37 0.7606873428331936 0.6441441441441441 0.019279128248113998 0.2972972972972973
54 0.8189438390611903 0.6621621621621622 0.020117351215423303 0.32432432432432434
7 0.875943000838223 0.6531531531531531 0.020117351215423303 0.3063063063063063
0 0.9044425817267393 0.6531531531531531 0.020117351215423303 0.3063063063063063