54 0.21175312486427839 0.7067544104001168 0.02132621125886441 0.34496307510564983
5 0.269614893626787 0.6914651103043227 0.02127744322253126 0.2999180300606048
9 0.29853358599895796 0.6950817215176868 0.02127744322253126 0.2999180300606045
13 0.6171022048091933 0.6943763189794181 0.022115666189840563 0.30002285937113715
43 0.645606662501343 0.6934360110330114 0.02212541979710724 0.3090318683801459
50 0.6736822551025714 0.7014522974403479 0.02045872746975531 0.31783121876809045
37 0.7026155778856423 0.6915553951401984 0.019591243680646166 0.29069936243053107
41 0.731953381741468 0.6952244210088288 0.021287196829797746 0.3089270390696138
37 0.7600436047535963 0.6897271939026517 0.020439220255221956 0.29981320075007245
54 0.818709458857981 0.7060742546489212 0.021306704044331104 0.32694505708763183
7 0.8753138931695256 0.6906277105873285 0.021287196829797746 0.3089270390696138
0 0.9038183508616754 0.6896874026409221 0.021287196829797746 0.30892703906961355