37 0.22950336354811704 0.1375445138371574 0.13050680255609848 0.11760848873913485
52 0.39710112891124555 0.13950575708751894 0.13070182021200494 0.12884444379531462
37 0.5563515089488686 0.13949627899933245 0.11939862408385868 0.1212230575411707
56 0.21803569572810855 0.31534907339748575 0.13063681432670277 0.1250991254432547
61 0.38280766205920047 0.3191502884363712 0.13070182021200494 0.12884444379531462
53 0.5476121313329435 0.3210788442992268 0.1250502221479318 0.12503375066824257
55 0.7152098966960719 0.32304008754958824 0.13070182021200494 0.12884444379531462
52 0.21208961420156888 0.49696432608488605 0.1362234065054737 0.12516450021826683
43 0.371339994239192 0.49695484799669964 0.12498521626262962 0.12128843231618264
59 0.5389377596023205 0.49891609124706104 0.1250502221479318 0.12503375066824257
37 0.7010464416146314 0.4951939821943207 0.11939862408385868 0.1212230575411707
53 0.19500285126013833 0.6765761700462324 0.1362234065054737 0.12516450021826683
48 0.362665622508569 0.6747920949445341 0.13070182021200494 0.12884444379531462
44 0.6893512531960653 0.6861071559868589 0.125115228033234 0.12877906902030248
37 0.8486991420616415 0.6804797003705825 0.11939862408385868 0.1212230575411707
51 0.1779160883187078 0.8561880140075787 0.1250502221479318 0.12503375066824257
37 0.3400247703310186 0.8524659049548383 0.1193336181985565 0.11747773918911078
59 0.5103183229555793 0.8600778131207957 0.12498521626262962 0.12128843231618264
55 0.6751227922293223 0.8620063689836511 0.13063681432670277 0.1250991254432547
42 0.5414040692865882 0.6787567469209496 0.11946362996916085 0.12496837589323062