37 0.23184357541899442 0.1348314606741573 0.12849162011173185 0.11610486891385768
52 0.3994413407821229 0.1348314606741573 0.12849162011173185 0.12734082397003746
37 0.5586592178770949 0.13295880149812733 0.11731843575418995 0.1198501872659176
56 0.22346368715083798 0.31273408239700373 0.12849162011173185 0.12359550561797752
61 0.388268156424581 0.3146067415730337 0.12849162011173185 0.12734082397003746
53 0.553072625698324 0.3146067415730337 0.12290502793296089 0.12359550561797752
55 0.7206703910614525 0.3146067415730337 0.12849162011173185 0.12734082397003746
52 0.2206703910614525 0.4943820224719101 0.1340782122905028 0.12359550561797752
43 0.37988826815642457 0.49250936329588013 0.12290502793296089 0.1198501872659176
59 0.547486033519553 0.49250936329588013 0.12290502793296089 0.12359550561797752
37 0.7094972067039106 0.4868913857677903 0.11731843575418995 0.1198501872659176
53 0.20670391061452514 0.6741573033707865 0.1340782122905028 0.12359550561797752
48 0.3743016759776536 0.6704119850187266 0.12849162011173185 0.12734082397003746
44 0.7011173184357542 0.6779026217228464 0.12290502793296089 0.12734082397003746
37 0.8603351955307262 0.6704119850187266 0.11731843575418995 0.1198501872659176
51 0.19273743016759776 0.8539325842696629 0.12290502793296089 0.12359550561797752
37 0.3547486033519553 0.848314606741573 0.11731843575418995 0.11610486891385768
59 0.5251396648044693 0.8539325842696629 0.12290502793296089 0.1198501872659176
55 0.6899441340782123 0.8539325842696629 0.12849162011173185 0.12359550561797752
42 0.553072625698324 0.6722846441947565 0.11731843575418995 0.12359550561797752