37 0.22229362082014306 0.133959875683752 0.12946667538731094 0.11286071193128079
52 0.38989138618327157 0.13330618694094803 0.12956418091486885 0.12409666698746058
37 0.5519188102888888 0.13080162864687425 0.12391258505105919 0.11658424065858061
56 0.20678330285354876 0.3119169714684987 0.12956418091486885 0.12409666698746062
61 0.3715552702847725 0.31501949589013484 0.12956418091486885 0.12409666698746062
53 0.5363759904797751 0.3125040427836809 0.12394508689357847 0.12032955901064059
55 0.7011642088322585 0.313733908029287 0.13515077309363996 0.12411845661222075
52 0.18846343787630934 0.4917576212416556 0.13511827125112053 0.12037313826016081
43 0.3476813149712814 0.49113661693599175 0.12953167907234958 0.1203513486354007
59 0.51527908033441 0.49048292819318784 0.1239775887360979 0.12407487736270051
37 0.677306504440027 0.4879783698991141 0.12391258505105919 0.11658424065858065
53 0.16454072979903933 0.6734927198156024 0.13515077309363982 0.12411845661222075
48 0.33215474608342743 0.6709663718967686 0.12956418091486885 0.12409666698746062
44 0.6533350435989781 0.6753314460011508 0.1239775887360979 0.12407487736270051
37 0.8153949695471147 0.6690815693550172 0.12391258505105951 0.11658424065858065
51 0.14341131781115476 0.8552169235771693 0.12953167907234958 0.1203513486354007
37 0.30547124375929124 0.8489670469310356 0.11829349102976912 0.11281713268176041
59 0.47581355244802626 0.8539204409039415 0.12953167907234941 0.1203513486354007
55 0.6378409765536435 0.8514158826098677 0.12953167907234958 0.12035134863540049
42 0.5109256958040979 0.6702691039044443 0.11835849471480753 0.12030776938588048