37 0.19832402234636873 0.15168539325842698 0.11173184357541899 0.10861423220973783
52 0.3687150837988827 0.15355805243445692 0.11173184357541899 0.1198501872659176
37 0.5279329608938548 0.15168539325842698 0.10614525139664804 0.10861423220973783
56 0.20391061452513967 0.33146067415730335 0.11173184357541899 0.11610486891385768
61 0.3687150837988827 0.3333333333333333 0.11173184357541899 0.11610486891385768
53 0.5307262569832403 0.3333333333333333 0.10614525139664804 0.11610486891385768
55 0.6983240223463687 0.3352059925093633 0.11173184357541899 0.1198501872659176
52 0.20670391061452514 0.5112359550561798 0.11731843575418995 0.11610486891385768
43 0.3659217877094972 0.5112359550561798 0.11173184357541899 0.11235955056179775
59 0.5335195530726257 0.5093632958801498 0.10614525139664804 0.11610486891385768
37 0.6955307262569832 0.5074906367041199 0.10614525139664804 0.11235955056179775
53 0.20391061452513967 0.6928838951310862 0.11731843575418995 0.11610486891385768
48 0.3715083798882682 0.6910112359550562 0.11173184357541899 0.11610486891385768
44 0.6955307262569832 0.6966292134831461 0.10614525139664804 0.11610486891385768
37 0.8575418994413407 0.6910112359550562 0.10614525139664804 0.11235955056179775
51 0.2011173184357542 0.8707865168539326 0.10614525139664804 0.11610486891385768
37 0.36312849162011174 0.8670411985018727 0.1005586592178771 0.10861423220973783
59 0.5335195530726257 0.8745318352059925 0.11173184357541899 0.11235955056179775
55 0.6955307262569832 0.8707865168539326 0.11173184357541899 0.11610486891385768
42 0.5502793296089385 0.6891385767790262 0.1005586592178771 0.11610486891385768