37 0.2122905027932961 0.1404494382022472 0.12290502793296089 0.11235955056179775
52 0.37988826815642457 0.13670411985018727 0.12290502793296089 0.12359550561797752
37 0.5391061452513967 0.13108614232209737 0.11173184357541899 0.11610486891385768
56 0.21508379888268156 0.3202247191011236 0.12290502793296089 0.1198501872659176
61 0.37988826815642457 0.31647940074906367 0.12290502793296089 0.12359550561797752
53 0.5446927374301676 0.31273408239700373 0.11731843575418995 0.1198501872659176
55 0.7094972067039106 0.3089887640449438 0.12290502793296089 0.12359550561797752
52 0.2206703910614525 0.5 0.12849162011173185 0.1198501872659176
43 0.37988826815642457 0.4943820224719101 0.11731843575418995 0.11610486891385768
59 0.547486033519553 0.49063670411985016 0.11731843575418995 0.1198501872659176
37 0.7094972067039106 0.4812734082397004 0.11173184357541899 0.11610486891385768
53 0.21508379888268156 0.6816479400749064 0.12849162011173185 0.1198501872659176
48 0.38268156424581007 0.6741573033707865 0.12290502793296089 0.12359550561797752
44 0.7094972067039106 0.6722846441947565 0.11731843575418995 0.12359550561797752
37 0.8687150837988827 0.6610486891385767 0.11173184357541899 0.11610486891385768
51 0.2122905027932961 0.8614232209737828 0.11731843575418995 0.1198501872659176
37 0.3743016759776536 0.8520599250936329 0.11173184357541899 0.11235955056179775
59 0.5446927374301676 0.8539325842696629 0.11731843575418995 0.11610486891385768
55 0.7094972067039106 0.848314606741573 0.12290502793296089 0.1198501872659176
42 0.5614525139664804 0.6704119850187266 0.11173184357541899 0.1198501872659176