37 0.21508379888268156 0.13857677902621723 0.12290502793296089 0.11235955056179775
52 0.38268156424581007 0.13670411985018727 0.12290502793296089 0.12359550561797752
37 0.5446927374301676 0.13295880149812733 0.11731843575418995 0.11610486891385768
56 0.20391061452513967 0.31647940074906367 0.12290502793296089 0.12359550561797752
61 0.3687150837988827 0.31835205992509363 0.12290502793296089 0.12359550561797752
53 0.5335195530726257 0.3146067415730337 0.11731843575418995 0.1198501872659176
55 0.6983240223463687 0.3146067415730337 0.12849162011173185 0.12359550561797752
52 0.19273743016759776 0.49625468164794007 0.12849162011173185 0.1198501872659176
43 0.35195530726256985 0.4943820224719101 0.12290502793296089 0.1198501872659176
59 0.5195530726256983 0.49250936329588013 0.11731843575418995 0.12359550561797752
37 0.6815642458100558 0.4887640449438202 0.11731843575418995 0.11610486891385768
53 0.17597765363128492 0.6779026217228464 0.12849162011173185 0.12359550561797752
48 0.3435754189944134 0.6741573033707865 0.12290502793296089 0.12359550561797752
44 0.664804469273743 0.6760299625468165 0.11731843575418995 0.12359550561797752
37 0.8268156424581006 0.6685393258426966 0.11731843575418995 0.11610486891385768
51 0.15921787709497207 0.8595505617977528 0.12290502793296089 0.1198501872659176
37 0.32122905027932963 0.8520599250936329 0.11173184357541899 0.11235955056179775
59 0.49162011173184356 0.8558052434456929 0.12290502793296089 0.1198501872659176
55 0.6536312849162011 0.8520599250936329 0.12290502793296089 0.1198501872659176
42 0.5223463687150838 0.6722846441947565 0.11173184357541899 0.1198501872659176