37 0.18294557411712628 0.15775965641293915 0.11829349102976905 0.11327474577846731
52 0.3533203846483806 0.1545577851365081 0.11839099655732696 0.12451070083464709
37 0.5124895089795737 0.14769775695722379 0.11270689885099801 0.11323116505386403
56 0.19847214300498023 0.3374259855003072 0.11835849471480768 0.12076538248258716
61 0.36326036135746353 0.3342676949484796 0.11835849471480768 0.12076538248258716
53 0.5252390326993018 0.32925853558292356 0.11277190253603674 0.12072180175798383
55 0.6928205471411707 0.32607845466879415 0.11839099655732696 0.12451070083464709
52 0.21120541580344868 0.5171141049499771 0.12394508689357864 0.12080896320719049
43 0.37039079105590145 0.5121267359467226 0.11832599287228825 0.11702006413052723
59 0.537939803655251 0.5052013366805334 0.11277190253603674 0.12072180175798383
37 0.6999022240758296 0.4983195181389475 0.11273940069351746 0.1169764834059239
53 0.22116164343379136 0.6986966739379784 0.12394508689357864 0.12080896320719049
48 0.38871065603314087 0.6917712746717891 0.11835849471480768 0.12076538248258716
44 0.7127005005593366 0.685498274292737 0.11277190253603657 0.12072180175798383
37 0.8718371230480105 0.6748929277613928 0.11273940069351761 0.1169764834059239
51 0.22829207313222918 0.8765557149362215 0.11277190253603674 0.12072180175798383
37 0.3902382426315481 0.8678012372186057 0.10712030667222706 0.11318758432926086
59 0.5606455550053218 0.8683446842942345 0.1183259928722884 0.11702006413052723
55 0.7225917245046407 0.8595902065766186 0.11835849471480785 0.12076538248258716
42 0.5674166020687726 0.6828860547803632 0.10718531035726578 0.1206782210333805