37 0.23694458043660616 0.13204363725820176 0.13050680255609848 0.11660603028334073
52 0.40457484874238575 0.13326260769142775 0.13070182021200494 0.1278419853395205
37 0.5665860219267432 0.1326307085733839 0.12498521626262962 0.12032955901064048
56 0.21765348833072337 0.30816075830405876 0.13070182021200494 0.12784198533952054
61 0.38255546643241967 0.3131359419017248 0.13070182021200494 0.12784198533952054
53 0.5473599357061627 0.31249314797130084 0.1250502221479318 0.12407487736270051
55 0.7122619138078587 0.31746833156896687 0.13628841239077588 0.12786377496428067
52 0.20122069819952823 0.4880123028895957 0.1362234065054737 0.12411845661222075
43 0.36047107823715135 0.4892639577599618 0.13063681432670277 0.12409666698746062
59 0.5281013465429308 0.49048292819318784 0.125115228033234 0.12782019571476044
37 0.6901125197272884 0.48985102907514405 0.12498521626262962 0.12032955901064059
53 0.17923381883221312 0.6697582962759226 0.13628841239077588 0.12786377496428067
48 0.3468315841953416 0.6691046075331186 0.13070182021200494 0.12784198533952054
44 0.6682231491879266 0.6772149999895608 0.125115228033234 0.12782019571476044
37 0.830169316486982 0.672837782519457 0.12498521626262962 0.12032955901064059
51 0.15445364337551265 0.8515151844746296 0.13063681432670277 0.12409666698746062
37 0.316399810674568 0.8471379670045259 0.1193336181985565 0.11656245103382033
59 0.4869208838976863 0.8539640201534617 0.13063681432670277 0.12409666698746062
55 0.6489320570820438 0.8533321210354179 0.13063681432670277 0.12409666698746041
42 0.5256350368586631 0.6702799987168244 0.11946362996916085 0.1240530877379404