43 0.19596375119465864 0.14916025013462852 0.10266419412062272 0.10286409458094754
50 0.34337810662868024 0.1515026502572672 0.10284793164618287 0.10993123239013482
48 0.5011350403266154 0.14681902797574306 0.10792735201535941 0.10288465228345973
59 0.6617532248788691 0.15097960680695907 0.10801922077813964 0.10641822118805337
61 0.20309689951825158 0.32231540531097297 0.11337424743565655 0.10997234779515921
59 0.35568254408422995 0.3211447942315302 0.10801922077813964 0.10641822118805337
37 0.5081763198874283 0.31644061424749387 0.10266419412062272 0.10286409458094754
60 0.2154013369738013 0.491957549285236 0.10801922077813964 0.10641822118805327
43 0.36789511277699954 0.48725336930119956 0.11319050991009626 0.10290520998597204
51 0.5153094682110212 0.4895957694238383 0.09749290498866596 0.10637710578302909
37 0.6730664019089564 0.4849121471423141 0.09740103622588588 0.10284353687843525
66 0.22507419548198254 0.6615894144082429 0.10801922077813964 0.10641822118805348
55 0.3750282611005925 0.6604085244775441 0.11328237867287648 0.10643877889056547
55 0.5302454846139393 0.6592481922493574 0.10801922077813964 0.10641822118805348
49 0.23202360628001534 0.8276774317754 0.10257232535784258 0.09933052567635381
61 0.3847011196087738 0.8300403896005509 0.10801922077813964 0.10641822118805348
48 0.5397805399779505 0.8235797040154739 0.10774361448979927 0.09581751447427256
39 0.6949977634912973 0.8224193717872873 0.10248045659506243 0.09579695677176016
43 0.8502149870046442 0.8212590395591005 0.10774361448979956 0.09581751447427256