43 0.21052631578947367 0.1519434628975265 0.1 0.10600706713780919
50 0.35789473684210527 0.1607773851590106 0.1 0.11307420494699646
48 0.5184210526315789 0.1625441696113074 0.10526315789473684 0.10600706713780919
59 0.6763157894736842 0.17314487632508835 0.10526315789473684 0.10954063604240283
61 0.22105263157894736 0.3250883392226148 0.11052631578947368 0.11307420494699646
59 0.3736842105263158 0.3303886925795053 0.10526315789473684 0.10954063604240283
37 0.5263157894736842 0.3321554770318021 0.1 0.10600706713780919
60 0.23684210526315788 0.49469964664310956 0.10526315789473684 0.10954063604240283
43 0.3894736842105263 0.49646643109540634 0.11052631578947368 0.10600706713780919
51 0.5368421052631579 0.5053003533568905 0.09473684210526316 0.10954063604240283
37 0.6947368421052632 0.5070671378091873 0.09473684210526316 0.10600706713780919
66 0.24736842105263157 0.6643109540636042 0.10526315789473684 0.10954063604240283
55 0.3973684210526316 0.6696113074204947 0.11052631578947368 0.10954063604240283
55 0.5526315789473685 0.6749116607773852 0.10526315789473684 0.10954063604240283
49 0.26052631578947366 0.8303886925795053 0.10526315789473684 0.10247349823321555
61 0.4131578947368421 0.8392226148409894 0.10526315789473684 0.10954063604240283
48 0.5684210526315789 0.8392226148409894 0.11052631578947368 0.0989399293286219
39 0.7236842105263158 0.8445229681978799 0.10526315789473684 0.0989399293286219
43 0.8789473684210526 0.8498233215547704 0.11052631578947368 0.0989399293286219