43 0.20281346242756113 0.1405410057857694 0.11236358738985547 0.10643877889056558
50 0.3501818834801927 0.13996539011542755 0.11248607216321423 0.11350591669975285
48 0.5108306840430252 0.13227124237961785 0.11762674528459223 0.10645933659307777
59 0.6712957574458195 0.13517780135758908 0.11774923005795107 0.1135264744022651
61 0.20770732232237613 0.31365504555708945 0.12301238795268792 0.11354703210477735
59 0.360400143656424 0.30952530327964173 0.11768798767127164 0.1099929054976714
37 0.5105226284297828 0.30187227094885644 0.10710042949511854 0.10641822118805337
60 0.21529400355123895 0.48322523757255964 0.11774923005795114 0.11352647440226514
43 0.3680480672719661 0.47556192639051836 0.11762674528459223 0.10645933659307787
51 0.5154164883245977 0.4749863107201765 0.10722291426847738 0.11348535899724056
37 0.6734030887467221 0.4690692262879198 0.10710042949511854 0.10641822118805348
66 0.21761752688536495 0.6528159872905421 0.11774923005795107 0.11352647440226514
55 0.3703103482194128 0.6486862450130945 0.11774923005795107 0.11352647440226514
55 0.5230031695534606 0.6445565027356468 0.11774923005795107 0.11352647440226514
49 0.22526545050090716 0.8188526104014189 0.11236358738985547 0.10643877889056567
61 0.3778970294482756 0.8182564370285648 0.11768798767127164 0.1099929054976715
48 0.5333132933097109 0.8088160625429704 0.1228286607926498 0.10294632539099642
39 0.6886070723977875 0.8064428258665634 0.11230234500317597 0.10290520998597183
43 0.8439314726792038 0.8023028047378598 0.11756550289791282 0.10292576768848423