43 0.22099323287211348 0.14755674933867616 0.10710042949511862 0.10641822118805337
50 0.36854538108478324 0.1575818403821152 0.10722291426847738 0.11348535899724066
48 0.5291329392609363 0.16048839936008646 0.11236358738985538 0.10643877889056558
59 0.6872420244564195 0.17223915945079793 0.11242482977653481 0.10997234779515921
61 0.23188884666150897 0.3206707891099962 0.11774923005795107 0.11352647440226504
59 0.38464291038223614 0.32714175354632935 0.11242482977653481 0.10997234779515921
37 0.537335731716284 0.3300791490780689 0.10710042949511869 0.10641822118805337
60 0.24535479701159355 0.49024098112546644 0.11242482977653481 0.10997234779515931
43 0.3980476183456414 0.49317837665720593 0.11762674528459223 0.10645933659307787
51 0.5455997665583111 0.5032034677006451 0.10189851398706112 0.10993123239013472
37 0.7035557457870958 0.5061203055298724 0.10183727160038171 0.10639766348554108
66 0.25355758946694124 0.6598317308434489 0.11242482977653488 0.10997234779515931
55 0.40368007424030006 0.6663129741310383 0.11768798767127164 0.1099929054976715
55 0.5590657169083957 0.6727736597161154 0.11242482977653481 0.10997234779515912
49 0.26696229743034633 0.8258683539543256 0.11230234500317611 0.10290520998597183
61 0.41977760353775295 0.8358728872952524 0.11242482977653481 0.10997234779515912
48 0.5750713826258295 0.837033219523439 0.1122411026164967 0.09937164108137819
39 0.7304570252939252 0.8434939051085162 0.10697794472176 0.0993510833788662
43 0.8858426679620208 0.8499545906935932 0.11224110261649685 0.09937164108137819