43 0.20807662032229796 0.1413427561837456 0.10177602921370235 0.10247349823321555
50 0.352721598847542 0.14664310954063603 0.10189851398706112 0.10954063604240283
48 0.5159101147777239 0.14487632508833923 0.10703918710843928 0.10247349823321555
59 0.6710507878991019 0.1519434628975265 0.10710042949511854 0.10600706713780919
61 0.19981258548027087 0.31448763250883394 0.11242482977653488 0.10954063604240283
59 0.3524135432342996 0.31625441696113077 0.10710042949511854 0.10600706713780919
37 0.5050757433750077 0.31448763250883394 0.10177602921370243 0.10247349823321555
60 0.19424137197229158 0.4840989399293286 0.10710042949511862 0.10600706713780919
43 0.34690357211299966 0.4823321554770318 0.11230234500317611 0.10247349823321555
51 0.4941801295856122 0.4876325088339223 0.09657411370564487 0.10600706713780919
37 0.6521054876210571 0.48586572438162545 0.09651287131896544 0.10247349823321555
66 0.18603857951694389 0.6537102473498233 0.10710042949511862 0.10600706713780919
55 0.3360079583236042 0.6554770318021201 0.11236358738985554 0.10600706713780919
55 0.4912404950250014 0.657243816254417 0.10710042949511854 0.10600706713780919
49 0.180528608395644 0.8197879858657244 0.10171478682702301 0.0989399293286219
61 0.33306832376299333 0.8250883392226148 0.10710042949511862 0.10600706713780919
48 0.48839272404440953 0.8215547703180212 0.10691670233508044 0.09540636042402827
39 0.6436252607458067 0.823321554770318 0.10165354444034375 0.09540636042402827
43 0.798857797447204 0.8250883392226148 0.10691670233508029 0.09540636042402827