43 0.22747935543587527 0.13162343536426377 0.11144492049646662 0.10730231930562743
50 0.3748783966454066 0.13343000137843306 0.11150616081026618 0.11436945711481476
48 0.5353740922779806 0.12801523289677003 0.1167080783912034 0.10736399798028548
59 0.6959616483812537 0.1332011711288879 0.11676931870500318 0.11443113578947275
61 0.22634816417659534 0.3047991510266811 0.12203247659973987 0.11449281446413076
59 0.3789797431239637 0.3030104694615987 0.11673869854810329 0.11089756688487902
37 0.528949122967064 0.2977190583292517 0.1061817626017297 0.10724064063096939
60 0.22781793170778405 0.4744104584471758 0.11676931870500303 0.11443113578947266
43 0.38041889049825267 0.4690882079774999 0.1167080783912034 0.10736399798028538
51 0.527817931707784 0.4708947739916691 0.10624300291552934 0.11430777844015666
37 0.6856973584714395 0.4672776292996319 0.1061817626017297 0.10724064063096939
66 0.2292876992389728 0.6440217658676705 0.11676931870500303 0.11443113578947266
55 0.38191927818634125 0.6422330843025882 0.11676931870500287 0.11443113578947266
55 0.5345508571337096 0.6404444027375057 0.11676931870500287 0.11443113578947266
49 0.23072684661326173 0.8100995043835716 0.11144492049646662 0.10730231930562749
61 0.3833890457175299 0.8118443917230829 0.11673869854810329 0.11089756688487902
48 0.5386062733769171 0.804724517463781 0.12194061612904049 0.10389210775034984
39 0.6938847413501038 0.8046717810136664 0.11141430033956681 0.10376875040103384
43 0.8491478992448407 0.8028522601112551 0.11667745823430364 0.10383042907569175