61 0.23804832996273453 0.12435603309994364 0.10833448280252743 0.11313809516789744
56 0.3863333929399411 0.12139721353033663 0.10833448280252743 0.11313809516789744
55 0.5346184559171476 0.11843839396072961 0.1032216432802751 0.10958849498028665
45 0.2238316687361499 0.2911043562821828 0.10815905501430417 0.10612055130824832
37 0.36453518632408966 0.28996116506416747 0.09828423154624602 0.11305643865232488
64 0.5153766690624224 0.28522754540075507 0.11335960843066814 0.11317892342568373
51 0.2019457482261868 0.46317707974583827 0.09325910591810532 0.11301561039453861
37 0.3503623820445608 0.4549551022814944 0.09802108986391114 0.10253012286285121
56 0.501116150888782 0.4537302545479066 0.1084221966966392 0.11664686709772201
48 0.6445076590790153 0.445549105341349 0.10815905501430417 0.10612055130824832
59 0.7926172942679985 0.44960782963139106 0.10330935717438673 0.11309726691011117
60 0.18764137310549053 0.633434174857902 0.10330935717438673 0.11309726691011117
37 0.3310328812957239 0.6252530256513443 0.09299596423577043 0.10248929460506492
50 0.47931794427293045 0.6222942060817374 0.09308367812988207 0.10599806653488948
38 0.6250465874890108 0.6211101866059358 0.09810880375802276 0.10603889479267577
55 0.7733755074132733 0.6163969810714165 0.10330935717438673 0.11309726691011117
60 0.17333699798479432 0.8036912699699658 0.10330935717438673 0.11309726691011117
62 0.31919721204204216 0.7972440925994273 0.10833448280252743 0.11313809516789744