61 0.23115577889447236 0.14385964912280702 0.11557788944723618 0.10877192982456141
56 0.3768844221105528 0.1368421052631579 0.11557788944723618 0.10877192982456141
55 0.5276381909547738 0.1368421052631579 0.11055276381909548 0.10526315789473684
45 0.2537688442211055 0.3087719298245614 0.11557788944723618 0.10175438596491228
37 0.3944723618090452 0.30526315789473685 0.10552763819095477 0.10877192982456141
64 0.5452261306532663 0.30350877192982456 0.12060301507537688 0.10877192982456141
51 0.26884422110552764 0.4789473684210526 0.10050251256281408 0.10877192982456141
37 0.41959798994974873 0.47192982456140353 0.09547738693467336 0.09824561403508772
56 0.5678391959798995 0.47192982456140353 0.11557788944723618 0.11228070175438597
48 0.7135678391959799 0.4631578947368421 0.11557788944723618 0.10175438596491228
59 0.8618090452261307 0.4614035087719298 0.11055276381909548 0.10877192982456141
60 0.29396984924623115 0.6473684210526316 0.11055276381909548 0.10877192982456141
37 0.4371859296482412 0.6403508771929824 0.09045226130653267 0.09824561403508772
50 0.585427135678392 0.6385964912280702 0.10050251256281408 0.10175438596491228
38 0.7311557788944724 0.6350877192982456 0.10552763819095477 0.10175438596491228
55 0.8793969849246231 0.6280701754385964 0.11055276381909548 0.10877192982456141
60 0.3165829145728643 0.8192982456140351 0.11055276381909548 0.10877192982456141
62 0.4623115577889447 0.8122807017543859 0.11557788944723618 0.10877192982456141