61 0.24120603015075376 0.12631578947368421 0.10552763819095477 0.11228070175438597
56 0.38944723618090454 0.12456140350877193 0.10552763819095477 0.11228070175438597
55 0.5376884422110553 0.12280701754385964 0.10050251256281408 0.10877192982456141
45 0.23115577889447236 0.2929824561403509 0.10552763819095477 0.10526315789473684
37 0.37185929648241206 0.2929824561403509 0.09547738693467336 0.11228070175438597
64 0.5226130653266332 0.2894736842105263 0.11055276381909548 0.11228070175438597
51 0.2135678391959799 0.4649122807017544 0.09045226130653267 0.11228070175438597
37 0.36180904522613067 0.45789473684210524 0.09547738693467336 0.10175438596491228
56 0.5125628140703518 0.45789473684210524 0.10552763819095477 0.11578947368421053
48 0.6557788944723618 0.45087719298245615 0.10552763819095477 0.10526315789473684
59 0.8040201005025126 0.45614035087719296 0.10050251256281408 0.11228070175438597
60 0.20351758793969849 0.6350877192982456 0.10050251256281408 0.11228070175438597
37 0.34673366834170855 0.6280701754385964 0.09045226130653267 0.10175438596491228
50 0.4949748743718593 0.6263157894736842 0.09045226130653267 0.10526315789473684
38 0.6407035175879398 0.6263157894736842 0.09547738693467336 0.10526315789473684
55 0.7889447236180904 0.6228070175438597 0.10050251256281408 0.11228070175438597
60 0.1934673366834171 0.8052631578947368 0.10050251256281408 0.11228070175438597
62 0.3391959798994975 0.8 0.10552763819095477 0.11228070175438597