61 0.25023304500812343 0.12382768944051847 0.11148829424095766 0.11272979738891586
56 0.3984742510382742 0.12442988585954719 0.11148829424095752 0.11272979738891586
55 0.546715457068425 0.1250320822785759 0.10643393328713364 0.10920061202115809
45 0.23376899015374966 0.2904331157933856 0.11142982358959125 0.10571225352926679
37 0.3744578900788478 0.29275907802042683 0.10143804298467625 0.11268897051304949
64 0.5252262765859105 0.29161709519350987 0.11651341986909837 0.11275021082684908
51 0.20972339386864006 0.4622710798840899 0.09641291735653555 0.11266855707511624
37 0.3580084528873156 0.4576101184083817 0.1013503370076266 0.1021626547235757
56 0.5087476040686951 0.45997690751128933 0.11151752956664084 0.11623856931874048
48 0.6520075374592299 0.4552955325976479 0.11142982358959118 0.10571225352926679
59 0.8001902728380144 0.4629152728763258 0.10646316861281682 0.11270938395098276
60 0.19574266650265343 0.6323954848857481 0.10646316861281696 0.11270938395098276
37 0.3390025998931883 0.6277141099721069 0.0963252113794859 0.10214224128564255
50 0.48724380592333905 0.6283163063911354 0.09635444670516907 0.1056510132154671
38 0.6329578314765779 0.63066268205611 0.10137957233330977 0.10567142665340047
55 0.7812136551695702 0.6295104925102263 0.10646316861281682 0.11270938395098255
60 0.1792493763225965 0.8025096831684398 0.10646316861281696 0.11270938395098255
62 0.3250072548643601 0.7995929009386774 0.11148829424095766 0.11272979738891592