48 0.1544502617801047 0.1454827773124494 0.10471204188481675 0.10641822118805337
38 0.306282722513089 0.1460789506853035 0.09947643979057591 0.10993123239013482
55 0.4581151832460733 0.1484419085104544 0.1099476439790576 0.11350591669975285
53 0.6204188481675392 0.15084598174062971 0.10471204188481675 0.10641822118805337
59 0.16753926701570682 0.3204458323461151 0.1099476439790576 0.11350591669975285
48 0.31413612565445026 0.32102144801645693 0.1099476439790576 0.10997234779515921
51 0.468586387434555 0.3198611157882703 0.1099476439790576 0.10997234779515921
65 0.6282722513089005 0.32225491016718955 0.11518324607329843 0.11352647440226514
37 0.7801047120418848 0.31578394573085633 0.09947643979057591 0.0993305256763539
59 0.17015706806282724 0.4900674186178659 0.09947643979057591 0.10993123239013472
37 0.3193717277486911 0.48888652868716703 0.1099476439790576 0.10290520998597204
47 0.4790575916230366 0.484213185256899 0.11518324607329843 0.10645933659307787
46 0.6335078534031413 0.48835320638560276 0.09947643979057591 0.09933052567635381
46 0.7905759162303665 0.48543636855637545 0.1099476439790576 0.10643877889056567
38 0.17277486910994763 0.6579222204373198 0.10471204188481675 0.10288465228345983
51 0.32460732984293195 0.6585183938101741 0.09947643979057591 0.10639766348554108
61 0.4816753926701571 0.6626686937901339 0.12041884816753927 0.11354703210477735
59 0.6387434554973822 0.6579850715086096 0.11518324607329843 0.1099929054976715
37 0.7905759162303665 0.6568144604291669 0.09947643979057591 0.10639766348554108
52 0.18324607329842932 0.827574643262839 0.10471204188481675 0.1170189279018344
60 0.3403141361256545 0.8299581587905022 0.1099476439790576 0.11350591669975275
62 0.49214659685863876 0.8287875477110593 0.1099476439790576 0.10997234779515912