48 0.17891109947505957 0.13535371979269611 0.10212668525088117 0.10286409458094754
38 0.3282171469354167 0.13830139417569176 0.09698247093113367 0.10637710578302899
55 0.4827587964900147 0.14122851085617522 0.10754506289410862 0.10995179009264702
53 0.645153849185974 0.14412479098289036 0.10221807302537451 0.10639766348554118
59 0.18077129937811015 0.30850887496904056 0.10763645066860188 0.11348535899724066
48 0.33012304072571397 0.31322333380433304 0.10745367511961534 0.10641822118805337
51 0.484527608618572 0.310850097127926 0.10221807302537451 0.10639766348554118
65 0.6416870592202905 0.31376693495715335 0.1127806649883496 0.10997234779515921
37 0.7960916271131484 0.31139369828074637 0.09679969538214714 0.0993099679738416
59 0.17992231045954704 0.47814074009204754 0.09698247093113367 0.10637710578302909
37 0.3292283579199042 0.48108841447504314 0.10203529747638798 0.09933052567635381
47 0.486205032972636 0.47693811449508317 0.11259788943936291 0.10290520998597204
46 0.6434101774616011 0.4816217367766074 0.09679969538214714 0.0993099679738416
46 0.7978604392417057 0.48101528455249715 0.10736228734512193 0.10288465228345983
38 0.17907332154098393 0.6477726052150544 0.09679969538214707 0.09930996797384181
51 0.32837936900134107 0.65072027959805 0.09689108315664033 0.10284353687843525
61 0.4855388196030595 0.6536371174272775 0.11801626708259029 0.1099929054976715
59 0.642561188543038 0.6512536018996142 0.11278066498834931 0.10997234779515912
37 0.7970114503231427 0.6506471496755042 0.09689108315664026 0.10284353687843545
52 0.18084213366954122 0.8173941914868051 0.10240084857436105 0.11346480129472836
60 0.33800158427125965 0.8203110293160325 0.10240084857436105 0.11346480129472836
62 0.4872619378443701 0.8214919192467313 0.10754506289410862 0.10995179009264712