48 0.1242054953439493 0.15674015254286783 0.10754506289410862 0.10995179009264702
38 0.27355723669155313 0.1508539046643794 0.10240084857436105 0.11346480129472847
55 0.4280988862461511 0.14671388353567558 0.11296344053733598 0.11703948560434649
53 0.5904939389421103 0.14254302585320341 0.10754506289410862 0.10995179009264702
59 0.14585981097773584 0.33154902480769194 0.11296344053733602 0.11703948560434649
48 0.29259375127821924 0.3256730557804596 0.11287205276284272 0.11350591669975295
51 0.4446089875601901 0.31800974459841824 0.11287205276284272 0.11350591669975285
65 0.6044319330962755 0.31208238131490534 0.11819904263157682 0.11706004330685879
37 0.7565842510399865 0.29911871677597357 0.10736228734512193 0.10288465228345973
59 0.1572256979720273 0.49933187466835316 0.10240084857436105 0.11346480129472857
37 0.30662313320687773 0.49167884233756787 0.11268927721385619 0.10643877889056547
47 0.46658316040470316 0.4804511256971646 0.11801626708259029 0.1099929054976715
46 0.6210791160720545 0.47807788902075765 0.10736228734512208 0.10288465228345983
46 0.778375648335513 0.46862723568390724 0.1127806649883496 0.10997234779515931
38 0.1685915849663187 0.6671147245290144 0.10745367511961534 0.10641822118805348
51 0.320561127361043 0.6612181977992699 0.10230946079986777 0.10993123239013472
61 0.4776748840755147 0.6588346822716067 0.1234346447258178 0.11708060100937077
59 0.6350171102262196 0.6476172444824596 0.11810765485708355 0.11352647440226514
37 0.7870323465081905 0.6399539333004183 0.10230946079986793 0.10993123239013472
52 0.1877651812147248 0.8366335222882042 0.10781922621758841 0.12055249680642803
60 0.3449246318164432 0.8324832223082443 0.11296344053733598 0.11703948560434639
62 0.49432206705129367 0.824830189977459 0.11287205276284272 0.11350591669975295