48 0.1478761720003148 0.14956116430082816 0.10039023504884115 0.10678828627530956
38 0.2970756017652076 0.1489662085547819 0.09518509279654246 0.11028073838319269
55 0.4515106336243412 0.14841236960544624 0.10568675682696621 0.1138965408812074
53 0.613783838703865 0.14615342139887955 0.10042069489078337 0.11032185517990326
59 0.15982467852299193 0.3210214897670408 0.10571721666890851 0.117430109785801
48 0.3090545681298269 0.32396010292558813 0.10565629698502413 0.11036297197661372
51 0.46342868030507617 0.31633912616706517 0.10042069489078337 0.11032185517990316
65 0.6204815132113303 0.3158058456160848 0.11092235892120719 0.11393765767791793
37 0.7748708553075505 0.3099516533098586 0.10035977520689891 0.10325471737071587
59 0.171757955124698 0.4907150307809566 0.09518509279654254 0.11028073838319259
37 0.3209573848895908 0.49012007503491034 0.10559537730113976 0.10329583416742644
47 0.4779492981119605 0.48251965667474267 0.11086143923732275 0.10687051986873064
46 0.6350173609391857 0.483753160576059 0.10035977520689891 0.10325471737071587
46 0.789421932956377 0.4796657527221297 0.10562583714308191 0.10682940307202007
38 0.1784556296321632 0.6603674549981619 0.100359775206899 0.10325471737071587
51 0.3302728604441764 0.6597930576504708 0.0951546329546003 0.10674716947859895
61 0.4873256933504304 0.6592597770994904 0.11615796101544788 0.1139787744746285
59 0.6443328364937713 0.6534261431916195 0.11092235892120705 0.11393765767791793
37 0.7987374085109628 0.6493387353376903 0.09515463295460024 0.10674716947859895
52 0.19038890623386928 0.8300609960120776 0.10048161457466767 0.11738899298909064
60 0.3474417391401233 0.8295277154610972 0.10048161457466767 0.11738899298909064
62 0.496625938984045 0.8271659752627541 0.10568675682696636 0.11389654088120736