48 0.14659685863874344 0.14840989399293286 0.09947643979057591 0.10600706713780919
38 0.29581151832460734 0.14664310954063603 0.09424083769633508 0.10954063604240283
55 0.450261780104712 0.14664310954063603 0.10471204188481675 0.11307420494699646
53 0.612565445026178 0.14664310954063603 0.09947643979057591 0.10600706713780919
59 0.16230366492146597 0.32332155477031804 0.10471204188481675 0.11307420494699646
48 0.3089005235602094 0.3215547703180212 0.10471204188481675 0.10954063604240283
51 0.46335078534031415 0.31802120141342755 0.10471204188481675 0.10954063604240283
65 0.6230366492146597 0.31802120141342755 0.1099476439790576 0.11307420494699646
37 0.774869109947644 0.30918727915194344 0.09947643979057591 0.0989399293286219
59 0.17015706806282724 0.4929328621908127 0.09424083769633508 0.10954063604240283
37 0.3193717277486911 0.48939929328621906 0.10471204188481675 0.10247349823321555
47 0.4790575916230366 0.4823321554770318 0.1099476439790576 0.10600706713780919
46 0.6335078534031413 0.4840989399293286 0.09947643979057591 0.0989399293286219
46 0.7905759162303665 0.4787985865724382 0.10471204188481675 0.10600706713780919
38 0.17801047120418848 0.6607773851590106 0.09947643979057591 0.10247349823321555
51 0.3298429319371728 0.6590106007067138 0.09424083769633508 0.10600706713780919
61 0.4869109947643979 0.6607773851590106 0.11518324607329843 0.11307420494699646
59 0.643979057591623 0.6537102473498233 0.1099476439790576 0.10954063604240283
37 0.7958115183246073 0.6501766784452296 0.09424083769633508 0.10600706713780919
52 0.19109947643979058 0.8303886925795053 0.09947643979057591 0.1166077738515901
60 0.3481675392670157 0.8303886925795053 0.10471204188481675 0.11307420494699646
62 0.5 0.8268551236749117 0.10471204188481675 0.10954063604240283