48 0.17661106383475503 0.1427201688735489 0.10562583714308198 0.10682940307202013
38 0.3284892143306526 0.1492129093350452 0.10565629698502413 0.11036297197661377
55 0.48300039579464166 0.1574929926471936 0.11615796101544804 0.1139787744746285
53 0.645364980399992 0.16583475115440782 0.1108918990792649 0.11040408877332428
59 0.19120783124649476 0.31773462164271044 0.11095281876314934 0.11747122658251156
48 0.34046818069527196 0.3242068037058515 0.11615796101544804 0.1139787744746285
51 0.4949336723963477 0.3271865336611094 0.11092235892120719 0.11393765767791793
65 0.652047424986486 0.33372039091931627 0.12142402295163117 0.1175534601759327
37 0.8038798857194703 0.33491277802392205 0.1108309793953806 0.103336950964137
59 0.20575890889532128 0.4874487210549815 0.10045115473272552 0.1138554240844968
37 0.3550040284231273 0.4921541186658257 0.11606658148962143 0.10337806776084757
47 0.5120720912503525 0.493387622567142 0.11612750117350588 0.11044520557003484
46 0.669201073761462 0.5016882642776458 0.10559537730113991 0.10329583416742644
46 0.8236665654625378 0.5046679942329038 0.1108918990792652 0.11040408877332428
38 0.21505915452893581 0.6553549192182452 0.11086143923732282 0.10687051986873064
51 0.36955510607195374 0.6618682180780967 0.10042069489078322 0.11032185517990335
61 0.5266840885830633 0.6701688597886004 0.12662916520392972 0.11406100806804961
59 0.6837521514102884 0.6714023636899169 0.11615796101544788 0.1139787744746285
37 0.8355998420642436 0.6743615352468195 0.10562583714308191 0.10682940307202007
52 0.22962546209873336 0.826835803082813 0.11621888069933234 0.12104591228381577
60 0.38934178581502105 0.8316234342870784 0.11095281876314934 0.11747122658251156
62 0.5386021352637983 0.8380956163502195 0.11615796101544804 0.1139787744746285