48 0.18586387434554974 0.13780918727915195 0.09947643979057591 0.10600706713780919
38 0.33507853403141363 0.14487632508833923 0.09947643979057591 0.10954063604240283
55 0.4895287958115183 0.15371024734982333 0.1099476439790576 0.11307420494699646
53 0.6518324607329843 0.1625441696113074 0.10471204188481675 0.10954063604240283
59 0.193717277486911 0.3127208480565371 0.10471204188481675 0.1166077738515901
48 0.34293193717277487 0.3197879858657244 0.1099476439790576 0.11307420494699646
51 0.4973821989528796 0.32332155477031804 0.10471204188481675 0.11307420494699646
65 0.6544502617801047 0.3303886925795053 0.11518324607329843 0.1166077738515901
37 0.806282722513089 0.3321554770318021 0.10471204188481675 0.10247349823321555
59 0.20157068062827224 0.4823321554770318 0.09424083769633508 0.11307420494699646
37 0.3507853403141361 0.4876325088339223 0.1099476439790576 0.10247349823321555
47 0.5078534031413613 0.48939929328621906 0.1099476439790576 0.10954063604240283
46 0.6649214659685864 0.49823321554770317 0.09947643979057591 0.10247349823321555
46 0.819371727748691 0.5017667844522968 0.10471204188481675 0.10954063604240283
38 0.20418848167539266 0.6501766784452296 0.10471204188481675 0.10600706713780919
51 0.3586387434554974 0.657243816254417 0.09424083769633508 0.10954063604240283
61 0.5157068062827225 0.666077738515901 0.12041884816753927 0.11307420494699646
59 0.6727748691099477 0.6678445229681979 0.1099476439790576 0.11307420494699646
37 0.824607329842932 0.6713780918727915 0.09947643979057591 0.10600706713780919
52 0.21465968586387435 0.8215547703180212 0.1099476439790576 0.12014134275618374
60 0.3743455497382199 0.8268551236749117 0.10471204188481675 0.1166077738515901
62 0.5235602094240838 0.833922261484099 0.1099476439790576 0.11307420494699646