60 0.2844433333333333 0.07611000000000001 0.042223333333333335 0.07444333333333333
40 0.09444333333333332 0.08055333333333334 0.042223333333333335 0.07444333333333333
22 0.15222000000000002 0.07944333333333334 0.042223333333333335 0.07444333333333333
43 0.21555333333333332 0.07722 0.042223333333333335 0.07444333333333333
60 0.35 0.07611000000000001 0.042223333333333335 0.07444333333333333
43 0.41889000000000004 0.07388666666666667 0.042223333333333335 0.07444333333333333
58 0.48333333333333334 0.07277666666666667 0.042223333333333335 0.07444333333333333
59 0.5555566666666667 0.07166666666666667 0.042223333333333335 0.07444333333333333
53 0.6972233333333333 0.06666666666666667 0.04555666666666666 0.07555333333333333
55 0.7683333333333333 0.06666666666666667 0.04555666666666666 0.07555333333333333
59 0.915 0.06777666666666667 0.04555666666666666 0.07555333333333333
37 0.09277666666666666 0.2977766666666667 0.04555666666666666 0.07555333333333333
38 0.15388666666666667 0.29888666666666663 0.04555666666666666 0.07555333333333333
39 0.21722 0.29666333333333333 0.04555666666666666 0.07555333333333333
41 0.2816633333333333 0.29777333333333333 0.04555666666666666 0.07555333333333333
43 0.34833000000000003 0.29888333333333333 0.04555666666666666 0.07555333333333333
45 0.4138866666666667 0.29888333333333333 0.04555666666666666 0.07555333333333333
46 0.48166333333333333 0.29666 0.04555666666666666 0.07555333333333333
47 0.5516633333333333 0.2944366666666666 0.04555666666666666 0.07555333333333333
48 0.61944 0.2933266666666667 0.04555666666666666 0.07555333333333333
49 0.6916633333333333 0.2922166666666667 0.04555666666666666 0.07555333333333333
50 0.7605533333333333 0.29888333333333333 0.04555666666666666 0.07555333333333333
51 0.8349966666666666 0.29999333333333333 0.04555666666666666 0.07555333333333333
52 0.9072199999999999 0.29999333333333333 0.04555666666666666 0.07555333333333333
62 0.09277666666666666 0.40776999999999997 0.04555666666666666 0.07555333333333333
63 0.155 0.40776999999999997 0.04555666666666666 0.07555333333333333
64 0.21722333333333332 0.4055466666666667 0.04555666666666666 0.07555333333333333
65 0.2805566666666667 0.40443666666666667 0.04555666666666666 0.07555333333333333
66 0.34833333333333333 0.4122133333333334 0.04555666666666666 0.07555333333333333
40 0.48277666666666663 0.4111033333333333 0.04555666666666666 0.07555333333333333
40 0.5494433333333333 0.4111033333333333 0.04555666666666666 0.07555333333333333
40 0.6183333333333333 0.4144366666666667 0.04555666666666666 0.07555333333333333
54 0.7616666666666667 0.41777 0.04555666666666666 0.07555333333333333
54 0.9027766666666667 0.41888000000000003 0.04555666666666666 0.07555333333333333
40 0.08944333333333333 0.5099933333333333 0.04555666666666666 0.07555333333333333
33 0.15611 0.5077699999999999 0.04555666666666666 0.07555333333333333
48 0.21722 0.5111033333333334 0.04555666666666666 0.07555333333333333
60 0.2849966666666667 0.5111033333333334 0.04555666666666666 0.07555333333333333
47 0.34833000000000003 0.5099933333333333 0.04555666666666666 0.07555333333333333
59 0.4805533333333334 0.5133266666666667 0.04555666666666666 0.07555333333333333
56 0.5449966666666667 0.5155500000000001 0.04555666666666666 0.07555333333333333
37 0.6116633333333333 0.51444 0.04555666666666666 0.07555333333333333
39 0.6849966666666666 0.5155500000000001 0.04555666666666666 0.07555333333333333
43 0.75722 0.51666 0.04555666666666666 0.07555333333333333
37 0.09388666666666667 0.6099933333333334 0.04555666666666666 0.07555333333333333
38 0.15611 0.6144366666666666 0.04555666666666666 0.07555333333333333
37 0.2827766666666667 0.6133266666666667 0.04555666666666666 0.07555333333333333
38 0.4127766666666666 0.6188833333333333 0.04555666666666666 0.07555333333333333
39 0.545 0.6222166666666668 0.04555666666666666 0.07555333333333333
41 0.6827766666666666 0.6277733333333333 0.04555666666666666 0.07555333333333333
43 0.8194433333333333 0.6322166666666666 0.04555666666666666 0.07555333333333333
45 0.9627766666666666 0.63666 0.04555666666666666 0.07555333333333333
53 0.09833333333333333 0.7122133333333333 0.04555666666666666 0.07555333333333333
42 0.21944333333333335 0.71888 0.04555666666666666 0.07555333333333333
44 0.2827766666666667 0.7211033333333333 0.04555666666666666 0.07555333333333333
53 0.4116666666666667 0.7255466666666667 0.04555666666666666 0.07555333333333333
46 0.47833333333333333 0.7255466666666667 0.04555666666666666 0.07555333333333333
55 0.6083333333333333 0.7311033333333333 0.04555666666666666 0.07555333333333333
56 0.7461099999999999 0.73777 0.04555666666666666 0.07555333333333333
57 0.8827766666666667 0.7455466666666666 0.04555666666666666 0.07555333333333333
65 0.10166666666666667 0.8122133333333333 0.04555666666666666 0.07555333333333333
66 0.22166666666666668 0.8133233333333333 0.04555666666666666 0.07555333333333333
40 0.10889 0.9005466666666666 0.042223333333333335 0.061110000000000005
53 0.16555666666666669 0.8994366666666667 0.042223333333333335 0.061110000000000005
48 0.22778 0.90166 0.042223333333333335 0.061110000000000005
53 0.34667 0.91277 0.042223333333333335 0.061110000000000005
61 0.41000333333333333 0.9138799999999999 0.042223333333333335 0.061110000000000005
52 0.4744466666666666 0.92277 0.042223333333333335 0.061110000000000005
38 0.53667 0.92277 0.042223333333333335 0.061110000000000005
43 0.6044466666666667 0.9283266666666666 0.042223333333333335 0.061110000000000005
58 0.66889 0.9338833333333334 0.042223333333333335 0.061110000000000005
59 0.7366666666666667 0.94166 0.04666666666666667 0.07