59 0.10441 0.37859333333333334 0.05881666666666666 0.09985666666666666
56 0.1737766666666667 0.38126 0.05881666666666666 0.09985666666666666
37 0.24581333333333336 0.37992666666666663 0.05881666666666666 0.09985666666666666
39 0.32051666666666667 0.38526 0.05881666666666666 0.09985666666666666
43 0.39255333333333337 0.38926 0.05881666666666666 0.09985666666666666
51 0.043046666666666664 0.6078566666666666 0.05881666666666666 0.09985666666666666
52 0.11241333333333334 0.6171866666666667 0.05881666666666666 0.09985666666666666
53 0.18178 0.6171866666666667 0.05881666666666666 0.09985666666666666
42 0.31784666666666667 0.62252 0.05881666666666666 0.09985666666666666
44 0.39522 0.62252 0.05881666666666666 0.09985666666666666
54 0.11508 0.7251533333333333 0.05881666666666666 0.09985666666666666
54 0.24848 0.7318166666666666 0.05881666666666666 0.09985666666666666
43 0.05772 0.9357533333333334 0.05881666666666666 0.09985666666666666
45 0.18978666666666666 0.93842 0.05881666666666666 0.09985666666666666
46 0.3231866666666666 0.9464166666666667 0.05881666666666666 0.09985666666666666
47 0.46325666666666665 0.9500733333333332 0.05881666666666666 0.09985666666666666
48 0.6019933333333334 0.9547366666666667 0.050813333333333335 0.09052333333333333
49 0.74473 0.9547399999999999 0.050813333333333335 0.09052333333333333
53 0.53796 0.6208433333333333 0.05881666666666666 0.09452
46 0.6086633333333333 0.6208433333333333 0.05881666666666666 0.09452
55 0.75407 0.62884 0.05881666666666666 0.09452
56 0.8287733333333334 0.62884 0.05881666666666666 0.09452
57 0.9034766666666666 0.62884 0.05881666666666666 0.09452
58 0.9705933333333334 0.63284 0.05881666666666666 0.09452
50 0.8834200000000001 0.9547399999999999 0.050813333333333335 0.09052333333333333