46 0.0751953125 0.50537109375 0.0615234375 0.0966796875
37 0.1513671875 0.50390625 0.0615234375 0.0966796875
41 0.31689453125 0.50146484375 0.0615234375 0.0966796875
53 0.2314453125 0.50146484375 0.0615234375 0.0966796875
37 0.40234375 0.5 0.0615234375 0.0966796875
53 0.47705078125 0.5 0.0615234375 0.0966796875
46 0.5595703125 0.49853515625 0.0615234375 0.0966796875
52 0.066650390625 0.6318359375 0.0615234375 0.0966796875
61 0.148193359375 0.63330078125 0.0615234375 0.0966796875
59 0.227294921875 0.63671875 0.06591796875 0.09521484375
60 0.307373046875 0.63525390625 0.06591796875 0.09521484375
37 0.395751953125 0.6328125 0.06591796875 0.09521484375
50 0.558349609375 0.63427734375 0.06591796875 0.09521484375
37 0.644775390625 0.6328125 0.06591796875 0.09521484375
65 0.729736328125 0.63818359375 0.06689453125 0.10595703125
61 0.7265625 0.501953125 0.06689453125 0.10595703125
52 0.80615234375 0.501953125 0.06689453125 0.10595703125
37 0.88916015625 0.501953125 0.06689453125 0.10595703125
46 0.968017578125 0.5048828125 0.06396484375 0.10595703125
55 0.815673828125 0.640625 0.06689453125 0.10595703125