54 0.061110000000000005 0.08444333333333334 0.04 0.06666666666666667
54 0.2522233333333333 0.08111 0.03777666666666667 0.06444333333333334
54 0.44889 0.07333333333333333 0.04 0.06666666666666667
54 0.6505566666666667 0.07 0.043333333333333335 0.06666666666666667
54 0.84889 0.07055666666666666 0.042223333333333335 0.06777666666666667
2 0.12333333333333334 0.08388999999999999 0.04 0.06777666666666667
5 0.31611 0.08111 0.03889 0.07111
6 0.5177766666666667 0.07055666666666666 0.042223333333333335 0.06555666666666667
7 0.71611 0.06888999999999999 0.04111 0.06444333333333334
8 0.9105566666666667 0.07055666666666666 0.043333333333333335 0.07
61 0.09333333333333334 0.495 0.044443333333333335 0.07222333333333333
52 0.16777666666666666 0.49277666666666664 0.048889999999999996 0.07222333333333333
37 0.23944333333333334 0.49277666666666664 0.04555666666666666 0.07
46 0.31 0.49166666666666664 0.04666666666666667 0.07222333333333333
37 0.38 0.48833333333333334 0.04666666666666667 0.07
59 0.5205566666666667 0.48722333333333334 0.04777666666666667 0.07222333333333333
37 0.5905566666666667 0.4866666666666667 0.04555666666666666 0.07111
48 0.7361099999999999 0.48777666666666664 0.04555666666666666 0.07777666666666667
53 0.8077766666666666 0.48611 0.048889999999999996 0.07889
65 0.8805566666666667 0.485 0.05444333333333334 0.07666666666666666
55 0.9505566666666667 0.48222333333333334 0.04777666666666667 0.07333333333333333
65 0.09277666666666666 0.60889 0.05222333333333333 0.07777666666666667
55 0.16444333333333333 0.6077766666666666 0.044443333333333335 0.07777666666666667