60 0.064453125 0.0830078125 0.02978515625 0.0458984375
43 0.02197265625 0.08447265625 0.02978515625 0.0458984375
43 0.14697265625 0.0830078125 0.02978515625 0.0458984375
60 0.1064453125 0.083984375 0.02978515625 0.0458984375
58 0.189453125 0.0830078125 0.02978515625 0.0458984375
59 0.2314453125 0.08447265625 0.02978515625 0.0458984375
53 0.31689453125 0.0849609375 0.02978515625 0.0458984375
55 0.35986328125 0.08447265625 0.02978515625 0.0458984375
59 0.4443359375 0.08740234375 0.02978515625 0.0458984375
56 0.486328125 0.08642578125 0.02978515625 0.0458984375
37 0.5302734375 0.08740234375 0.02978515625 0.0458984375
39 0.57177734375 0.08740234375 0.02978515625 0.0458984375
43 0.615234375 0.08935546875 0.02978515625 0.0458984375
65 0.05517578125 0.287109375 0.0283203125 0.04541015625
39 0.01953125 0.21875 0.0283203125 0.04541015625
43 0.10205078125 0.2177734375 0.0283203125 0.04541015625
41 0.0595703125 0.2177734375 0.0283203125 0.04541015625
45 0.14208984375 0.21728515625 0.0283203125 0.04541015625
46 0.185546875 0.216796875 0.0283203125 0.04541015625
47 0.22607421875 0.2177734375 0.0283203125 0.04541015625
48 0.2724609375 0.21630859375 0.0283203125 0.04541015625
49 0.3134765625 0.21630859375 0.0283203125 0.04541015625
50 0.3564453125 0.22119140625 0.0283203125 0.04541015625
51 0.39697265625 0.220703125 0.0283203125 0.04541015625
52 0.44140625 0.2216796875 0.0283203125 0.04541015625
53 0.486328125 0.22265625 0.0283203125 0.04541015625
42 0.57275390625 0.2236328125 0.0283203125 0.04541015625
44 0.6142578125 0.22314453125 0.0283203125 0.04541015625
53 0.69970703125 0.2255859375 0.0283203125 0.04541015625
46 0.744140625 0.22607421875 0.0283203125 0.04541015625
55 0.828125 0.22900390625 0.0283203125 0.04541015625
56 0.87060546875 0.228515625 0.0283203125 0.04541015625
54 0.52685546875 0.29638671875 0.0283203125 0.04541015625
57 0.91357421875 0.22900390625 0.0283203125 0.04541015625
54 0.44140625 0.29345703125 0.0283203125 0.04541015625
54 0.35546875 0.2919921875 0.0283203125 0.04541015625
40 0.27001953125 0.28857421875 0.0283203125 0.04541015625
40 0.22900390625 0.2890625 0.0283203125 0.04541015625
40 0.1865234375 0.2890625 0.0283203125 0.04541015625
66 0.09619140625 0.28759765625 0.0283203125 0.04541015625
64 0.01611328125 0.28662109375 0.0283203125 0.04541015625
60 0.0517578125 0.3515625 0.0322265625 0.04833984375
47 0.09423828125 0.35205078125 0.0322265625 0.04833984375
59 0.1796875 0.3515625 0.0322265625 0.04833984375
56 0.2236328125 0.35302734375 0.0322265625 0.04833984375
37 0.267578125 0.3525390625 0.0322265625 0.04833984375
39 0.3095703125 0.35595703125 0.0322265625 0.04833984375
43 0.35302734375 0.3564453125 0.0322265625 0.04833984375
37 0.0498046875 0.42041015625 0.0322265625 0.04833984375
38 0.134765625 0.4248046875 0.0322265625 0.04833984375
39 0.22314453125 0.42431640625 0.0322265625 0.04833984375
41 0.30810546875 0.42578125 0.0322265625 0.04833984375
43 0.39501953125 0.42724609375 0.0322265625 0.04833984375
45 0.482421875 0.427734375 0.0322265625 0.04833984375
46 0.5693359375 0.4306640625 0.0322265625 0.04833984375
47 0.6572265625 0.43115234375 0.0322265625 0.04833984375
48 0.74267578125 0.43359375 0.0322265625 0.04833984375
49 0.830078125 0.4345703125 0.0322265625 0.04833984375
50 0.91455078125 0.4345703125 0.0322265625 0.04833984375
53 0.048828125 0.49169921875 0.033203125 0.048828125
53 0.13134765625 0.49462890625 0.033203125 0.048828125
46 0.17578125 0.4951171875 0.033203125 0.048828125
55 0.2626953125 0.4970703125 0.033203125 0.048828125
56 0.35009765625 0.49658203125 0.033203125 0.048828125
57 0.4365234375 0.49755859375 0.033203125 0.048828125
58 0.52490234375 0.498046875 0.033203125 0.048828125
59 0.6103515625 0.50146484375 0.033203125 0.048828125
62 0.87255859375 0.505859375 0.033203125 0.048828125
60 0.69775390625 0.5009765625 0.033203125 0.048828125
61 0.78564453125 0.5029296875 0.033203125 0.048828125
63 0.9580078125 0.5048828125 0.033203125 0.048828125
53 0.0859375 0.630859375 0.033203125 0.048828125
61 0.12841796875 0.6318359375 0.033203125 0.048828125
52 0.1708984375 0.6318359375 0.033203125 0.048828125
38 0.21630859375 0.6318359375 0.033203125 0.048828125
43 0.25927734375 0.63232421875 0.033203125 0.048828125
58 0.30517578125 0.63330078125 0.033203125 0.048828125
59 0.349609375 0.63232421875 0.033203125 0.048828125
54 0.04248046875 0.7705078125 0.033203125 0.048828125
54 0.0380859375 0.90673828125 0.033203125 0.048828125
54 0.1689453125 0.91064453125 0.033203125 0.048828125
54 0.29833984375 0.91552734375 0.033203125 0.048828125
54 0.1708984375 0.7724609375 0.033203125 0.048828125
54 0.25830078125 0.7763671875 0.033203125 0.048828125
54 0.3916015625 0.77978515625 0.033203125 0.048828125
54 0.04248046875 0.7705078125 0.033203125 0.048828125
1 0.08642578125 0.77001953125 0.033203125 0.048828125
3 0.08154296875 0.9091796875 0.033203125 0.048828125
4 0.21435546875 0.9130859375 0.033203125 0.048828125
2 0.21533203125 0.7734375 0.033203125 0.048828125
3 0.3046875 0.77685546875 0.033203125 0.048828125
2 0.34326171875 0.91650390625 0.033203125 0.048828125
54 0.51904296875 0.78173828125 0.033203125 0.048828125
54 0.43310546875 0.916015625 0.033203125 0.048828125
54 0.65234375 0.78125 0.033203125 0.048828125
54 0.6962890625 0.9228515625 0.033203125 0.048828125
4 0.43310546875 0.7763671875 0.033203125 0.048828125
5 0.5625 0.78076171875 0.033203125 0.048828125
5 0.4736328125 0.91845703125 0.033203125 0.048828125
54 0.56103515625 0.9208984375 0.033203125 0.048828125
6 0.60595703125 0.92041015625 0.033203125 0.048828125
6 0.6962890625 0.77978515625 0.033203125 0.048828125
54 0.78466796875 0.7841796875 0.033203125 0.048828125
54 0.826171875 0.92724609375 0.033203125 0.048828125
54 0.9130859375 0.78515625 0.033203125 0.048828125
54 0.9580078125 0.9208984375 0.033203125 0.048828125
8 0.869140625 0.92041015625 0.033203125 0.048828125
7 0.73779296875 0.9228515625 0.033203125 0.048828125
7 0.82666015625 0.783203125 0.033203125 0.048828125
8 0.95751953125 0.783203125 0.033203125 0.048828125
58 0.955078125 0.22900390625 0.0283203125 0.04541015625