54 0.24560546875 0.12548828125 0.0478515625 0.0712890625
54 0.244140625 0.21728515625 0.0478515625 0.0712890625
0 0.29638671875 0.21630859375 0.0478515625 0.0712890625
1 0.30126953125 0.1259765625 0.0478515625 0.0712890625
54 0.40869140625 0.12255859375 0.0517578125 0.072265625
3 0.4677734375 0.12353515625 0.0517578125 0.072265625
54 0.5791015625 0.12255859375 0.0517578125 0.072265625
4 0.646484375 0.119140625 0.0517578125 0.072265625
54 0.76318359375 0.12158203125 0.0517578125 0.072265625
2 0.8291015625 0.1201171875 0.0517578125 0.072265625
54 0.9541015625 0.12060546875 0.0517578125 0.072265625
61 0.8017578125 0.50732421875 0.0517578125 0.072265625
52 0.8642578125 0.50830078125 0.0517578125 0.072265625
37 0.92822265625 0.51025390625 0.04833984375 0.06640625
65 0.79638671875 0.6005859375 0.04833984375 0.0712890625
37 0.7392578125 0.599609375 0.04833984375 0.0712890625
50 0.6806640625 0.59765625 0.04833984375 0.0712890625
46 0.68505859375 0.50439453125 0.04833984375 0.0712890625
53 0.625 0.50048828125 0.04833984375 0.0712890625
37 0.56591796875 0.59033203125 0.04833984375 0.0712890625
60 0.5078125 0.58642578125 0.04443359375 0.068359375
37 0.57421875 0.49951171875 0.04833984375 0.0712890625
59 0.4541015625 0.58447265625 0.04443359375 0.068359375
41 0.51318359375 0.49560546875 0.04443359375 0.068359375
53 0.45458984375 0.490234375 0.04443359375 0.068359375
37 0.40283203125 0.49267578125 0.04443359375 0.068359375
46 0.34716796875 0.48974609375 0.04443359375 0.068359375
37 0.29248046875 0.4853515625 0.04443359375 0.068359375
52 0.24169921875 0.48388671875 0.04443359375 0.068359375
50 0.232421875 0.57373046875 0.04443359375 0.068359375
61 0.28564453125 0.576171875 0.04443359375 0.068359375
52 0.34326171875 0.57861328125 0.04443359375 0.068359375
61 0.3955078125 0.5830078125 0.04443359375 0.068359375
54 0.857421875 0.603515625 0.04833984375 0.0712890625