60 0.1591796875 0.06103515625 0.02685546875 0.04345703125
43 0.125 0.06005859375 0.02685546875 0.04345703125
22 0.08837890625 0.0595703125 0.02685546875 0.04345703125
40 0.05615234375 0.06005859375 0.02685546875 0.04345703125
60 0.193359375 0.06201171875 0.02685546875 0.04345703125
43 0.2275390625 0.0615234375 0.02685546875 0.04345703125
58 0.26171875 0.06298828125 0.02685546875 0.04345703125
59 0.29736328125 0.0625 0.02685546875 0.04345703125
53 0.361328125 0.06298828125 0.02685546875 0.04345703125
55 0.396484375 0.0634765625 0.02685546875 0.04345703125
59 0.4619140625 0.06640625 0.02685546875 0.04345703125
56 0.494140625 0.0673828125 0.02685546875 0.04345703125
37 0.529296875 0.068359375 0.02685546875 0.04345703125
39 0.56103515625 0.0693359375 0.02685546875 0.04345703125
43 0.59228515625 0.06884765625 0.02685546875 0.04345703125
37 0.064453125 0.17529296875 0.02685546875 0.04345703125
38 0.09912109375 0.1767578125 0.02685546875 0.04345703125
39 0.13330078125 0.17626953125 0.02685546875 0.04345703125
41 0.16650390625 0.17578125 0.02685546875 0.04345703125
43 0.20068359375 0.1767578125 0.02685546875 0.04345703125
45 0.23291015625 0.1767578125 0.02685546875 0.04345703125
46 0.26806640625 0.17724609375 0.02685546875 0.04345703125
47 0.2998046875 0.17724609375 0.02685546875 0.04345703125
48 0.33349609375 0.17822265625 0.02685546875 0.04345703125
49 0.3681640625 0.1767578125 0.02685546875 0.04345703125
50 0.3984375 0.17919921875 0.02392578125 0.04052734375
51 0.431640625 0.17919921875 0.025390625 0.04052734375
52 0.46240234375 0.17919921875 0.025390625 0.04052734375
53 0.4951171875 0.1796875 0.025390625 0.04052734375
42 0.55615234375 0.18017578125 0.025390625 0.04052734375
44 0.587890625 0.181640625 0.025390625 0.04052734375
53 0.64892578125 0.18359375 0.025390625 0.04052734375
46 0.68212890625 0.18505859375 0.025390625 0.04052734375
55 0.73974609375 0.1845703125 0.025390625 0.04052734375
56 0.77197265625 0.18408203125 0.025390625 0.04052734375
57 0.8017578125 0.18408203125 0.025390625 0.04052734375
58 0.83154296875 0.1845703125 0.025390625 0.04052734375
59 0.861328125 0.18505859375 0.025390625 0.04052734375
60 0.8916015625 0.1865234375 0.025390625 0.04052734375
61 0.91796875 0.1875 0.025390625 0.04052734375
62 0.072265625 0.22998046875 0.02783203125 0.041015625
63 0.1064453125 0.22998046875 0.02783203125 0.041015625
64 0.138671875 0.2314453125 0.02587890625 0.03955078125
65 0.1708984375 0.232421875 0.02587890625 0.03955078125
66 0.2060546875 0.2314453125 0.02587890625 0.03955078125
40 0.27197265625 0.23095703125 0.02587890625 0.03955078125
40 0.3046875 0.23193359375 0.02587890625 0.03955078125
40 0.33642578125 0.23291015625 0.02587890625 0.03955078125
54 0.39892578125 0.23291015625 0.02587890625 0.03955078125
54 0.46240234375 0.23291015625 0.02587890625 0.03955078125
54 0.52392578125 0.2333984375 0.02490234375 0.0380859375
54 0.11376953125 0.5693359375 0.0224609375 0.03271484375
54 0.13134765625 0.689453125 0.0224609375 0.03076171875
54 0.13134765625 0.689453125 0.0224609375 0.03076171875
54 0.1240234375 0.65087890625 0.0224609375 0.03076171875
54 0.2109375 0.64404296875 0.0224609375 0.03076171875
54 0.20458984375 0.5654296875 0.0224609375 0.03076171875
54 0.29052734375 0.5615234375 0.0224609375 0.03076171875
54 0.29541015625 0.64306640625 0.0224609375 0.03076171875
54 0.38037109375 0.64111328125 0.0224609375 0.03076171875
54 0.35009765625 0.55908203125 0.0224609375 0.03076171875
54 0.435546875 0.5595703125 0.0224609375 0.03076171875
54 0.46142578125 0.64111328125 0.0224609375 0.03076171875
54 0.5166015625 0.55908203125 0.0224609375 0.03076171875
54 0.54345703125 0.64111328125 0.02001953125 0.029296875
54 0.62548828125 0.64111328125 0.02001953125 0.029296875
54 0.6845703125 0.5595703125 0.02001953125 0.029296875
54 0.599609375 0.56005859375 0.02001953125 0.029296875
54 0.7080078125 0.642578125 0.02001953125 0.029296875
54 0.7919921875 0.64404296875 0.02001953125 0.029296875
54 0.7685546875 0.5615234375 0.02001953125 0.029296875
54 0.85205078125 0.56005859375 0.02001953125 0.029296875
40 0.0791015625 0.28271484375 0.02587890625 0.03955078125
33 0.111328125 0.283203125 0.02587890625 0.03955078125
48 0.1435546875 0.28271484375 0.02587890625 0.03955078125
60 0.17578125 0.28271484375 0.02587890625 0.03955078125
47 0.20849609375 0.28173828125 0.02587890625 0.03955078125
59 0.27392578125 0.2822265625 0.0224609375 0.037109375
56 0.30615234375 0.2822265625 0.02392578125 0.037109375
43 0.400390625 0.28173828125 0.02392578125 0.037109375
37 0.33837890625 0.283203125 0.02392578125 0.037109375
39 0.3681640625 0.28271484375 0.0234375 0.03759765625
37 0.083984375 0.33740234375 0.02685546875 0.04345703125
38 0.11767578125 0.33740234375 0.02685546875 0.04345703125
37 0.18212890625 0.337890625 0.02685546875 0.04345703125
38 0.24658203125 0.33447265625 0.02734375 0.03759765625
39 0.30810546875 0.333984375 0.02587890625 0.037109375
41 0.3701171875 0.3330078125 0.02685546875 0.0390625
43 0.4326171875 0.33349609375 0.0263671875 0.0361328125
45 0.4921875 0.33251953125 0.02685546875 0.03564453125
46 0.5517578125 0.33349609375 0.02685546875 0.037109375
47 0.61181640625 0.3330078125 0.0244140625 0.03857421875
48 0.6708984375 0.33349609375 0.02490234375 0.03857421875
49 0.73046875 0.33349609375 0.02294921875 0.0380859375
50 0.7890625 0.33447265625 0.025390625 0.0361328125
51 0.84765625 0.3330078125 0.025390625 0.0361328125
52 0.90478515625 0.33447265625 0.025390625 0.0361328125
63 0.8115234375 0.3818359375 0.025390625 0.0361328125
62 0.75537109375 0.38330078125 0.025390625 0.0361328125
61 0.69384765625 0.38134765625 0.025390625 0.0361328125
60 0.63720703125 0.3828125 0.025390625 0.0361328125
59 0.578125 0.3828125 0.025390625 0.0361328125
58 0.52197265625 0.38037109375 0.025390625 0.0361328125
57 0.46435546875 0.380859375 0.025390625 0.0361328125
56 0.404296875 0.38134765625 0.025390625 0.0361328125
55 0.341796875 0.3818359375 0.025390625 0.0361328125
53 0.2490234375 0.38330078125 0.025390625 0.0361328125
44 0.1875 0.38525390625 0.025390625 0.0361328125
46 0.28076171875 0.3828125 0.025390625 0.0361328125
42 0.15380859375 0.38623046875 0.025390625 0.0361328125
53 0.08935546875 0.38623046875 0.025390625 0.0361328125
65 0.095703125 0.43359375 0.02685546875 0.037109375
66 0.158203125 0.431640625 0.02685546875 0.037109375
24 0.13330078125 0.47900390625 0.0263671875 0.03515625
40 0.1025390625 0.478515625 0.0263671875 0.03515625
48 0.16455078125 0.47705078125 0.0263671875 0.03515625
53 0.2265625 0.474609375 0.02392578125 0.033203125
61 0.25537109375 0.474609375 0.02392578125 0.033203125
52 0.2861328125 0.47314453125 0.02392578125 0.033203125
38 0.3173828125 0.4736328125 0.02392578125 0.033203125
43 0.3466796875 0.4736328125 0.02392578125 0.033203125
58 0.37548828125 0.47216796875 0.02392578125 0.033203125
59 0.40576171875 0.47216796875 0.02392578125 0.033203125
0 0.1435546875 0.568359375 0.0224609375 0.03271484375
1 0.15234375 0.64990234375 0.02197265625 0.03271484375
0 0.15869140625 0.69091796875 0.02197265625 0.03271484375
3 0.2392578125 0.64306640625 0.02197265625 0.03271484375
1 0.23291015625 0.564453125 0.02197265625 0.03271484375
2 0.32177734375 0.56103515625 0.02197265625 0.03271484375
4 0.3251953125 0.642578125 0.01953125 0.03125
3 0.37841796875 0.55908203125 0.01953125 0.03125
5 0.48828125 0.64208984375 0.01953125 0.03125
2 0.40771484375 0.64208984375 0.01953125 0.03125
6 0.5712890625 0.640625 0.01953125 0.03125
5 0.54443359375 0.55859375 0.01953125 0.03125
6 0.62939453125 0.55810546875 0.01953125 0.03125
7 0.712890625 0.56005859375 0.01953125 0.03125
7 0.65380859375 0.6416015625 0.01953125 0.03125
8 0.7958984375 0.560546875 0.01953125 0.03125
9 0.88037109375 0.55859375 0.01953125 0.03125
9 0.81787109375 0.64306640625 0.01953125 0.03125
4 0.46044921875 0.5595703125 0.0224609375 0.03076171875
8 0.734375 0.64306640625 0.02001953125 0.029296875
52 0.140625 0.80517578125 0.01953125 0.0302734375
50 0.14111328125 0.8486328125 0.01953125 0.0302734375
37 0.16552734375 0.80419921875 0.01953125 0.0302734375
46 0.193359375 0.80615234375 0.01953125 0.0302734375
61 0.16796875 0.84814453125 0.021484375 0.03125
52 0.1943359375 0.84912109375 0.02001953125 0.0302734375
61 0.22021484375 0.85009765625 0.021484375 0.03125
37 0.2197265625 0.80859375 0.021484375 0.03125
53 0.24462890625 0.8076171875 0.021484375 0.03125
41 0.2724609375 0.80859375 0.021484375 0.03125
37 0.2998046875 0.81005859375 0.021484375 0.03125
59 0.24755859375 0.853515625 0.021484375 0.03125
60 0.2734375 0.8525390625 0.021484375 0.03125
37 0.30078125 0.85205078125 0.021484375 0.03125
53 0.32666015625 0.81005859375 0.021484375 0.03125
46 0.35302734375 0.81005859375 0.021484375 0.03125
50 0.353515625 0.853515625 0.021484375 0.03125
37 0.3818359375 0.85400390625 0.021484375 0.03125
65 0.40771484375 0.8525390625 0.021484375 0.03125
55 0.43505859375 0.8525390625 0.021484375 0.03125
52 0.435546875 0.80859375 0.021484375 0.03125
61 0.40869140625 0.80908203125 0.021484375 0.03125
37 0.462890625 0.80859375 0.021484375 0.03125
46 0.48828125 0.80859375 0.021484375 0.03125
37 0.51611328125 0.80908203125 0.021484375 0.03125
59 0.56884765625 0.8076171875 0.021484375 0.03125
37 0.59716796875 0.8076171875 0.021484375 0.03125
48 0.6494140625 0.80908203125 0.021484375 0.03125
53 0.67626953125 0.8076171875 0.021484375 0.03125
65 0.701171875 0.80810546875 0.021484375 0.03125
55 0.72900390625 0.80859375 0.021484375 0.03125