54 0.22611 0.3972233333333334 0.05 0.08333333333333333
54 0.4727766666666666 0.39889 0.05444333333333334 0.08666666666666667
54 0.7166666666666667 0.39889 0.05111 0.08222333333333333
54 0.9594433333333333 0.39777666666666667 0.05222333333333333 0.08444333333333334
54 0.06722333333333333 0.6527766666666667 0.04777666666666667 0.08333333333333333
54 0.31055666666666665 0.65389 0.05222333333333333 0.08333333333333333
54 0.55611 0.6505566666666667 0.04555666666666666 0.08333333333333333
54 0.7994433333333333 0.6494433333333333 0.05 0.08555666666666667
5 0.30889 0.39777666666666667 0.05777666666666667 0.08666666666666667
6 0.5527766666666667 0.3972233333333334 0.05444333333333334 0.09
7 0.7994433333333333 0.3972233333333334 0.05444333333333334 0.08555666666666667
5 0.14444333333333334 0.6522233333333334 0.048889999999999996 0.08666666666666667
6 0.39389 0.65 0.04777666666666667 0.08222333333333333
7 0.6355566666666667 0.6527766666666667 0.05333333333333334 0.09222333333333334
8 0.8761099999999999 0.6505566666666667 0.04777666666666667 0.09