60 0.33544921875 0.2041015625 0.03076171875 0.0478515625
40 0.2080078125 0.20263671875 0.03076171875 0.0478515625
22 0.25146484375 0.20068359375 0.03076171875 0.0478515625
43 0.29296875 0.2041015625 0.03076171875 0.0478515625
60 0.37939453125 0.205078125 0.03076171875 0.0478515625
43 0.423828125 0.203125 0.03076171875 0.0478515625
58 0.46630859375 0.2060546875 0.03076171875 0.0478515625
59 0.51025390625 0.20654296875 0.03076171875 0.0478515625
53 0.6005859375 0.20751953125 0.03076171875 0.0478515625
55 0.64794921875 0.2060546875 0.03076171875 0.0478515625
59 0.740234375 0.21142578125 0.03466796875 0.0498046875
56 0.787109375 0.21142578125 0.0322265625 0.05224609375
37 0.83447265625 0.21240234375 0.03076171875 0.0478515625
39 0.88134765625 0.216796875 0.03076171875 0.05126953125
43 0.927734375 0.21875 0.033203125 0.05078125
37 0.19970703125 0.3408203125 0.03076171875 0.0478515625
38 0.240234375 0.3408203125 0.03076171875 0.0478515625
39 0.28564453125 0.34521484375 0.03076171875 0.0478515625
41 0.32861328125 0.345703125 0.03076171875 0.0478515625
43 0.3720703125 0.3466796875 0.03076171875 0.0478515625
45 0.416015625 0.35009765625 0.03076171875 0.0478515625
46 0.45947265625 0.35107421875 0.03076171875 0.0478515625
47 0.50439453125 0.3515625 0.03076171875 0.0478515625
48 0.5498046875 0.35400390625 0.03076171875 0.0478515625
49 0.59375 0.35595703125 0.03076171875 0.0478515625
50 0.640625 0.3564453125 0.03076171875 0.05322265625
51 0.68701171875 0.359375 0.03076171875 0.0478515625
52 0.73291015625 0.359375 0.03076171875 0.0478515625
53 0.77685546875 0.36083984375 0.03076171875 0.0478515625
42 0.87353515625 0.3623046875 0.03076171875 0.0478515625
44 0.9189453125 0.36669921875 0.03076171875 0.0478515625
62 0.19384765625 0.41259765625 0.03076171875 0.0478515625
63 0.23876953125 0.416015625 0.03076171875 0.0478515625
64 0.27978515625 0.4150390625 0.03076171875 0.0478515625
65 0.32470703125 0.41748046875 0.03076171875 0.0478515625
66 0.36767578125 0.4189453125 0.03076171875 0.0478515625
40 0.45703125 0.42431640625 0.03076171875 0.0478515625
40 0.49951171875 0.427734375 0.03076171875 0.0478515625
40 0.54443359375 0.427734375 0.03076171875 0.0478515625
54 0.63525390625 0.43310546875 0.03076171875 0.0478515625
54 0.7294921875 0.43408203125 0.03076171875 0.0478515625
54 0.822265625 0.44189453125 0.03076171875 0.0478515625
40 0.1904296875 0.4814453125 0.03076171875 0.0478515625
33 0.23388671875 0.4814453125 0.03076171875 0.0478515625
48 0.2763671875 0.484375 0.03076171875 0.0478515625
60 0.322265625 0.48828125 0.03076171875 0.0478515625
47 0.36474609375 0.48828125 0.03076171875 0.0478515625
59 0.453125 0.494140625 0.03076171875 0.0478515625
56 0.49853515625 0.494140625 0.03076171875 0.0478515625
37 0.54296875 0.4951171875 0.03076171875 0.0478515625
39 0.587890625 0.49853515625 0.03076171875 0.0478515625
43 0.6337890625 0.5009765625 0.03076171875 0.0478515625
37 0.18701171875 0.5498046875 0.03076171875 0.0478515625
38 0.228515625 0.5498046875 0.03076171875 0.0478515625
37 0.31689453125 0.5556640625 0.03076171875 0.0478515625
38 0.40478515625 0.5634765625 0.03076171875 0.0478515625
39 0.49462890625 0.56494140625 0.03076171875 0.0478515625
41 0.5830078125 0.57080078125 0.03076171875 0.0478515625
43 0.6728515625 0.5751953125 0.03076171875 0.0478515625
45 0.76611328125 0.580078125 0.03076171875 0.0478515625
46 0.859375 0.583984375 0.03076171875 0.0478515625
47 0.94970703125 0.58837890625 0.03076171875 0.0478515625
53 0.18115234375 0.62255859375 0.03076171875 0.0478515625
42 0.2705078125 0.62744140625 0.03076171875 0.0478515625
44 0.31396484375 0.62841796875 0.03076171875 0.0478515625
53 0.400390625 0.634765625 0.03076171875 0.0478515625
46 0.44482421875 0.63671875 0.03076171875 0.0478515625
56 0.623046875 0.6474609375 0.03076171875 0.0478515625
57 0.71728515625 0.65087890625 0.03076171875 0.0478515625
58 0.80810546875 0.65576171875 0.03076171875 0.0478515625
59 0.89892578125 0.658203125 0.03076171875 0.0478515625
65 0.1787109375 0.6923828125 0.03076171875 0.0478515625
66 0.263671875 0.69677734375 0.03076171875 0.0478515625
40 0.177734375 0.7607421875 0.03076171875 0.0478515625
24 0.2197265625 0.7626953125 0.03076171875 0.0478515625
48 0.263671875 0.76513671875 0.03076171875 0.0478515625
53 0.35205078125 0.76904296875 0.03076171875 0.0478515625
59 0.6171875 0.78564453125 0.03076171875 0.0478515625
58 0.5712890625 0.78076171875 0.03076171875 0.0478515625
43 0.52880859375 0.779296875 0.03076171875 0.0478515625
38 0.48388671875 0.779296875 0.03076171875 0.0478515625
52 0.43798828125 0.7734375 0.03076171875 0.0478515625
61 0.39306640625 0.771484375 0.03076171875 0.0478515625
55 0.53271484375 0.64013671875 0.03076171875 0.0478515625
54 0.1748046875 0.89892578125 0.0322265625 0.044921875
54 0.30419921875 0.904296875 0.02978515625 0.03955078125
54 0.43310546875 0.91357421875 0.02880859375 0.04736328125
54 0.521484375 0.91845703125 0.02978515625 0.04296875
54 0.65185546875 0.92626953125 0.033203125 0.04736328125
54 0.7841796875 0.93310546875 0.033203125 0.04541015625
54 0.91455078125 0.9375 0.0322265625 0.044921875
0 0.21728515625 0.89794921875 0.02978515625 0.04248046875
1 0.345703125 0.90478515625 0.02978515625 0.04248046875
2 0.4775390625 0.91455078125 0.02978515625 0.04248046875
3 0.56591796875 0.91796875 0.02978515625 0.04248046875
4 0.697265625 0.93017578125 0.03125 0.0478515625
5 0.830078125 0.931640625 0.02978515625 0.04296875
6 0.9609375 0.93798828125 0.02978515625 0.04736328125