59 0.11279296875 0.0634765625 0.05615234375 0.08544921875
56 0.175537109375 0.066162109375 0.05615234375 0.08544921875
37 0.241943359375 0.06298828125 0.05615234375 0.08544921875
39 0.314208984375 0.0625 0.05615234375 0.08544921875
43 0.378173828125 0.060302734375 0.05615234375 0.08544921875
52 0.123779296875 0.2841796875 0.0537109375 0.07666015625
51 0.055908203125 0.28515625 0.0537109375 0.07666015625
53 0.190185546875 0.283447265625 0.0537109375 0.07666015625
42 0.322509765625 0.27978515625 0.0537109375 0.07666015625
44 0.390380859375 0.277099609375 0.0537109375 0.07666015625
53 0.5185546875 0.2744140625 0.0537109375 0.07666015625
46 0.580322265625 0.27880859375 0.0537109375 0.07666015625
55 0.7021484375 0.2744140625 0.0537109375 0.07666015625
56 0.76904296875 0.273681640625 0.0537109375 0.07666015625
57 0.8310546875 0.27392578125 0.0537109375 0.07666015625
58 0.88671875 0.271240234375 0.0537109375 0.07666015625
59 0.9453125 0.272705078125 0.0537109375 0.07666015625
54 0.137939453125 0.396240234375 0.0537109375 0.07666015625
54 0.265380859375 0.391357421875 0.0537109375 0.07666015625
43 0.08447265625 0.58642578125 0.05419921875 0.07666015625
45 0.212158203125 0.580322265625 0.05419921875 0.07666015625
46 0.336669921875 0.575927734375 0.05419921875 0.07666015625
47 0.457275390625 0.5712890625 0.05419921875 0.07666015625
48 0.5771484375 0.56591796875 0.05419921875 0.07666015625
49 0.6943359375 0.566650390625 0.05419921875 0.07666015625
50 0.814697265625 0.5625 0.05419921875 0.07666015625
51 0.926513671875 0.556396484375 0.05419921875 0.07666015625
56 0.036376953125 0.68310546875 0.05419921875 0.072265625
57 0.162109375 0.67626953125 0.0537109375 0.0712890625
58 0.2822265625 0.6689453125 0.0517578125 0.072265625
59 0.061279296875 0.851806640625 0.0458984375 0.0693359375
59 0.401123046875 0.662353515625 0.0517578125 0.072265625
60 0.517333984375 0.659912109375 0.0517578125 0.072265625
61 0.63427734375 0.653564453125 0.05126953125 0.0693359375
62 0.75048828125 0.6513671875 0.05126953125 0.0693359375
63 0.864990234375 0.646240234375 0.04736328125 0.06689453125
54 0.78466796875 0.965087890625 0.048828125 0.05859375
54 0.6240234375 0.970703125 0.048828125 0.05859375
7 0.68701171875 0.97021484375 0.048828125 0.05859375
8 0.84375 0.968017578125 0.044921875 0.06005859375
54 0.9423828125 0.959716796875 0.048828125 0.05859375