60 0.5185546875 0.0791015625 0.05615234375 0.0888671875
60 0.4453125 0.0791015625 0.05615234375 0.0888671875
40 0.238037109375 0.07177734375 0.05615234375 0.0888671875
22 0.308837890625 0.072021484375 0.05615234375 0.0888671875
43 0.37451171875 0.076416015625 0.05615234375 0.0888671875
43 0.587890625 0.078857421875 0.05615234375 0.0888671875
55 0.931884765625 0.090087890625 0.0537109375 0.08740234375
53 0.864013671875 0.0888671875 0.05615234375 0.0888671875
59 0.72802734375 0.081787109375 0.05615234375 0.0888671875
58 0.65966796875 0.0830078125 0.05615234375 0.0888671875
63 0.313720703125 0.407958984375 0.04931640625 0.0771484375
62 0.249755859375 0.40576171875 0.04931640625 0.0771484375
51 0.97314453125 0.32373046875 0.04931640625 0.0771484375
50 0.911376953125 0.3193359375 0.04931640625 0.0771484375
49 0.845458984375 0.315185546875 0.04931640625 0.0771484375
48 0.781494140625 0.3154296875 0.04931640625 0.0771484375
47 0.711181640625 0.311279296875 0.04931640625 0.0771484375
45 0.58154296875 0.30908203125 0.04931640625 0.0771484375
43 0.509765625 0.306396484375 0.04931640625 0.0771484375
41 0.4443359375 0.30615234375 0.04931640625 0.0771484375
39 0.37646484375 0.303466796875 0.04931640625 0.0771484375
38 0.3125 0.300537109375 0.04931640625 0.0771484375
54 0.900634765625 0.427490234375 0.04931640625 0.07177734375
37 0.24462890625 0.30029296875 0.04931640625 0.0771484375
64 0.37890625 0.411376953125 0.04931640625 0.0771484375
65 0.44091796875 0.4150390625 0.04931640625 0.0771484375
66 0.505859375 0.41845703125 0.04931640625 0.0771484375
33 0.31494140625 0.506591796875 0.04443359375 0.07080078125
40 0.25439453125 0.5087890625 0.04443359375 0.07080078125
48 0.37890625 0.507568359375 0.04443359375 0.07080078125
60 0.441650390625 0.5087890625 0.048828125 0.07080078125
47 0.503662109375 0.51171875 0.048828125 0.07080078125
59 0.632568359375 0.513916015625 0.048828125 0.07080078125
40 0.704345703125 0.421630859375 0.048828125 0.07080078125
40 0.63623046875 0.4189453125 0.048828125 0.07080078125
40 0.769287109375 0.427001953125 0.048828125 0.07080078125
56 0.697509765625 0.51513671875 0.048828125 0.07080078125
37 0.763427734375 0.515869140625 0.048828125 0.07080078125
39 0.82568359375 0.520263671875 0.048828125 0.07080078125
43 0.888671875 0.52197265625 0.048828125 0.07080078125
41 0.813720703125 0.61669921875 0.048828125 0.07080078125
43 0.935302734375 0.620849609375 0.048828125 0.07080078125
39 0.69091796875 0.61181640625 0.048828125 0.07080078125
38 0.56494140625 0.611083984375 0.048828125 0.07080078125
37 0.444091796875 0.6044921875 0.048828125 0.07080078125
38 0.318115234375 0.605712890625 0.048828125 0.07080078125
37 0.255126953125 0.6025390625 0.048828125 0.07080078125
53 0.25732421875 0.692138671875 0.048828125 0.07080078125
65 0.2626953125 0.782958984375 0.048828125 0.07080078125
40 0.2607421875 0.861083984375 0.0498046875 0.060546875
24 0.3232421875 0.859130859375 0.0498046875 0.060546875
48 0.381591796875 0.855224609375 0.0498046875 0.060546875
53 0.49267578125 0.863525390625 0.0498046875 0.060546875
61 0.55029296875 0.862548828125 0.0498046875 0.060546875
52 0.611328125 0.86376953125 0.0498046875 0.060546875
38 0.67236328125 0.86572265625 0.0498046875 0.060546875
43 0.72607421875 0.86328125 0.0400390625 0.0595703125
58 0.781494140625 0.87109375 0.0400390625 0.0595703125
59 0.840087890625 0.873046875 0.05078125 0.0615234375
42 0.380859375 0.697509765625 0.048828125 0.07080078125
44 0.4404296875 0.6962890625 0.048828125 0.07080078125
66 0.37890625 0.784423828125 0.04736328125 0.064453125
53 0.55859375 0.6982421875 0.04736328125 0.064453125
46 0.62158203125 0.696044921875 0.04736328125 0.064453125
55 0.740478515625 0.706787109375 0.04736328125 0.064453125
56 0.862060546875 0.7080078125 0.0546875 0.064453125
57 0.974853515625 0.71435546875 0.05029296875 0.064453125
46 0.646240234375 0.311279296875 0.04931640625 0.0771484375