54 0.04389 0.22111 0.043333333333333335 0.07777666666666667
54 0.25833333333333336 0.21389 0.04555666666666666 0.07444333333333333
54 0.46055666666666667 0.21389 0.04555666666666666 0.07444333333333333
54 0.6594433333333333 0.21666666666666667 0.04777666666666667 0.07333333333333333
6 0.11 0.21722333333333332 0.042223333333333335 0.07222333333333333
7 0.31944333333333336 0.21444333333333335 0.04555666666666666 0.07555666666666666
8 0.5238900000000001 0.21277666666666667 0.043333333333333335 0.07444333333333333
9 0.7272233333333333 0.21389 0.04555666666666666 0.07
59 0.15444333333333332 0.6227766666666666 0.03777666666666667 0.061110000000000005
37 0.21444333333333335 0.6227766666666666 0.04 0.061110000000000005
48 0.34111 0.6211099999999999 0.03777666666666667 0.06222333333333333
53 0.40055666666666667 0.6211099999999999 0.04111 0.06444333333333334
65 0.46166666666666667 0.62 0.04555666666666666 0.06444333333333334
55 0.5216666666666666 0.61889 0.04111 0.06222333333333333