54 0.13111 0.13166666666666665 0.04666666666666667 0.07666666666666666
54 0.32 0.11944333333333333 0.04666666666666667 0.07666666666666666
54 0.5322233333333334 0.10833333333333334 0.04666666666666667 0.07666666666666666
54 0.7588900000000001 0.105 0.04666666666666667 0.07666666666666666
54 0.12778 0.23944333333333334 0.04666666666666667 0.07666666666666666
1 0.19 0.13055666666666668 0.04666666666666667 0.07666666666666666
3 0.39222333333333337 0.11611333333333332 0.04666666666666667 0.07666666666666666
4 0.60889 0.10278 0.04666666666666667 0.07666666666666666
2 0.8277800000000001 0.09833666666666667 0.04666666666666667 0.07666666666666666
0 0.18888999999999997 0.2372233333333333 0.04666666666666667 0.07666666666666666
52 0.12375 0.5629166666666666 0.04083333333333333 0.0725
37 0.18541666666666667 0.56375 0.04083333333333333 0.0725
46 0.2529166666666667 0.5645833333333333 0.04083333333333333 0.0725
37 0.3154166666666667 0.5654166666666667 0.04083333333333333 0.0725
53 0.3883333333333333 0.5679166666666666 0.04666666666666667 0.0725
41 0.45666666666666667 0.5670833333333334 0.04666666666666667 0.0725
37 0.5241666666666667 0.5670833333333334 0.04666666666666667 0.0725
53 0.5975 0.56875 0.04666666666666667 0.0725
46 0.6716666666666666 0.5704166666666667 0.04666666666666667 0.0725
61 0.8233333333333334 0.5804166666666667 0.04666666666666667 0.0725
52 0.9020833333333333 0.57875 0.0525 0.0775
37 0.97375 0.5795833333333333 0.0525 0.0775
50 0.12375 0.6720833333333334 0.04083333333333333 0.0725
61 0.18791666666666668 0.6745833333333333 0.04083333333333333 0.0725
52 0.2520833333333333 0.6745833333333333 0.04083333333333333 0.0725
61 0.3204166666666667 0.6779166666666666 0.04083333333333333 0.0725
59 0.38875 0.6795833333333333 0.04083333333333333 0.0725
60 0.4579166666666667 0.6820833333333334 0.04083333333333333 0.0725
37 0.5229166666666667 0.68375 0.04083333333333333 0.0725
50 0.6670833333333334 0.69125 0.04083333333333333 0.0725
37 0.74125 0.69125 0.04083333333333333 0.0725
65 0.82125 0.6958333333333333 0.049166666666666664 0.08
55 0.8954166666666666 0.695 0.049166666666666664 0.08