50 0.04419666666666667 0.11152666666666666 0.026696666666666667 0.04627333333333333
51 0.08957666666666668 0.10915333333333332 0.029660000000000002 0.04627333333333333
52 0.13496 0.10915333333333332 0.026696666666666667 0.04627333333333333
53 0.1791566666666667 0.10767 0.028476666666666667 0.04686666666666667
42 0.26992 0.10677999999999999 0.028476666666666667 0.045086666666666664
44 0.31382 0.10767 0.029660000000000002 0.04805333333333333
53 0.4042866666666666 0.10796666666666666 0.030253333333333333 0.04864333333333334
46 0.45115333333333335 0.10618999999999999 0.027883333333333336 0.04864333333333334
55 0.5425099999999999 0.10470666666666667 0.030253333333333333 0.04805333333333333
56 0.58908 0.10589333333333334 0.03322 0.050423333333333334
57 0.6332733333333334 0.10529999999999999 0.030253333333333333 0.04805333333333333
58 0.68103 0.10441 0.03322 0.047459999999999995
59 0.7270033333333334 0.10707666666666667 0.02907 0.04686666666666667
60 0.7723866666666667 0.10529999999999999 0.029660000000000002 0.04805333333333333
61 0.81955 0.10529999999999999 0.027883333333333336 0.04805333333333333
54 0.04212 0.18182666666666666 0.027290000000000002 0.04568
54 0.13051 0.17945333333333333 0.028476666666666667 0.04568
54 0.22098 0.18004666666666666 0.02907 0.04568
43 0.08157 0.32538666666666666 0.030253333333333333 0.04923666666666667
45 0.17233333333333334 0.32182666666666665 0.02907 0.050423333333333334
46 0.26547 0.32242 0.027883333333333336 0.04568
47 0.35801666666666665 0.3230133333333333 0.030253333333333333 0.04568
48 0.44967 0.3230133333333333 0.029660000000000002 0.04686666666666667
49 0.5422133333333333 0.3242 0.029660000000000002 0.05161
50 0.6347566666666666 0.32271666666666665 0.03440666666666667 0.05101666666666667
51 0.7278933333333333 0.3242 0.03322 0.04923666666666667
52 0.8219233333333333 0.3239033333333333 0.035 0.049830000000000006
56 0.03589 0.39924333333333334 0.032626666666666665 0.05101666666666667
57 0.12606 0.39865 0.032626666666666665 0.049830000000000006
58 0.2180133333333333 0.3974633333333334 0.031439999999999996 0.04864333333333334
59 0.3114466666666667 0.3998366666666667 0.030846666666666668 0.05101666666666667
60 0.4033966666666667 0.39953999999999995 0.03203333333333333 0.050423333333333334
61 0.49505000000000005 0.39953999999999995 0.035 0.05161
62 0.5884866666666667 0.4010233333333333 0.03203333333333333 0.049830000000000006
63 0.6825133333333333 0.3998366666666667 0.032626666666666665 0.04864333333333334
59 0.035 0.54162 0.029660000000000002 0.04864333333333334
54 0.0789 0.6943766666666668 0.030846666666666668 0.04923666666666667
54 0.21593666666666664 0.69497 0.029660000000000002 0.05161
54 0.35683 0.6955633333333333 0.02907 0.04923666666666667
54 0.4947533333333333 0.6952666666666667 0.03203333333333333 0.047459999999999995
54 0.63446 0.6973433333333334 0.032626666666666665 0.052796666666666665
54 0.7777266666666666 0.6997166666666667 0.03322 0.052796666666666665
54 0.12635666666666667 0.8397199999999999 0.028476666666666667 0.04686666666666667
54 0.26072666666666666 0.8435733333333333 0.032626666666666665 0.049830000000000006
54 0.40280333333333335 0.8444633333333333 0.030846666666666668 0.04805333333333333
54 0.5434 0.8462433333333333 0.03203333333333333 0.04923666666666667
54 0.6837 0.8453533333333333 0.031439999999999996 0.049830000000000006
4 0.12487666666666666 0.6946733333333334 0.027883333333333336 0.043899999999999995
5 0.2625033333333333 0.6943766666666668 0.031439999999999996 0.050423333333333334
6 0.40221 0.6955633333333333 0.029660000000000002 0.04568
7 0.5410266666666667 0.6961566666666666 0.028476666666666667 0.04805333333333333
8 0.6825133333333333 0.6973433333333334 0.031439999999999996 0.05161
9 0.82459 0.6991233333333333 0.03203333333333333 0.052796666666666665
5 0.16818 0.8394233333333333 0.030253333333333333 0.047459999999999995
6 0.31026 0.8432766666666667 0.029660000000000002 0.04923666666666667
7 0.44877999999999996 0.84239 0.030253333333333333 0.047459999999999995
8 0.5867066666666666 0.8459466666666667 0.027290000000000002 0.05101666666666667
9 0.7287833333333333 0.8459466666666667 0.030253333333333333 0.05101666666666667