43 0.0224609375 0.079345703125 0.04248046875 0.06494140625
45 0.125244140625 0.06591796875 0.041015625 0.06005859375
46 0.230712890625 0.064453125 0.0390625 0.064453125
47 0.3349609375 0.060546875 0.03662109375 0.0615234375
48 0.439208984375 0.0537109375 0.03662109375 0.0615234375
49 0.545654296875 0.052490234375 0.0390625 0.06689453125
50 0.649658203125 0.04345703125 0.04248046875 0.06494140625
51 0.755126953125 0.041015625 0.04443359375 0.0654296875
52 0.859619140625 0.03857421875 0.04443359375 0.06787109375
57 0.0908203125 0.162353515625 0.0390625 0.06005859375
58 0.189697265625 0.15478515625 0.0400390625 0.0634765625
59 0.294189453125 0.15234375 0.04248046875 0.06201171875
60 0.394287109375 0.14697265625 0.0380859375 0.06787109375
61 0.494384765625 0.14453125 0.0400390625 0.0615234375
62 0.594970703125 0.136962890625 0.0400390625 0.064453125
63 0.698486328125 0.133544921875 0.0400390625 0.064453125
64 0.801025390625 0.127197265625 0.041015625 0.0634765625
54 0.098876953125 0.470947265625 0.0322265625 0.04931640625
54 0.235595703125 0.466064453125 0.0302734375 0.05224609375
54 0.3720703125 0.46240234375 0.0322265625 0.046875
54 0.50830078125 0.45703125 0.033203125 0.046875
54 0.6474609375 0.454345703125 0.0322265625 0.05029296875
54 0.7890625 0.449462890625 0.033203125 0.05126953125
54 0.031005859375 0.608154296875 0.03125 0.04931640625
54 0.159912109375 0.602783203125 0.03125 0.04931640625
54 0.292236328125 0.6015625 0.03125 0.0546875
54 0.427001953125 0.5966796875 0.03125 0.04931640625
54 0.559326171875 0.595947265625 0.03466796875 0.046875
54 0.696044921875 0.593505859375 0.03466796875 0.04931640625
4 0.138916015625 0.468994140625 0.03466796875 0.05126953125
5 0.27685546875 0.463623046875 0.03564453125 0.0546875
6 0.41455078125 0.46142578125 0.033203125 0.04931640625
7 0.55419921875 0.455322265625 0.03466796875 0.05029296875
8 0.6923828125 0.453125 0.033203125 0.05029296875
9 0.83935546875 0.44775390625 0.02880859375 0.0546875
2 0.070556640625 0.607177734375 0.0302734375 0.04931640625
5 0.202392578125 0.602294921875 0.033203125 0.05029296875
6 0.332763671875 0.59814453125 0.0322265625 0.05224609375
7 0.468017578125 0.59765625 0.03125 0.05029296875
8 0.601806640625 0.594482421875 0.0322265625 0.05029296875
9 0.740478515625 0.593017578125 0.0302734375 0.05029296875
61 0.09228515625 0.87646484375 0.03125 0.04931640625
52 0.1337890625 0.87548828125 0.0341796875 0.04931640625
37 0.17724609375 0.87548828125 0.03125 0.046875
46 0.2216796875 0.87353515625 0.0322265625 0.04638671875
37 0.26220703125 0.8720703125 0.02978515625 0.04638671875
59 0.34912109375 0.870849609375 0.02783203125 0.04150390625
37 0.391357421875 0.869384765625 0.02783203125 0.04248046875
48 0.478515625 0.868408203125 0.02783203125 0.0439453125
53 0.52294921875 0.867919921875 0.033203125 0.0458984375
65 0.56494140625 0.868408203125 0.03076171875 0.0458984375
55 0.60986328125 0.867431640625 0.03466796875 0.04931640625
65 0.094970703125 0.94677734375 0.02880859375 0.0439453125
55 0.136474609375 0.94580078125 0.03173828125 0.0458984375
37 0.053466796875 0.9462890625 0.02978515625 0.0439453125