38 0.084716796875 0.04541015625 0.0517578125 0.0703125
39 0.192626953125 0.045654296875 0.0439453125 0.0712890625
41 0.302978515625 0.047119140625 0.04296875 0.06787109375
43 0.41259765625 0.046630859375 0.041015625 0.0693359375
45 0.52490234375 0.048095703125 0.04248046875 0.06640625
46 0.634521484375 0.05078125 0.03955078125 0.064453125
47 0.746337890625 0.052490234375 0.03857421875 0.0634765625
48 0.856689453125 0.054931640625 0.04052734375 0.064453125
49 0.967529296875 0.06103515625 0.04150390625 0.07080078125
53 0.094970703125 0.138427734375 0.04345703125 0.06640625
46 0.149169921875 0.138916015625 0.04052734375 0.06640625
55 0.257080078125 0.14013671875 0.044921875 0.07080078125
56 0.360595703125 0.139404296875 0.04345703125 0.06884765625
57 0.468994140625 0.143798828125 0.0419921875 0.06982421875
58 0.573486328125 0.145263671875 0.03955078125 0.06396484375
59 0.68115234375 0.149169921875 0.03955078125 0.06298828125
60 0.78662109375 0.150634765625 0.04052734375 0.06689453125
61 0.894287109375 0.152587890625 0.03955078125 0.06396484375
53 0.070556640625 0.302490234375 0.0390625 0.0595703125
61 0.121337890625 0.30224609375 0.0439453125 0.0615234375
52 0.168212890625 0.302734375 0.03515625 0.06201171875
38 0.219970703125 0.303955078125 0.0400390625 0.0595703125
43 0.268798828125 0.304931640625 0.0400390625 0.0576171875
58 0.318603515625 0.306884765625 0.0380859375 0.05908203125
59 0.369384765625 0.30810546875 0.03662109375 0.05908203125
54 0.0537109375 0.448486328125 0.03173828125 0.05029296875
54 0.189453125 0.450927734375 0.02978515625 0.05517578125
54 0.2822265625 0.45654296875 0.03271484375 0.0537109375
54 0.419921875 0.46240234375 0.03564453125 0.0537109375
54 0.558837890625 0.468994140625 0.03466796875 0.0537109375
54 0.702392578125 0.4736328125 0.033203125 0.0517578125
54 0.847900390625 0.479248046875 0.0341796875 0.05126953125
54 0.0703125 0.58154296875 0.02978515625 0.0478515625
54 0.19970703125 0.58837890625 0.033203125 0.0498046875
54 0.331787109375 0.5947265625 0.03076171875 0.04931640625
54 0.463134765625 0.601318359375 0.03076171875 0.0517578125
54 0.59814453125 0.610107421875 0.02978515625 0.046875
54 0.739501953125 0.616943359375 0.0322265625 0.05029296875
54 0.881591796875 0.624755859375 0.03564453125 0.04931640625
1 0.09228515625 0.448974609375 0.03076171875 0.05029296875
2 0.2353515625 0.452880859375 0.03466796875 0.05517578125
3 0.32763671875 0.4560546875 0.03271484375 0.05224609375
4 0.46435546875 0.462646484375 0.03466796875 0.05322265625
5 0.605712890625 0.47119140625 0.03125 0.05517578125
6 0.750732421875 0.474609375 0.03564453125 0.0517578125
7 0.899658203125 0.481201171875 0.03076171875 0.05419921875
3 0.11083984375 0.581787109375 0.03173828125 0.046875
4 0.24267578125 0.58837890625 0.03271484375 0.05078125
2 0.373291015625 0.595703125 0.03125 0.04736328125
5 0.507080078125 0.601318359375 0.03466796875 0.0498046875
6 0.64501953125 0.61181640625 0.0322265625 0.05322265625
7 0.784423828125 0.61767578125 0.03564453125 0.04736328125
8 0.927490234375 0.626708984375 0.03466796875 0.05322265625
46 0.024658203125 0.8515625 0.02978515625 0.05126953125
37 0.065673828125 0.853515625 0.02978515625 0.05126953125
53 0.10693359375 0.856689453125 0.02978515625 0.05126953125
41 0.1494140625 0.85888671875 0.02978515625 0.05126953125
37 0.191162109375 0.8623046875 0.02978515625 0.05126953125
53 0.236572265625 0.86328125 0.0302734375 0.0478515625
46 0.279052734375 0.86572265625 0.0302734375 0.0478515625
61 0.365478515625 0.87060546875 0.0302734375 0.0478515625
52 0.409912109375 0.87158203125 0.0302734375 0.0478515625
37 0.452392578125 0.87255859375 0.0302734375 0.0478515625
46 0.498046875 0.87646484375 0.0302734375 0.0478515625
37 0.53955078125 0.87841796875 0.0302734375 0.0478515625
59 0.62939453125 0.885498046875 0.0302734375 0.0478515625
37 0.673828125 0.885986328125 0.0302734375 0.0478515625
48 0.762451171875 0.893798828125 0.0302734375 0.0478515625
48 0.762451171875 0.893798828125 0.0302734375 0.0478515625
53 0.807861328125 0.89501953125 0.0302734375 0.0478515625
65 0.852783203125 0.8974609375 0.0302734375 0.0478515625
55 0.898681640625 0.901123046875 0.0302734375 0.0478515625
52 0.02197265625 0.919189453125 0.0302734375 0.0478515625
61 0.064453125 0.921875 0.0302734375 0.0478515625
59 0.10595703125 0.922607421875 0.0302734375 0.0478515625
60 0.148681640625 0.927734375 0.0341796875 0.05029296875
37 0.190185546875 0.9287109375 0.0341796875 0.05029296875
50 0.276611328125 0.93408203125 0.0341796875 0.05029296875
37 0.322021484375 0.93505859375 0.0341796875 0.05029296875
65 0.364013671875 0.939453125 0.0341796875 0.05029296875
55 0.406005859375 0.94140625 0.0341796875 0.05029296875