60 0.03515625 0.145263671875 0.03759765625 0.07421875
43 0.10400390625 0.140625 0.0419921875 0.07421875
58 0.1728515625 0.14208984375 0.0439453125 0.076171875
59 0.24462890625 0.1416015625 0.04296875 0.0751953125
53 0.38720703125 0.138916015625 0.04296875 0.07861328125
55 0.4599609375 0.138916015625 0.04541015625 0.07763671875
59 0.60791015625 0.138671875 0.04541015625 0.07421875
56 0.6796875 0.13818359375 0.0419921875 0.076171875
37 0.75439453125 0.1376953125 0.04638671875 0.07666015625
39 0.830078125 0.13916015625 0.04541015625 0.072265625
43 0.900390625 0.141845703125 0.04150390625 0.0703125
43 0.04541015625 0.372314453125 0.0400390625 0.06884765625
45 0.11279296875 0.373291015625 0.04345703125 0.0693359375
46 0.18310546875 0.37353515625 0.0419921875 0.0732421875
47 0.251953125 0.373046875 0.0439453125 0.072265625
48 0.322265625 0.37255859375 0.041015625 0.06982421875
49 0.3955078125 0.376708984375 0.0400390625 0.078125
50 0.46337890625 0.377197265625 0.04296875 0.076171875
51 0.53369140625 0.377197265625 0.037109375 0.07177734375
52 0.60302734375 0.37890625 0.04443359375 0.07470703125
53 0.673828125 0.37841796875 0.04296875 0.07080078125
42 0.81640625 0.379638671875 0.04638671875 0.07421875
44 0.8896484375 0.381103515625 0.04150390625 0.07421875
66 0.0537109375 0.487548828125 0.0458984375 0.0703125
40 0.18994140625 0.489501953125 0.04736328125 0.0693359375
40 0.2568359375 0.48828125 0.0458984375 0.06689453125
40 0.3251953125 0.49169921875 0.05126953125 0.06298828125
54 0.46435546875 0.490966796875 0.0400390625 0.06884765625
54 0.60107421875 0.49072265625 0.04345703125 0.0712890625
54 0.740234375 0.49658203125 0.04443359375 0.068359375
47 0.06103515625 0.592529296875 0.03955078125 0.0703125
59 0.19482421875 0.591552734375 0.04345703125 0.06689453125
56 0.259765625 0.58935546875 0.0439453125 0.068359375
37 0.3271484375 0.5888671875 0.04345703125 0.064453125
39 0.39794921875 0.589111328125 0.0390625 0.06396484375
43 0.46484375 0.588623046875 0.0400390625 0.0615234375
38 0.13330078125 0.690185546875 0.0380859375 0.0595703125
39 0.26416015625 0.6884765625 0.0439453125 0.05810546875
41 0.3974609375 0.693115234375 0.0400390625 0.0634765625
43 0.52880859375 0.696533203125 0.0439453125 0.06494140625
45 0.666015625 0.70068359375 0.0419921875 0.06689453125
46 0.80029296875 0.703369140625 0.0439453125 0.06298828125
47 0.9375 0.70654296875 0.03955078125 0.06982421875
53 0.0185546875 0.78759765625 0.037109375 0.05810546875
53 0.14306640625 0.790771484375 0.0380859375 0.0634765625
46 0.2060546875 0.791259765625 0.03564453125 0.0625
55 0.33447265625 0.79541015625 0.041015625 0.0634765625
56 0.46435546875 0.796630859375 0.041015625 0.06591796875
57 0.595703125 0.8017578125 0.041015625 0.0634765625
58 0.72900390625 0.803466796875 0.03955078125 0.064453125
59 0.861328125 0.808837890625 0.0439453125 0.0673828125
53 0.09521484375 0.962890625 0.04296875 0.056640625
61 0.15966796875 0.96533203125 0.0478515625 0.06298828125
52 0.216796875 0.968994140625 0.041015625 0.05810546875
38 0.27490234375 0.968994140625 0.0380859375 0.06201171875