54 0.0576171875 0.15625 0.05517578125 0.078125
5 0.115234375 0.15478515625 0.05517578125 0.078125
54 0.2294921875 0.15625 0.05517578125 0.078125
6 0.29248046875 0.15380859375 0.05517578125 0.078125
54 0.404296875 0.16015625 0.05517578125 0.078125
7 0.466796875 0.15771484375 0.05517578125 0.078125
54 0.5830078125 0.15771484375 0.05517578125 0.078125
8 0.6455078125 0.15625 0.05517578125 0.078125
54 0.76416015625 0.1630859375 0.05517578125 0.078125
9 0.82568359375 0.16015625 0.05517578125 0.078125
55 0.63623046875 0.5322265625 0.05517578125 0.078125
65 0.576171875 0.529296875 0.05517578125 0.078125
53 0.5205078125 0.52978515625 0.046875 0.0771484375
48 0.462890625 0.52734375 0.0498046875 0.0771484375
59 0.2978515625 0.52734375 0.0498046875 0.0771484375
37 0.3525390625 0.52587890625 0.0498046875 0.0771484375
46 0.12548828125 0.52978515625 0.0498046875 0.0771484375
37 0.1845703125 0.52978515625 0.0498046875 0.0771484375
37 0.07080078125 0.52880859375 0.0498046875 0.0771484375