40 0.12060546875 0.12890625 0.01904296875 0.02587890625
22 0.1474609375 0.1279296875 0.01953125 0.02685546875
14 0.17529296875 0.1279296875 0.02001953125 0.02783203125
30 0.20166015625 0.12744140625 0.0205078125 0.029296875
30 0.23095703125 0.12744140625 0.0205078125 0.02880859375
14 0.2587890625 0.12744140625 0.0185546875 0.029296875
28 0.28662109375 0.1279296875 0.017578125 0.0283203125
29 0.31396484375 0.12841796875 0.0205078125 0.02783203125
53 0.369140625 0.1298828125 0.01953125 0.02734375
55 0.396484375 0.13037109375 0.0185546875 0.029296875
59 0.453125 0.13037109375 0.021484375 0.029296875
56 0.48095703125 0.12890625 0.0185546875 0.02783203125
37 0.50732421875 0.12939453125 0.02294921875 0.02783203125
39 0.537109375 0.1298828125 0.01953125 0.02978515625
43 0.5625 0.130859375 0.01806640625 0.0302734375
37 0.1162109375 0.21435546875 0.01708984375 0.02587890625
38 0.1435546875 0.21435546875 0.0185546875 0.02587890625
39 0.1728515625 0.21435546875 0.02001953125 0.02685546875
41 0.19970703125 0.21533203125 0.01904296875 0.02783203125
43 0.22705078125 0.21533203125 0.017578125 0.029296875
45 0.2548828125 0.2158203125 0.02001953125 0.029296875
46 0.283203125 0.21533203125 0.01953125 0.03076171875
47 0.31201171875 0.2158203125 0.0205078125 0.03076171875
48 0.33935546875 0.21630859375 0.017578125 0.02783203125
49 0.3681640625 0.21826171875 0.01708984375 0.029296875
50 0.39599609375 0.2177734375 0.0166015625 0.02685546875
51 0.423828125 0.21728515625 0.0185546875 0.02685546875
52 0.45166015625 0.216796875 0.02099609375 0.02587890625
53 0.47998046875 0.2177734375 0.015625 0.02490234375
62 0.11376953125 0.2587890625 0.0185546875 0.025390625
63 0.14306640625 0.25830078125 0.017578125 0.02587890625
64 0.1708984375 0.2587890625 0.0185546875 0.02587890625
65 0.197265625 0.2578125 0.0185546875 0.02685546875
66 0.224609375 0.25830078125 0.017578125 0.0283203125
54 0.39404296875 0.26171875 0.017578125 0.029296875
54 0.45068359375 0.26220703125 0.017578125 0.029296875
54 0.5078125 0.263671875 0.017578125 0.029296875
40 0.28271484375 0.259765625 0.017578125 0.029296875
40 0.31103515625 0.259765625 0.017578125 0.029296875
40 0.34033203125 0.259765625 0.017578125 0.029296875
40 0.11181640625 0.30078125 0.017578125 0.029296875
33 0.1396484375 0.30126953125 0.0205078125 0.03173828125
19 0.1669921875 0.30224609375 0.0224609375 0.03173828125
30 0.19482421875 0.3017578125 0.0205078125 0.02978515625
18 0.22412109375 0.30224609375 0.0185546875 0.02880859375
59 0.28076171875 0.302734375 0.01806640625 0.02685546875
56 0.3095703125 0.30322265625 0.0185546875 0.029296875
37 0.3369140625 0.30224609375 0.0185546875 0.0283203125
39 0.365234375 0.3037109375 0.01806640625 0.0302734375
43 0.39306640625 0.30322265625 0.01953125 0.0302734375
37 0.10595703125 0.3447265625 0.01611328125 0.02587890625
37 0.19384765625 0.3447265625 0.01953125 0.02880859375
38 0.25048828125 0.3466796875 0.0205078125 0.0302734375
39 0.30712890625 0.3466796875 0.02099609375 0.0302734375
41 0.36328125 0.3486328125 0.021484375 0.0302734375
43 0.419921875 0.3505859375 0.02099609375 0.0322265625
45 0.47607421875 0.35009765625 0.01904296875 0.0283203125
46 0.533203125 0.35302734375 0.01708984375 0.02978515625
53 0.10595703125 0.39111328125 0.0224609375 0.02880859375
42 0.1640625 0.39111328125 0.021484375 0.02783203125
44 0.19140625 0.3916015625 0.01953125 0.0302734375
53 0.24853515625 0.392578125 0.01806640625 0.02880859375
46 0.27685546875 0.392578125 0.017578125 0.03125
55 0.33447265625 0.39453125 0.0185546875 0.02880859375
56 0.39208984375 0.39501953125 0.02001953125 0.02734375
57 0.44921875 0.39599609375 0.01953125 0.029296875
58 0.50439453125 0.396484375 0.017578125 0.02734375
59 0.56103515625 0.3974609375 0.01806640625 0.02880859375
65 0.10400390625 0.43603515625 0.0205078125 0.02783203125
66 0.16015625 0.4384765625 0.02001953125 0.02880859375
53 0.2158203125 0.48193359375 0.021484375 0.02978515625
61 0.24560546875 0.482421875 0.02001953125 0.02978515625
52 0.27587890625 0.48193359375 0.017578125 0.02880859375
38 0.30322265625 0.4814453125 0.01708984375 0.02783203125
43 0.3330078125 0.48486328125 0.01806640625 0.03173828125
58 0.36181640625 0.48486328125 0.01806640625 0.03125
59 0.3916015625 0.484375 0.01806640625 0.02978515625
54 0.0966796875 0.576171875 0.01953125 0.02685546875
54 0.1845703125 0.5751953125 0.01953125 0.03076171875
54 0.27197265625 0.57568359375 0.01953125 0.03076171875
54 0.33154296875 0.576171875 0.01953125 0.03076171875
54 0.41748046875 0.5771484375 0.01953125 0.03076171875
54 0.09326171875 0.66845703125 0.01953125 0.03076171875
54 0.1806640625 0.66845703125 0.01953125 0.03076171875
54 0.26806640625 0.66845703125 0.01953125 0.03076171875
54 0.3564453125 0.66796875 0.01953125 0.03076171875
54 0.4443359375 0.669921875 0.01953125 0.03076171875
54 0.091796875 0.71533203125 0.01953125 0.03076171875
0 0.1259765625 0.57470703125 0.01953125 0.03076171875
1 0.21435546875 0.57470703125 0.01953125 0.03076171875
2 0.30078125 0.57568359375 0.01953125 0.03076171875
3 0.359375 0.57568359375 0.01953125 0.03076171875
4 0.44580078125 0.57666015625 0.01953125 0.03076171875
5 0.53076171875 0.5791015625 0.01953125 0.03076171875
1 0.1201171875 0.66748046875 0.01953125 0.03076171875
3 0.21044921875 0.66748046875 0.01953125 0.03076171875
4 0.29736328125 0.6689453125 0.01953125 0.03076171875
2 0.38525390625 0.6669921875 0.01953125 0.03076171875
5 0.4716796875 0.67041015625 0.01953125 0.03076171875
6 0.5615234375 0.6708984375 0.01953125 0.03076171875
54 0.5322265625 0.669921875 0.01953125 0.03076171875
0 0.12109375 0.71435546875 0.01953125 0.03076171875
52 0.08447265625 0.85888671875 0.01953125 0.03125
37 0.11376953125 0.857421875 0.017578125 0.0302734375
46 0.14306640625 0.85888671875 0.0205078125 0.03271484375
37 0.173828125 0.859375 0.01953125 0.0322265625
53 0.2021484375 0.86181640625 0.0185546875 0.03173828125
41 0.23095703125 0.8623046875 0.01904296875 0.03125
37 0.26123046875 0.86181640625 0.01953125 0.0302734375
53 0.29052734375 0.8623046875 0.0205078125 0.033203125
46 0.322265625 0.86376953125 0.02001953125 0.033203125
61 0.380859375 0.86474609375 0.021484375 0.03369140625
52 0.41064453125 0.86279296875 0.0224609375 0.0322265625
37 0.4404296875 0.8642578125 0.02294921875 0.03125
46 0.47216796875 0.86474609375 0.02001953125 0.03369140625
37 0.5009765625 0.86474609375 0.021484375 0.03173828125
50 0.0849609375 0.90625 0.02392578125 0.033203125
61 0.11328125 0.9072265625 0.0224609375 0.0341796875
52 0.14208984375 0.908203125 0.02001953125 0.033203125
61 0.1708984375 0.908203125 0.0205078125 0.03271484375
59 0.2001953125 0.91015625 0.0205078125 0.03515625
60 0.22998046875 0.91064453125 0.02099609375 0.03466796875
37 0.25927734375 0.9111328125 0.02001953125 0.03515625
50 0.31884765625 0.9130859375 0.0185546875 0.033203125
37 0.35009765625 0.91357421875 0.02001953125 0.033203125
65 0.38037109375 0.91357421875 0.0205078125 0.0341796875
55 0.41064453125 0.9150390625 0.0205078125 0.0341796875
44 0.5634765625 0.2197265625 0.021484375 0.02734375
42 0.53564453125 0.21875 0.01953125 0.02734375
53 0.619140625 0.21923828125 0.02001953125 0.02734375
46 0.64794921875 0.21875 0.0185546875 0.02880859375
55 0.705078125 0.220703125 0.0205078125 0.02880859375
56 0.73388671875 0.22021484375 0.02197265625 0.03173828125
57 0.76123046875 0.22021484375 0.017578125 0.02880859375
58 0.7890625 0.22119140625 0.01904296875 0.02978515625
59 0.8173828125 0.2216796875 0.0205078125 0.02685546875
60 0.845703125 0.2216796875 0.01904296875 0.02734375
61 0.8740234375 0.22119140625 0.0224609375 0.02783203125
47 0.59228515625 0.35302734375 0.01708984375 0.02880859375
48 0.64599609375 0.3525390625 0.01806640625 0.02783203125
49 0.70458984375 0.35400390625 0.0185546875 0.0283203125
50 0.7626953125 0.353515625 0.02099609375 0.02978515625
51 0.81982421875 0.35205078125 0.0205078125 0.029296875
52 0.87646484375 0.35302734375 0.021484375 0.02978515625
60 0.6171875 0.39697265625 0.01953125 0.0283203125
61 0.67578125 0.3984375 0.01953125 0.02783203125
62 0.732421875 0.3984375 0.021484375 0.029296875
63 0.79052734375 0.400390625 0.0205078125 0.0302734375
54 0.58935546875 0.57958984375 0.01953125 0.03076171875
54 0.67626953125 0.580078125 0.01953125 0.03076171875
54 0.76513671875 0.58251953125 0.01953125 0.03076171875
54 0.85400390625 0.58447265625 0.01953125 0.03076171875
54 0.61865234375 0.671875 0.01953125 0.03076171875
54 0.70751953125 0.6728515625 0.01953125 0.03076171875
54 0.796875 0.67724609375 0.01953125 0.03076171875
6 0.6171875 0.5791015625 0.01806640625 0.029296875
7 0.70556640625 0.58154296875 0.01953125 0.0302734375
8 0.79248046875 0.58251953125 0.01904296875 0.02978515625
9 0.8818359375 0.58447265625 0.0185546875 0.0322265625
7 0.6484375 0.67138671875 0.0185546875 0.02978515625
8 0.7353515625 0.67236328125 0.01953125 0.033203125
9 0.82470703125 0.67626953125 0.021484375 0.033203125
59 0.5595703125 0.86474609375 0.021484375 0.03125
37 0.58740234375 0.8642578125 0.017578125 0.0302734375
48 0.64990234375 0.8662109375 0.01953125 0.0341796875
53 0.6796875 0.86669921875 0.01904296875 0.033203125
65 0.70947265625 0.8681640625 0.02197265625 0.03125
55 0.73974609375 0.86865234375 0.0185546875 0.03271484375
54 0.5 0.58056640625 0.01953125 0.03076171875