52 0.140625 0.380615234375 0.07080078125 0.11328125
37 0.22998046875 0.389404296875 0.07080078125 0.11328125
46 0.32470703125 0.3984375 0.07080078125 0.11328125
37 0.41259765625 0.40283203125 0.07080078125 0.11328125
53 0.50732421875 0.4013671875 0.07080078125 0.11328125
41 0.59765625 0.40185546875 0.07080078125 0.11328125
37 0.6953125 0.410888671875 0.07080078125 0.11328125
53 0.787109375 0.412841796875 0.07080078125 0.11328125
46 0.88330078125 0.424560546875 0.07080078125 0.11328125
37 0.96337890625 0.567626953125 0.07080078125 0.11328125
50 0.87109375 0.567138671875 0.07080078125 0.11328125
41 0.68994140625 0.5576171875 0.07080078125 0.11328125
60 0.59228515625 0.55419921875 0.07080078125 0.11328125
59 0.5029296875 0.5517578125 0.07080078125 0.11328125
61 0.4111328125 0.54833984375 0.07080078125 0.11328125
52 0.31494140625 0.5419921875 0.07080078125 0.11328125
61 0.22607421875 0.533447265625 0.07080078125 0.11328125
50 0.13525390625 0.530029296875 0.07080078125 0.11328125