56 0.470703125 0.347900390625 0.0673828125 0.09326171875
56 0.470703125 0.347900390625 0.0673828125 0.09326171875
55 0.38330078125 0.348388671875 0.0673828125 0.09326171875
57 0.55224609375 0.345947265625 0.0673828125 0.09326171875
58 0.63818359375 0.346435546875 0.0673828125 0.09326171875
59 0.72265625 0.342529296875 0.0673828125 0.09326171875
60 0.814453125 0.342041015625 0.0673828125 0.09326171875
61 0.89892578125 0.343505859375 0.0673828125 0.09326171875
53 0.12646484375 0.346923828125 0.0673828125 0.09326171875
46 0.21240234375 0.342041015625 0.0673828125 0.09326171875
48 0.2119140625 0.760009765625 0.0673828125 0.09326171875
49 0.3935546875 0.763427734375 0.0673828125 0.09326171875
50 0.56494140625 0.766845703125 0.0673828125 0.09326171875
51 0.7373046875 0.763916015625 0.0673828125 0.09326171875
52 0.91943359375 0.75927734375 0.07177734375 0.11279296875
60 0.1220703125 0.913330078125 0.0673828125 0.09326171875
61 0.30322265625 0.912353515625 0.07666015625 0.10498046875
62 0.4794921875 0.911865234375 0.07666015625 0.10498046875
63 0.66015625 0.90673828125 0.07666015625 0.10498046875