54 0.0595703125 0.371826171875 0.080078125 0.1220703125
6 0.157958984375 0.36865234375 0.080078125 0.1220703125
54 0.368408203125 0.359619140625 0.080078125 0.1220703125
7 0.46484375 0.3564453125 0.080078125 0.1220703125
54 0.656494140625 0.350830078125 0.080078125 0.1220703125
8 0.752685546875 0.34765625 0.080078125 0.1220703125
54 0.932373046875 0.343505859375 0.080078125 0.1220703125
54 0.743408203125 0.634765625 0.0810546875 0.1103515625
9 0.832763671875 0.630859375 0.0810546875 0.1103515625
54 0.472412109375 0.6533203125 0.0810546875 0.1103515625
8 0.569091796875 0.642333984375 0.07470703125 0.1103515625
54 0.189453125 0.673828125 0.07470703125 0.1103515625
7 0.28662109375 0.667236328125 0.07470703125 0.1103515625