54 0.05761 0.11823666666666666 0.041613333333333336 0.05675666666666667
51 0.10962666666666666 0.03756333333333333 0.041613333333333336 0.05675666666666667
52 0.15358 0.03444 0.03797333333333333 0.05571666666666667
53 0.20351666666666665 0.03288 0.03797333333333333 0.05571666666666667
50 0.057350000000000005 0.04172666666666667 0.03797333333333333 0.05571666666666667
54 0.15436 0.11250999999999999 0.041613333333333336 0.05675666666666667
54 0.25007 0.11355 0.041613333333333336 0.05675666666666667
43 0.059173333333333335 0.18948 0.041613333333333336 0.05675666666666667
43 0.1069 0.27168333333333333 0.041613333333333336 0.05675666666666667
45 0.20470000000000002 0.2669866666666667 0.041613333333333336 0.05675666666666667
46 0.30484666666666665 0.26229 0.041613333333333336 0.05675666666666667
47 0.4049933333333333 0.2630733333333333 0.041613333333333336 0.05675666666666667
48 0.5059233333333333 0.25994333333333336 0.041613333333333336 0.05675666666666667
56 0.059173333333333335 0.3538866666666667 0.041613333333333336 0.05675666666666667
57 0.16010333333333335 0.3531033333333333 0.041613333333333336 0.05675666666666667
58 0.25555666666666665 0.34919 0.041613333333333336 0.05675666666666667
59 0.35844 0.34880000000000005 0.042396666666666666 0.05910666666666666
60 0.45702333333333334 0.34567 0.042396666666666666 0.05910666666666666
49 0.6084166666666667 0.25916 0.041613333333333336 0.05675666666666667
50 0.7085633333333333 0.25837666666666664 0.041613333333333336 0.05675666666666667
50 0.80558 0.25681 0.041613333333333336 0.05675666666666667
52 0.9025966666666666 0.2560266666666667 0.041613333333333336 0.05675666666666667
63 0.7586366666666666 0.33979333333333334 0.041613333333333336 0.05675666666666667
62 0.6592733333333333 0.34136 0.041613333333333336 0.05675666666666667
61 0.5559966666666667 0.34214333333333335 0.041613333333333336 0.05675666666666667
59 0.06856333333333334 0.5112433333333334 0.041613333333333336 0.05675666666666667
58 0.020806666666666668 0.5112433333333334 0.041613333333333336 0.05675666666666667
54 0.12254999999999999 0.6670366666666666 0.041613333333333336 0.05675666666666667
3 0.027096666666666668 0.6693866666666667 0.041613333333333336 0.05675666666666667
54 0.27042 0.6654733333333334 0.041613333333333336 0.05675666666666667
54 0.03648666666666667 0.81735 0.041613333333333336 0.05675666666666667
54 0.17966666666666667 0.815 0.041613333333333336 0.05675666666666667
4 0.17106 0.6662533333333334 0.041613333333333336 0.05675666666666667
5 0.3189333333333333 0.66234 0.041613333333333336 0.05675666666666667
6 0.4660233333333333 0.6607733333333333 0.041613333333333336 0.05675666666666667
54 0.41594666666666663 0.66156 0.041613333333333336 0.05675666666666667
54 0.3275366666666667 0.8157866666666667 0.041613333333333336 0.05675666666666667
6 0.3729166666666667 0.8118733333333333 0.041613333333333336 0.05675666666666667
54 0.5646033333333333 0.6592100000000001 0.041613333333333336 0.05675666666666667
54 0.47306333333333334 0.8095233333333334 0.04317666666666667 0.05675666666666667
54 0.61546 0.8048266666666667 0.04317666666666667 0.05675666666666667
54 0.7641166666666667 0.8040433333333333 0.04317666666666667 0.05675666666666667
54 0.7116966666666668 0.6568633333333334 0.04317666666666667 0.05675666666666667
8 0.76177 0.65608 0.04317666666666667 0.05675666666666667
7 0.61468 0.6576466666666667 0.04004666666666667 0.05675666666666667
7 0.52001 0.8103066666666667 0.04004666666666667 0.05675666666666667
8 0.6639700000000001 0.8071766666666668 0.04004666666666667 0.05675666666666667
9 0.8118433333333334 0.8032600000000001 0.04317666666666667 0.05675666666666667
9 0.9127733333333334 0.6521633333333333 0.04317666666666667 0.05675666666666667
54 0.8564400000000001 0.6513833333333333 0.04317666666666667 0.05675666666666667
5 0.22817333333333334 0.8142166666666667 0.041613333333333336 0.05675666666666667
2 0.08186666666666667 0.8189166666666666 0.041613333333333336 0.05675666666666667