40 0.166015625 0.05859375 0.03466796875 0.060546875
24 0.220703125 0.059814453125 0.03466796875 0.060546875
48 0.27685546875 0.058837890625 0.03466796875 0.060546875
53 0.38818359375 0.058837890625 0.03466796875 0.060546875
61 0.4423828125 0.058349609375 0.03466796875 0.060546875
52 0.4990234375 0.05908203125 0.03466796875 0.060546875
38 0.55322265625 0.059814453125 0.03466796875 0.060546875
43 0.6142578125 0.060302734375 0.03466796875 0.060546875
58 0.6689453125 0.0615234375 0.03466796875 0.060546875
59 0.72607421875 0.061279296875 0.03466796875 0.060546875
54 0.16162109375 0.2392578125 0.03466796875 0.060546875
54 0.16064453125 0.41455078125 0.03466796875 0.060546875
54 0.158203125 0.50341796875 0.03466796875 0.060546875
54 0.33154296875 0.2392578125 0.03466796875 0.060546875
54 0.32421875 0.4150390625 0.03466796875 0.060546875
54 0.49755859375 0.24658203125 0.03466796875 0.060546875
54 0.494140625 0.4208984375 0.03466796875 0.060546875
54 0.61181640625 0.245849609375 0.03466796875 0.060546875
54 0.66357421875 0.419921875 0.03466796875 0.060546875
54 0.77685546875 0.247314453125 0.03466796875 0.060546875
54 0.833984375 0.4228515625 0.03466796875 0.060546875
54 0.947265625 0.248291015625 0.03466796875 0.060546875
0 0.21826171875 0.238525390625 0.03466796875 0.060546875
1 0.38427734375 0.239990234375 0.03466796875 0.060546875
2 0.55322265625 0.243896484375 0.03466796875 0.060546875
3 0.6650390625 0.2421875 0.03466796875 0.060546875
4 0.833984375 0.24462890625 0.03466796875 0.060546875
1 0.21240234375 0.413330078125 0.03466796875 0.060546875
3 0.3818359375 0.417236328125 0.03466796875 0.060546875
4 0.55322265625 0.419677734375 0.03466796875 0.060546875
2 0.7158203125 0.418701171875 0.03466796875 0.060546875
5 0.8916015625 0.427001953125 0.03466796875 0.060546875
0 0.21240234375 0.505126953125 0.03466796875 0.060546875
52 0.146484375 0.772216796875 0.04052734375 0.060546875
37 0.20361328125 0.773193359375 0.04052734375 0.060546875
46 0.2587890625 0.771484375 0.04052734375 0.060546875
37 0.3154296875 0.7724609375 0.04052734375 0.060546875
53 0.3720703125 0.774169921875 0.04052734375 0.060546875
41 0.42626953125 0.77392578125 0.04052734375 0.060546875
37 0.48779296875 0.7734375 0.04052734375 0.060546875
53 0.5419921875 0.776611328125 0.04052734375 0.060546875
46 0.5986328125 0.7763671875 0.04052734375 0.060546875
61 0.7138671875 0.780517578125 0.04052734375 0.060546875
52 0.7685546875 0.779296875 0.04052734375 0.060546875
37 0.82275390625 0.77978515625 0.04052734375 0.060546875
46 0.88525390625 0.781982421875 0.04052734375 0.060546875
37 0.9453125 0.780517578125 0.04052734375 0.060546875
50 0.14306640625 0.864013671875 0.04052734375 0.060546875
61 0.2001953125 0.864013671875 0.04052734375 0.060546875
52 0.25732421875 0.8662109375 0.04052734375 0.060546875
61 0.31201171875 0.866943359375 0.04052734375 0.060546875
59 0.36865234375 0.867431640625 0.04052734375 0.060546875
60 0.42724609375 0.86865234375 0.04052734375 0.060546875
37 0.484375 0.8681640625 0.04052734375 0.060546875
50 0.59716796875 0.873046875 0.04052734375 0.060546875
37 0.65478515625 0.87060546875 0.04052734375 0.060546875
65 0.71142578125 0.871337890625 0.04052734375 0.060546875
55 0.7705078125 0.87353515625 0.04052734375 0.060546875