54 0.163818359375 0.21533203125 0.04052734375 0.0703125
54 0.349853515625 0.216552734375 0.0400390625 0.07080078125
54 0.539306640625 0.2138671875 0.0341796875 0.06787109375
54 0.723388671875 0.211181640625 0.04052734375 0.06640625
54 0.908447265625 0.212646484375 0.0380859375 0.064453125
5 0.221923828125 0.213623046875 0.0419921875 0.06591796875
6 0.411865234375 0.21484375 0.03857421875 0.0703125
7 0.599365234375 0.212158203125 0.0390625 0.06689453125
8 0.784423828125 0.21044921875 0.03662109375 0.06591796875
9 0.969970703125 0.209716796875 0.04052734375 0.06298828125
61 0.0556640625 0.611083984375 0.04345703125 0.064453125
52 0.11474609375 0.611572265625 0.03955078125 0.064453125
37 0.17626953125 0.612548828125 0.04052734375 0.06787109375
46 0.23828125 0.611572265625 0.0400390625 0.0673828125
37 0.296875 0.60888671875 0.03564453125 0.064453125
59 0.419677734375 0.607421875 0.0400390625 0.064453125
37 0.480224609375 0.60693359375 0.03955078125 0.06298828125
48 0.600830078125 0.606201171875 0.0400390625 0.0595703125
53 0.661376953125 0.605224609375 0.03857421875 0.0625
65 0.720458984375 0.606201171875 0.04052734375 0.0654296875
55 0.781494140625 0.604248046875 0.03857421875 0.0615234375
65 0.0615234375 0.7060546875 0.04296875 0.06591796875
55 0.12158203125 0.7060546875 0.0419921875 0.064453125