55 0.03199 0.2366066666666667 0.03641 0.05004
59 0.11365666666666667 0.23088666666666666 0.03641 0.05004
56 0.15787 0.22828666666666667 0.03641 0.05004
50 0.033030000000000004 0.37856666666666666 0.03641 0.05004
39 0.24473666666666669 0.22308666666666666 0.03641 0.05004
43 0.29103 0.21996666666666667 0.03641 0.05004
37 0.20156333333333334 0.22568666666666665 0.03641 0.05004
51 0.07415 0.3776333333333334 0.03641 0.05004
52 0.11620333333333334 0.37576333333333334 0.03641 0.05004
53 0.15919333333333333 0.3720266666666666 0.03641 0.05004
42 0.24891 0.36735666666666666 0.03641 0.05004
44 0.29283333333333333 0.36828999999999995 0.03641 0.05004
53 0.38442 0.3654866666666667 0.03641 0.05004
46 0.42927666666666664 0.36361999999999994 0.03641 0.05004
55 0.5199266666666666 0.36175 0.03641 0.05004
56 0.5647866666666667 0.3575466666666667 0.03641 0.05097333333333333
57 0.6124466666666667 0.3580133333333333 0.03641 0.05004
58 0.65637 0.35708 0.03641 0.05004
59 0.70123 0.35521 0.03641 0.05004
60 0.74466 0.35596000000000005 0.03641 0.05004
61 0.7892833333333333 0.3548633333333333 0.03641 0.05004
54 0.2078033333333333 0.4451266666666667 0.03641 0.05004
54 0.12041666666666667 0.44720666666666664 0.03641 0.05004
54 0.03199 0.4498066666666667 0.03641 0.05004
43 0.07806 0.5878 0.03641 0.05004
45 0.16486 0.5859533333333333 0.03641 0.05004
46 0.2572 0.5831833333333333 0.03641 0.05004
47 0.34676999999999997 0.5804166666666667 0.03641 0.05004
48 0.43726333333333334 0.5776466666666666 0.03641 0.05004
49 0.5277533333333333 0.5739533333333333 0.03641 0.05004
50 0.6164000000000001 0.5739533333333333 0.03641 0.05004
51 0.7047266666666666 0.5726266666666667 0.03641 0.05004
52 0.7973866666666666 0.56657 0.03641 0.05004
56 0.03512333333333333 0.6634933333333334 0.037333333333333336 0.055580000000000004
57 0.12238333333333333 0.6625733333333333 0.03641 0.05004
58 0.21195333333333333 0.6598033333333334 0.03641 0.05004
59 0.3024466666666667 0.6556500000000001 0.04010333333333333 0.058346666666666665
60 0.39293999999999996 0.6524166666666666 0.03641 0.05004
61 0.48435666666666666 0.6514933333333334 0.03641 0.05004
62 0.573 0.6496466666666667 0.03641 0.05004
63 0.66425 0.6477733333333333 0.03641 0.05004
59 0.04666666666666667 0.8042699999999999 0.04010333333333333 0.058346666666666665
54 0.09533 0.94441 0.04010333333333333 0.058346666666666665
4 0.14024 0.94341 0.037366666666666666 0.056293333333333334
54 0.22702333333333335 0.9400033333333334 0.04010333333333333 0.058346666666666665
5 0.27262000000000003 0.9420266666666667 0.04010333333333333 0.058346666666666665
54 0.35975999999999997 0.9379766666666666 0.04010333333333333 0.058346666666666665
6 0.40636999999999995 0.9379766666666666 0.04010333333333333 0.058346666666666665
54 0.4965466666666667 0.93595 0.04010333333333333 0.058346666666666665
7 0.5401166666666667 0.9339233333333333 0.04010333333333333 0.058346666666666665
54 0.6262433333333334 0.9268333333333333 0.04010333333333333 0.058346666666666665
8 0.6738666666666666 0.9308866666666666 0.04010333333333333 0.058346666666666665
54 0.7606633333333332 0.9227633333333333 0.036930000000000004 0.05676
9 0.8068766666666667 0.92241 0.034550000000000004 0.058346666666666665