54 0.059326171875 0.06103515625 0.05126953125 0.06396484375
54 0.252685546875 0.06005859375 0.05126953125 0.06396484375
54 0.453369140625 0.05908203125 0.05126953125 0.06396484375
54 0.652587890625 0.06005859375 0.05126953125 0.06396484375
54 0.85595703125 0.0634765625 0.05126953125 0.06396484375
3 0.125244140625 0.0595703125 0.04150390625 0.06298828125
4 0.324462890625 0.05908203125 0.04248046875 0.06396484375
2 0.521240234375 0.05712890625 0.044921875 0.06982421875
5 0.720458984375 0.05908203125 0.04248046875 0.06640625
6 0.92138671875 0.06298828125 0.0380859375 0.0654296875
53 0.090576171875 0.474609375 0.046875 0.0732421875
41 0.160888671875 0.474609375 0.0458984375 0.07080078125
37 0.229248046875 0.474609375 0.046875 0.06884765625
53 0.302490234375 0.4775390625 0.05126953125 0.0751953125
46 0.372802734375 0.4794921875 0.046875 0.07666015625
61 0.516357421875 0.48095703125 0.05224609375 0.07080078125
52 0.590087890625 0.47998046875 0.05224609375 0.0751953125
37 0.658447265625 0.4794921875 0.046875 0.07177734375
46 0.734130859375 0.48095703125 0.05029296875 0.07763671875
37 0.807861328125 0.478515625 0.0458984375 0.06982421875
59 0.9501953125 0.4853515625 0.0478515625 0.06884765625
59 0.087890625 0.58935546875 0.04931640625 0.0810546875
60 0.15966796875 0.591796875 0.0478515625 0.0810546875
37 0.2294921875 0.59033203125 0.05224609375 0.0810546875
50 0.373046875 0.59423828125 0.0478515625 0.07958984375
37 0.44580078125 0.59326171875 0.0537109375 0.08203125
65 0.515625 0.59814453125 0.04931640625 0.0810546875
55 0.58544921875 0.59716796875 0.046875 0.07861328125