54 0.08251953125 0.91162109375 0.0322265625 0.05322265625
5 0.123046875 0.910888671875 0.0322265625 0.05322265625
54 0.2109375 0.914306640625 0.0322265625 0.05322265625
6 0.25341796875 0.9169921875 0.0322265625 0.05322265625
54 0.34619140625 0.91357421875 0.0322265625 0.05322265625
54 0.3017578125 0.773681640625 0.0322265625 0.05322265625
54 0.16748046875 0.77294921875 0.0322265625 0.05322265625
54 0.03662109375 0.774658203125 0.0322265625 0.05322265625
54 0.4345703125 0.7734375 0.0322265625 0.05322265625
54 0.478515625 0.91259765625 0.0322265625 0.05322265625
54 0.5673828125 0.771484375 0.0322265625 0.05322265625
54 0.615234375 0.913818359375 0.0322265625 0.05322265625
54 0.70166015625 0.772216796875 0.0322265625 0.05322265625
9 0.74560546875 0.77294921875 0.0322265625 0.05322265625
9 0.6572265625 0.91455078125 0.0322265625 0.05322265625
8 0.6103515625 0.774169921875 0.0322265625 0.05322265625
8 0.52294921875 0.915283203125 0.0322265625 0.05322265625
7 0.4775390625 0.774169921875 0.0322265625 0.05322265625
7 0.38916015625 0.916259765625 0.0322265625 0.05322265625
6 0.34375 0.77294921875 0.0322265625 0.05322265625
5 0.212890625 0.772216796875 0.0322265625 0.05322265625
4 0.08251953125 0.771484375 0.0322265625 0.05322265625
57 0.08154296875 0.4892578125 0.0322265625 0.0498046875
58 0.1669921875 0.4912109375 0.0322265625 0.0498046875
59 0.25732421875 0.490234375 0.0322265625 0.0498046875
46 0.21044921875 0.420654296875 0.0322265625 0.0498046875
48 0.38916015625 0.420166015625 0.0322265625 0.0498046875
45 0.125 0.419189453125 0.0322265625 0.0498046875
49 0.4755859375 0.418701171875 0.0322265625 0.0498046875
60 0.34326171875 0.4921875 0.0322265625 0.0498046875
61 0.431640625 0.4912109375 0.0322265625 0.0498046875
47 0.30029296875 0.419677734375 0.0322265625 0.0498046875
50 0.5634765625 0.419189453125 0.0322265625 0.0498046875
51 0.64990234375 0.41796875 0.0322265625 0.0498046875
52 0.73583984375 0.41650390625 0.0322265625 0.0498046875
62 0.51953125 0.48974609375 0.0322265625 0.0498046875
63 0.607421875 0.489501953125 0.0322265625 0.0498046875
44 0.260009765625 0.212890625 0.03173828125 0.04443359375
42 0.217041015625 0.213134765625 0.03173828125 0.04443359375
53 0.131103515625 0.214111328125 0.03173828125 0.04443359375
52 0.087158203125 0.2158203125 0.03173828125 0.04443359375
51 0.046630859375 0.217041015625 0.03173828125 0.04443359375
54 0.087158203125 0.2841796875 0.03173828125 0.04443359375
54 0.171142578125 0.2822265625 0.03173828125 0.04443359375
53 0.343505859375 0.2119140625 0.03173828125 0.04443359375
46 0.388916015625 0.211181640625 0.03173828125 0.04443359375
55 0.474365234375 0.212158203125 0.03173828125 0.04443359375
56 0.517333984375 0.21142578125 0.03173828125 0.04443359375
57 0.559814453125 0.210693359375 0.03173828125 0.04443359375
58 0.600830078125 0.21142578125 0.03173828125 0.04443359375
59 0.647216796875 0.210205078125 0.03173828125 0.04443359375
60 0.693115234375 0.210693359375 0.03173828125 0.04443359375
61 0.735595703125 0.21044921875 0.03173828125 0.04443359375