58 0.08055666666666667 0.28111 0.05 0.08
59 0.15222333333333335 0.2783333333333333 0.048889999999999996 0.08333333333333333
53 0.30055666666666664 0.28111 0.05 0.08222333333333333
55 0.37277666666666665 0.28111 0.05 0.08
59 0.52 0.2816666666666667 0.05111 0.07889
56 0.5916666666666667 0.28111 0.04555666666666666 0.08444333333333334
37 0.66111 0.2805566666666667 0.04666666666666667 0.08111
39 0.7327766666666666 0.2805566666666667 0.05444333333333334 0.07889
43 0.8016666666666666 0.2805566666666667 0.043333333333333335 0.07666666666666666
45 0.030556666666666666 0.51111 0.05222333333333333 0.07555666666666666
46 0.10055666666666667 0.5094433333333334 0.04777666666666667 0.07444333333333333
47 0.17 0.5077766666666667 0.04666666666666667 0.07555666666666666
48 0.24166666666666667 0.50611 0.04555666666666666 0.07222333333333333
49 0.31111 0.5077766666666667 0.044443333333333335 0.07555666666666666
50 0.3805566666666667 0.5055566666666667 0.043333333333333335 0.07333333333333333
51 0.44889 0.505 0.042223333333333335 0.07
52 0.5166666666666667 0.5055566666666667 0.048889999999999996 0.06888999999999999
53 0.58111 0.5033333333333333 0.042223333333333335 0.07333333333333333
42 0.7177766666666666 0.5038900000000001 0.04666666666666667 0.07222333333333333
44 0.7827766666666667 0.5044433333333334 0.04555666666666666 0.07333333333333333
53 0.9155566666666667 0.5044433333333334 0.044443333333333335 0.07111
46 0.9783333333333334 0.5038900000000001 0.04111 0.06777666666666667
40 0.11555666666666667 0.6119433333333333 0.04555666666666666 0.065
40 0.18277666666666667 0.6141666666666666 0.04555666666666666 0.059443333333333334
40 0.2502766666666667 0.615 0.04389 0.05889
54 0.385 0.6094433333333333 0.042223333333333335 0.06444333333333334
54 0.5155566666666667 0.6080566666666667 0.04111 0.065
54 0.645 0.6072233333333333 0.03889 0.06444333333333334
59 0.12305666666666668 0.7069433333333333 0.03833333333333333 0.06277666666666668
56 0.185 0.7058333333333333 0.043333333333333335 0.059443333333333334
37 0.25111 0.70361 0.03889 0.059443333333333334
39 0.31944333333333336 0.7022233333333333 0.03889 0.05889
43 0.38389 0.7022233333333333 0.04111 0.06222333333333333
38 0.06638999999999999 0.7997233333333333 0.04277666666666667 0.06277666666666668
39 0.19472333333333333 0.7983333333333333 0.04277666666666667 0.061110000000000005
41 0.32194333333333336 0.7977766666666667 0.04277666666666667 0.06222333333333333
43 0.44916666666666666 0.7958333333333333 0.041666666666666664 0.06166666666666667
45 0.5747233333333334 0.7905566666666667 0.040556666666666664 0.05777666666666667
46 0.6991666666666667 0.7897233333333333 0.03833333333333333 0.06055666666666666
47 0.8222233333333333 0.79139 0.03777666666666667 0.06055666666666666
48 0.9430566666666667 0.79 0.040556666666666664 0.061110000000000005
53 0.08111 0.8866666666666667 0.042223333333333335 0.05777666666666667
46 0.145 0.8844433333333334 0.04 0.055556666666666664
55 0.2647233333333333 0.88361 0.040556666666666664 0.059443333333333334
56 0.38889 0.8805566666666667 0.04111 0.05777666666666667
57 0.51111 0.8802766666666666 0.04 0.05722333333333333
58 0.6316666666666667 0.8783333333333333 0.03777666666666667 0.05777666666666667
59 0.7516666666666667 0.8791666666666667 0.04111 0.05722333333333333
60 0.8705566666666666 0.8766666666666667 0.042223333333333335 0.055556666666666664
61 0.98389 0.875 0.03 0.056666666666666664