38 0.31591796875 0.02587890625 0.0302734375 0.048828125
39 0.365234375 0.02294921875 0.0302734375 0.04541015625
41 0.40966796875 0.025390625 0.03271484375 0.05078125
43 0.45556640625 0.02587890625 0.0341796875 0.05126953125
45 0.5009765625 0.02587890625 0.03466796875 0.0517578125
46 0.5498046875 0.025390625 0.0341796875 0.05078125
47 0.59912109375 0.02490234375 0.03564453125 0.0498046875
48 0.64697265625 0.02392578125 0.02783203125 0.0478515625
49 0.697265625 0.025390625 0.03271484375 0.04931640625
50 0.74169921875 0.0263671875 0.03173828125 0.048828125
51 0.791015625 0.02685546875 0.03369140625 0.0517578125
52 0.84423828125 0.02783203125 0.03466796875 0.0537109375
53 0.89404296875 0.0302734375 0.0361328125 0.048828125
63 0.3125 0.09814453125 0.0390625 0.056640625
64 0.35791015625 0.09765625 0.0390625 0.05078125
65 0.4033203125 0.0986328125 0.03271484375 0.0546875
66 0.4501953125 0.09912109375 0.0341796875 0.046875
40 0.54833984375 0.10498046875 0.03076171875 0.046875
40 0.59619140625 0.10595703125 0.03125 0.04638671875
40 0.642578125 0.1044921875 0.03076171875 0.04736328125
54 0.7392578125 0.10595703125 0.03125 0.0537109375
54 0.83837890625 0.109375 0.03466796875 0.05126953125
54 0.9404296875 0.111328125 0.033203125 0.0498046875
63 0.30615234375 0.16748046875 0.03564453125 0.048828125
48 0.3525390625 0.1650390625 0.03515625 0.04638671875
60 0.39794921875 0.1669921875 0.03515625 0.046875
47 0.44580078125 0.1689453125 0.03076171875 0.048828125
59 0.5390625 0.17236328125 0.03173828125 0.046875
56 0.5888671875 0.1708984375 0.03271484375 0.0478515625
37 0.6357421875 0.171875 0.02880859375 0.04736328125
39 0.6884765625 0.1728515625 0.03271484375 0.044921875
43 0.73876953125 0.17529296875 0.03271484375 0.04638671875
38 0.2978515625 0.23828125 0.03271484375 0.044921875
37 0.39111328125 0.24072265625 0.02978515625 0.04541015625
38 0.4853515625 0.2451171875 0.03173828125 0.0478515625
39 0.5849609375 0.24658203125 0.033203125 0.04541015625
41 0.68359375 0.25146484375 0.03173828125 0.05029296875
43 0.779296875 0.25732421875 0.03271484375 0.05029296875
45 0.8837890625 0.26123046875 0.0322265625 0.0498046875
46 0.9814453125 0.26904296875 0.033203125 0.0517578125
42 0.34228515625 0.318359375 0.0322265625 0.04931640625
44 0.3896484375 0.31982421875 0.03173828125 0.04833984375
53 0.482421875 0.326171875 0.0302734375 0.05126953125
46 0.53173828125 0.328125 0.03173828125 0.0478515625
55 0.62646484375 0.333984375 0.03271484375 0.052734375
56 0.7275390625 0.33544921875 0.03564453125 0.05224609375
57 0.8271484375 0.34228515625 0.04150390625 0.0537109375
58 0.92529296875 0.34814453125 0.03955078125 0.0556640625
66 0.33544921875 0.3955078125 0.0400390625 0.05419921875
24 0.28564453125 0.46484375 0.0390625 0.0546875
53 0.427734375 0.47265625 0.03857421875 0.05517578125
61 0.47412109375 0.4755859375 0.03759765625 0.05322265625
52 0.52099609375 0.4775390625 0.03759765625 0.052734375
38 0.56640625 0.47998046875 0.03515625 0.05078125
43 0.619140625 0.48193359375 0.03515625 0.0537109375
58 0.66552734375 0.48876953125 0.03759765625 0.05908203125
59 0.7158203125 0.490234375 0.04052734375 0.0556640625
54 0.23291015625 0.61279296875 0.0380859375 0.05029296875
54 0.5126953125 0.63232421875 0.03515625 0.0556640625
54 0.607421875 0.63818359375 0.03466796875 0.056640625
54 0.7548828125 0.64990234375 0.04052734375 0.052734375
54 0.90087890625 0.66015625 0.03857421875 0.05517578125
54 0.9345703125 0.80859375 0.03369140625 0.0478515625
0 0.2705078125 0.8349609375 0.03125 0.04541015625
1 0.41748046875 0.62353515625 0.0302734375 0.05126953125
2 0.56005859375 0.6357421875 0.03076171875 0.0546875
3 0.6572265625 0.640625 0.03662109375 0.052734375
4 0.8017578125 0.65234375 0.03564453125 0.0537109375
5 0.95068359375 0.65966796875 0.0390625 0.056640625
6 0.982421875 0.80859375 0.033203125 0.04736328125
37 0.25341796875 0.23779296875 0.02978515625 0.04541015625
37 0.2744140625 0.0234375 0.02978515625 0.04541015625
40 0.2626953125 0.1708984375 0.03076171875 0.046875
62 0.267578125 0.09912109375 0.0390625 0.056640625
53 0.248046875 0.31396484375 0.0361328125 0.048828125
65 0.2431640625 0.390625 0.0361328125 0.048828125
40 0.24072265625 0.46337890625 0.0341796875 0.0517578125
48 0.3310546875 0.46630859375 0.03759765625 0.05224609375
0 0.279296875 0.6123046875 0.04052734375 0.048828125
54 0.2255859375 0.8310546875 0.0380859375 0.05029296875
54 0.3720703125 0.62109375 0.0380859375 0.05029296875
54 0.224609375 0.75927734375 0.0380859375 0.05029296875
1 0.27001953125 0.75927734375 0.0302734375 0.05126953125
54 0.365234375 0.771484375 0.03515625 0.0556640625
3 0.41162109375 0.771484375 0.03662109375 0.052734375
54 0.50341796875 0.78076171875 0.03515625 0.0556640625
4 0.55517578125 0.78369140625 0.03564453125 0.0537109375
54 0.6474609375 0.791015625 0.03857421875 0.05517578125
2 0.69580078125 0.79345703125 0.03564453125 0.0546875
54 0.791015625 0.79931640625 0.03857421875 0.05517578125
5 0.83984375 0.7998046875 0.0390625 0.056640625