53 0.22666666666666666 0.12055666666666667 0.044443333333333335 0.07
42 0.33555666666666667 0.12389 0.048889999999999996 0.07222333333333333
44 0.39389 0.12555666666666668 0.05 0.07111
53 0.5016666666666667 0.12833333333333333 0.043333333333333335 0.06777666666666667
46 0.5572233333333334 0.12777666666666665 0.03666666666666667 0.06888999999999999
55 0.6666666666666666 0.12944333333333333 0.04 0.06777666666666667
56 0.78 0.12611 0.044443333333333335 0.06777666666666667
57 0.8905566666666667 0.12889 0.03889 0.06666666666666667
65 0.23555666666666666 0.21277666666666667 0.04 0.05889
66 0.3416666666666667 0.21389 0.043333333333333335 0.06333333333333334
40 0.245 0.29722333333333334 0.043333333333333335 0.05889
24 0.29389 0.29889 0.03889 0.06666666666666667
19 0.3466666666666667 0.3 0.03555666666666667 0.06666666666666667
53 0.44666666666666666 0.29889 0.04 0.06222333333333333
61 0.5005566666666666 0.29833333333333334 0.043333333333333335 0.06333333333333334
52 0.5516666666666666 0.3 0.03444333333333333 0.06222333333333333
38 0.6027766666666666 0.30111 0.03889 0.06222333333333333
43 0.6555566666666667 0.30222333333333334 0.03777666666666667 0.06444333333333334
58 0.70889 0.30111 0.03555666666666667 0.06444333333333334
59 0.7616666666666667 0.30389 0.03666666666666667 0.06333333333333334
54 0.26111 0.45555666666666667 0.03333333333333333 0.05777666666666667
54 0.405 0.45555666666666667 0.03222333333333333 0.05333333333333334
54 0.5477766666666667 0.46 0.03555666666666667 0.05333333333333334
54 0.6444433333333333 0.465 0.03333333333333333 0.05444333333333334
54 0.7966666666666666 0.47111 0.03555666666666667 0.05111
54 0.95611 0.47889000000000004 0.03444333333333333 0.05333333333333334
54 0.2722233333333333 0.5894433333333333 0.03111 0.05222333333333333
54 0.4055566666666667 0.5972233333333333 0.03111 0.05444333333333334
54 0.54389 0.6066666666666667 0.03 0.04666666666666667
54 0.6877766666666666 0.6127766666666666 0.03555666666666667 0.05
54 0.8366666666666667 0.6244433333333334 0.03333333333333333 0.048889999999999996
54 0.27277666666666667 0.66111 0.03 0.044443333333333335
0 0.3072233333333333 0.45722333333333337 0.03444333333333333 0.05889
1 0.45 0.45610999999999996 0.03555666666666667 0.056666666666666664
2 0.5944433333333333 0.46110999999999996 0.03333333333333333 0.05333333333333334
3 0.6944433333333333 0.465 0.03777666666666667 0.05444333333333334
4 0.8511099999999999 0.47 0.03555666666666667 0.055556666666666664
1 0.31444333333333335 0.5894433333333333 0.03111 0.05
3 0.44889 0.59889 0.03111 0.05111
4 0.5894433333333333 0.6083333333333333 0.03 0.05
2 0.7355566666666666 0.61389 0.03111 0.05222333333333333
5 0.885 0.6244433333333334 0.03 0.048889999999999996
0 0.3172233333333333 0.6627766666666667 0.027776666666666665 0.043333333333333335
52 0.2629166666666667 0.8733333333333333 0.0325 0.05
37 0.3095833333333333 0.8741666666666666 0.0325 0.05
46 0.35208333333333336 0.8791666666666667 0.0325 0.05
37 0.39708333333333334 0.8808333333333334 0.0325 0.05
53 0.4404166666666667 0.8866666666666667 0.0325 0.05
41 0.4870833333333333 0.89 0.0325 0.05
37 0.5329166666666667 0.8916666666666667 0.0325 0.05
53 0.57875 0.8966666666666666 0.0325 0.05
46 0.62625 0.8991666666666667 0.0325 0.05
61 0.7204166666666667 0.9075 0.0325 0.05
52 0.7679166666666667 0.9116666666666666 0.0325 0.05
37 0.8145833333333333 0.9116666666666666 0.0325 0.05
46 0.8645833333333334 0.915 0.0325 0.05
37 0.9120833333333334 0.9175 0.0325 0.05
50 0.2629166666666667 0.9458333333333333 0.0325 0.05
61 0.30625 0.9491666666666667 0.0325 0.05
52 0.34958333333333336 0.9525 0.0325 0.05
61 0.39375 0.9558333333333333 0.0325 0.05
59 0.4395833333333333 0.9608333333333333 0.0325 0.05
60 0.4845833333333333 0.9633333333333334 0.0325 0.05
37 0.5279166666666667 0.9655566666666667 0.0325 0.05
50 0.6234733333333333 0.9733333333333334 0.0325 0.05
37 0.66903 0.975 0.0325 0.05