53 0.099609375 0.11181640625 0.0498046875 0.0830078125
55 0.1708984375 0.1064453125 0.05078125 0.07763671875
59 0.3115234375 0.1064453125 0.04541015625 0.0732421875
56 0.38134765625 0.10546875 0.04443359375 0.0751953125
37 0.44921875 0.1064453125 0.04541015625 0.0732421875
39 0.52001953125 0.1064453125 0.04638671875 0.07080078125
43 0.5849609375 0.107421875 0.04736328125 0.07666015625
48 0.04931640625 0.33740234375 0.04296875 0.07177734375
49 0.11669921875 0.33447265625 0.04443359375 0.0732421875
50 0.1845703125 0.333984375 0.0419921875 0.07177734375
51 0.25341796875 0.33349609375 0.04638671875 0.07080078125
52 0.31982421875 0.333984375 0.0419921875 0.06982421875
53 0.3857421875 0.3330078125 0.03955078125 0.06982421875
42 0.513671875 0.33056640625 0.04541015625 0.0673828125
44 0.58056640625 0.33349609375 0.041015625 0.06884765625
53 0.70703125 0.33056640625 0.04296875 0.07421875
46 0.771484375 0.33154296875 0.03857421875 0.06982421875
55 0.89599609375 0.3330078125 0.04296875 0.0654296875
56 0.95947265625 0.3310546875 0.04736328125 0.06640625
54 0.19482421875 0.439453125 0.041015625 0.06982421875
54 0.3251953125 0.43798828125 0.041015625 0.07080078125
54 0.45458984375 0.43798828125 0.03955078125 0.06201171875
37 0.06689453125 0.53759765625 0.04443359375 0.06640625
39 0.1328125 0.53662109375 0.04296875 0.06640625
43 0.19873046875 0.537109375 0.04443359375 0.06982421875
41 0.14208984375 0.6328125 0.04638671875 0.0654296875
43 0.265625 0.63037109375 0.04443359375 0.07177734375
45 0.3916015625 0.62158203125 0.04296875 0.06103515625
46 0.51171875 0.62158203125 0.03857421875 0.06298828125
47 0.6328125 0.6201171875 0.03857421875 0.06640625
48 0.75439453125 0.62158203125 0.04443359375 0.0673828125
49 0.8720703125 0.6220703125 0.0419921875 0.07080078125
55 0.09228515625 0.72119140625 0.04443359375 0.0595703125
56 0.2138671875 0.7177734375 0.04736328125 0.06201171875
57 0.3330078125 0.71435546875 0.04296875 0.06201171875
58 0.45166015625 0.71142578125 0.041015625 0.06103515625
59 0.57080078125 0.71142578125 0.04296875 0.056640625
60 0.68798828125 0.71044921875 0.04443359375 0.06103515625
61 0.80322265625 0.70849609375 0.03955078125 0.05859375
62 0.91796875 0.70654296875 0.03955078125 0.0576171875
38 0.052734375 0.8828125 0.03662109375 0.0517578125
43 0.11181640625 0.88232421875 0.03857421875 0.0576171875
58 0.16845703125 0.8798828125 0.041015625 0.05517578125
59 0.22705078125 0.87841796875 0.0341796875 0.05419921875