53 0.1533203125 0.214599609375 0.04931640625 0.07275390625
61 0.220703125 0.21435546875 0.05712890625 0.0751953125
52 0.29150390625 0.213134765625 0.04833984375 0.07275390625
38 0.3603515625 0.21142578125 0.04638671875 0.07177734375
43 0.43017578125 0.210693359375 0.04736328125 0.0751953125
58 0.500244140625 0.21435546875 0.04931640625 0.07861328125
59 0.57275390625 0.212646484375 0.04833984375 0.07275390625
54 0.076904296875 0.43896484375 0.05029296875 0.068359375
54 0.283935546875 0.43798828125 0.04931640625 0.07958984375
54 0.426025390625 0.440673828125 0.052734375 0.07763671875
54 0.641845703125 0.44384765625 0.04833984375 0.0751953125
54 0.860107421875 0.44384765625 0.0517578125 0.07861328125
54 0.067626953125 0.663818359375 0.05078125 0.0751953125
54 0.279296875 0.666015625 0.04833984375 0.076171875
54 0.498046875 0.668212890625 0.04833984375 0.0830078125
54 0.71728515625 0.672607421875 0.04931640625 0.07958984375
54 0.934326171875 0.676513671875 0.044921875 0.07763671875
1 0.146728515625 0.437255859375 0.04833984375 0.07421875
2 0.357666015625 0.44091796875 0.0517578125 0.07958984375
3 0.499267578125 0.44091796875 0.04833984375 0.076171875
4 0.712890625 0.440185546875 0.0517578125 0.0751953125
5 0.928466796875 0.44189453125 0.052734375 0.08203125
3 0.140869140625 0.66015625 0.052734375 0.07763671875
4 0.353515625 0.662353515625 0.04833984375 0.0751953125
2 0.568359375 0.664306640625 0.0517578125 0.07861328125
5 0.79150390625 0.669921875 0.05517578125 0.083984375