54 0.16064453125 0.322265625 0.06982421875 0.115234375
54 0.35986328125 0.33349609375 0.06884765625 0.11083984375
54 0.654296875 0.341796875 0.06884765625 0.107421875
54 0.9404296875 0.3515625 0.06982421875 0.107421875
54 0.17041015625 0.6201171875 0.06298828125 0.09765625
54 0.447265625 0.62939453125 0.0654296875 0.0986328125
54 0.72705078125 0.63623046875 0.05859375 0.10107421875
2 0.2587890625 0.322265625 0.0595703125 0.11328125
3 0.45654296875 0.33349609375 0.0732421875 0.11083984375
4 0.7509765625 0.3388671875 0.06201171875 0.099609375
5 0.2646484375 0.61962890625 0.0595703125 0.09423828125
2 0.5439453125 0.62939453125 0.06103515625 0.09619140625
5 0.82177734375 0.638671875 0.056640625 0.099609375