54 0.10986328125 0.056884765625 0.04833984375 0.072265625
54 0.30224609375 0.058349609375 0.04833984375 0.072265625
54 0.500244140625 0.0615234375 0.04833984375 0.072265625
54 0.6923828125 0.072509765625 0.04833984375 0.072265625
54 0.8798828125 0.0791015625 0.04833984375 0.072265625
54 0.932373046875 0.280029296875 0.04833984375 0.072265625
54 0.747802734375 0.276611328125 0.04833984375 0.072265625
54 0.558837890625 0.272216796875 0.04833984375 0.072265625
54 0.36669921875 0.266357421875 0.04833984375 0.072265625
54 0.172119140625 0.2587890625 0.04833984375 0.072265625
4 0.17236328125 0.056640625 0.04833984375 0.072265625
5 0.3701171875 0.057373046875 0.04833984375 0.072265625
6 0.563720703125 0.063232421875 0.04833984375 0.072265625
7 0.758056640625 0.06982421875 0.04833984375 0.072265625
8 0.94677734375 0.078857421875 0.04833984375 0.072265625
5 0.234619140625 0.262939453125 0.04833984375 0.072265625
6 0.4287109375 0.266357421875 0.04833984375 0.072265625
7 0.621337890625 0.272705078125 0.04833984375 0.072265625
8 0.812255859375 0.276123046875 0.04833984375 0.072265625
61 0.044921875 0.662109375 0.048828125 0.0712890625
52 0.1083984375 0.6630859375 0.048828125 0.0712890625
37 0.17138671875 0.66259765625 0.048828125 0.0712890625
46 0.23583984375 0.664306640625 0.048828125 0.0712890625
37 0.29931640625 0.66650390625 0.048828125 0.0712890625
59 0.4228515625 0.66796875 0.048828125 0.0712890625
37 0.48583984375 0.66748046875 0.048828125 0.0712890625
48 0.609375 0.6689453125 0.048828125 0.0712890625
53 0.66796875 0.6708984375 0.048828125 0.0712890625
65 0.72802734375 0.672607421875 0.048828125 0.0712890625
55 0.791259765625 0.67431640625 0.048828125 0.0712890625
65 0.045654296875 0.76123046875 0.048828125 0.0712890625
55 0.108154296875 0.76123046875 0.048828125 0.0712890625