43 0.06055666666666666 0.33 0.04777666666666667 0.09111
58 0.13 0.3322233333333333 0.05111 0.08889000000000001
59 0.2 0.32888999999999996 0.044443333333333335 0.08444333333333334
53 0.34889000000000003 0.33777666666666667 0.05111 0.09111
55 0.42333333333333334 0.33888999999999997 0.05111 0.09111
59 0.5755566666666667 0.3427766666666666 0.048889999999999996 0.08777666666666666
56 0.6522233333333334 0.3405566666666667 0.055556666666666664 0.09222333333333334
37 0.73 0.3427766666666666 0.055556666666666664 0.09
39 0.8083333333333333 0.3433333333333333 0.05444333333333334 0.08889000000000001
43 0.88611 0.34389000000000003 0.05444333333333334 0.08777666666666666
45 0.06833333333333333 0.5622233333333334 0.04777666666666667 0.08889000000000001
46 0.13389 0.56611 0.05 0.08555666666666667
47 0.20555666666666667 0.5677766666666666 0.04666666666666667 0.08444333333333334
48 0.2794433333333333 0.57111 0.04777666666666667 0.08222333333333333
49 0.34833333333333333 0.5755566666666667 0.04777666666666667 0.08444333333333334
50 0.42 0.57611 0.04666666666666667 0.08333333333333333
51 0.49777666666666665 0.5805566666666667 0.05333333333333334 0.08555666666666667
52 0.56611 0.5827766666666666 0.04777666666666667 0.08555666666666667
53 0.64 0.5872233333333333 0.05111 0.08555666666666667
42 0.7922233333333334 0.59389 0.055556666666666664 0.08555666666666667
44 0.8716666666666667 0.5966666666666667 0.056666666666666664 0.08666666666666667
40 0.14110999999999999 0.68 0.04666666666666667 0.06222333333333333
40 0.21 0.68389 0.03777666666666667 0.061110000000000005
40 0.27666666666666667 0.69111 0.044443333333333335 0.06222333333333333
54 0.41889000000000004 0.68889 0.048889999999999996 0.08444333333333334
54 0.5622233333333334 0.70111 0.044443333333333335 0.08889000000000001
54 0.7105566666666667 0.7116666666666667 0.05 0.08777666666666666
59 0.14222333333333334 0.7777766666666667 0.042223333333333335 0.07777666666666667
56 0.21111000000000002 0.7816666666666666 0.04666666666666667 0.07666666666666666
37 0.2772233333333333 0.78389 0.04555666666666666 0.07444333333333333
39 0.3427766666666666 0.7883333333333333 0.04111 0.07
43 0.41444333333333333 0.7972233333333334 0.04666666666666667 0.08333333333333333
38 0.08333333333333333 0.8722233333333334 0.05333333333333334 0.07111
39 0.21111000000000002 0.88111 0.042223333333333335 0.06888999999999999
41 0.34389000000000003 0.9005566666666667 0.04777666666666667 0.08333333333333333
43 0.485 0.91 0.043333333333333335 0.08
45 0.6272233333333334 0.9155566666666667 0.04777666666666667 0.08222333333333333
46 0.77 0.93111 0.04666666666666667 0.08222333333333333
47 0.9155566666666667 0.9422233333333334 0.044443333333333335 0.09333333333333334