54 0.1689453125 0.3564453125 0.05078125 0.08203125
54 0.38330078125 0.3564453125 0.05078125 0.08203125
54 0.60888671875 0.35546875 0.05078125 0.08203125
54 0.77099609375 0.3544921875 0.05078125 0.08203125
54 0.84912109375 0.60791015625 0.05078125 0.08203125
54 0.603515625 0.60107421875 0.05078125 0.08203125
54 0.3779296875 0.59228515625 0.05078125 0.08203125
54 0.169921875 0.58544921875 0.05078125 0.08203125
54 0.16650390625 0.7021484375 0.05078125 0.08203125
0 0.23876953125 0.353515625 0.05078125 0.08203125
1 0.451171875 0.3544921875 0.05078125 0.08203125
1 0.23681640625 0.58349609375 0.05078125 0.08203125
2 0.68798828125 0.3544921875 0.05078125 0.08203125
2 0.9287109375 0.60791015625 0.05078125 0.08203125
3 0.853515625 0.3544921875 0.05078125 0.08203125
3 0.4521484375 0.595703125 0.05078125 0.08203125
4 0.6865234375 0.60107421875 0.05078125 0.08203125
0 0.2333984375 0.70458984375 0.05078125 0.08203125
40 0.154296875 0.111328125 0.05078125 0.08203125
24 0.224609375 0.10546875 0.05078125 0.08203125
48 0.298828125 0.103515625 0.05078125 0.08203125
53 0.455078125 0.09765625 0.0498046875 0.09326171875
61 0.53076171875 0.09326171875 0.0498046875 0.09326171875
52 0.61181640625 0.09326171875 0.0498046875 0.09326171875
38 0.689453125 0.09228515625 0.0498046875 0.09326171875
43 0.77490234375 0.08984375 0.0498046875 0.09326171875
58 0.85498046875 0.09130859375 0.0498046875 0.09326171875
59 0.94287109375 0.087890625 0.0498046875 0.09326171875