65 0.16162109375 0.15576171875 0.04833984375 0.06787109375
66 0.28076171875 0.15771484375 0.04833984375 0.06787109375
53 0.16259765625 0.05712890625 0.04833984375 0.06787109375
42 0.28466796875 0.05322265625 0.04833984375 0.06787109375
44 0.3427734375 0.0576171875 0.05126953125 0.068359375
53 0.46630859375 0.0556640625 0.05126953125 0.072265625
46 0.5341796875 0.0556640625 0.05126953125 0.072265625
55 0.66015625 0.06005859375 0.05126953125 0.072265625
56 0.7890625 0.0625 0.05126953125 0.072265625
54 0.15869140625 0.45166015625 0.04833984375 0.06787109375
57 0.916015625 0.06640625 0.05126953125 0.072265625
24 0.2177734375 0.25341796875 0.04833984375 0.06787109375
48 0.2763671875 0.25 0.04833984375 0.06787109375
53 0.400390625 0.2548828125 0.04931640625 0.07080078125
61 0.46044921875 0.2587890625 0.04931640625 0.07080078125
52 0.5234375 0.26025390625 0.04931640625 0.07080078125
38 0.58935546875 0.26025390625 0.04931640625 0.07080078125
43 0.65185546875 0.263671875 0.04931640625 0.07080078125
58 0.716796875 0.2626953125 0.04931640625 0.07080078125
59 0.77734375 0.26611328125 0.04931640625 0.07080078125
0 0.22119140625 0.4521484375 0.04833984375 0.06787109375
54 0.15966796875 0.63671875 0.04833984375 0.06787109375
1 0.21826171875 0.63720703125 0.04833984375 0.06787109375
1 0.40283203125 0.455078125 0.04833984375 0.06787109375
3 0.396484375 0.64404296875 0.04833984375 0.06787109375
0 0.220703125 0.72998046875 0.0478515625 0.06787109375
4 0.57421875 0.654296875 0.04833984375 0.06787109375
54 0.15966796875 0.72802734375 0.04833984375 0.06787109375
54 0.33349609375 0.642578125 0.04833984375 0.06787109375
54 0.51171875 0.64990234375 0.04833984375 0.06787109375
54 0.693359375 0.65966796875 0.04833984375 0.06787109375
2 0.7548828125 0.6611328125 0.04833984375 0.06787109375
54 0.88134765625 0.66845703125 0.04833984375 0.06787109375
5 0.94287109375 0.666015625 0.04833984375 0.06787109375
4 0.896484375 0.474609375 0.04833984375 0.06787109375
54 0.83251953125 0.47607421875 0.05126953125 0.0732421875
54 0.642578125 0.4697265625 0.05126953125 0.0732421875
3 0.70556640625 0.47021484375 0.05126953125 0.0732421875
54 0.5185546875 0.4619140625 0.04638671875 0.0712890625
2 0.5830078125 0.4619140625 0.04638671875 0.0712890625
54 0.3408203125 0.45556640625 0.04638671875 0.0712890625