54 0.04833984375 0.307373046875 0.03857421875 0.05810546875
54 0.21240234375 0.301025390625 0.03515625 0.05615234375
54 0.37939453125 0.29736328125 0.03369140625 0.05859375
54 0.548095703125 0.290283203125 0.03271484375 0.05810546875
54 0.716064453125 0.286865234375 0.0341796875 0.0546875
54 0.882568359375 0.28271484375 0.03369140625 0.05615234375
54 0.10107421875 0.47900390625 0.03466796875 0.056640625
54 0.2685546875 0.474853515625 0.0322265625 0.052734375
54 0.43896484375 0.46923828125 0.0341796875 0.0537109375
54 0.609375 0.464111328125 0.0361328125 0.0556640625
54 0.7783203125 0.459716796875 0.0341796875 0.0546875
4 0.10107421875 0.3046875 0.0361328125 0.056640625
5 0.26611328125 0.299072265625 0.03515625 0.056640625
6 0.435302734375 0.29443359375 0.0361328125 0.05712890625
7 0.601806640625 0.288330078125 0.0341796875 0.052734375
8 0.770263671875 0.283935546875 0.0341796875 0.05615234375
9 0.935791015625 0.281005859375 0.0322265625 0.056640625
5 0.15625 0.476806640625 0.03515625 0.056640625
6 0.32470703125 0.470458984375 0.03369140625 0.05419921875
7 0.4951171875 0.4658203125 0.03466796875 0.0546875
8 0.662109375 0.46142578125 0.03271484375 0.05615234375
9 0.83349609375 0.45751953125 0.03271484375 0.052734375
52 0.0439453125 0.84130859375 0.0361328125 0.060546875
37 0.1005859375 0.839599609375 0.0361328125 0.05810546875
46 0.15869140625 0.839599609375 0.03466796875 0.05712890625
37 0.21630859375 0.837646484375 0.0341796875 0.0556640625
59 0.32861328125 0.8388671875 0.03662109375 0.056640625
37 0.38916015625 0.836669921875 0.037109375 0.0556640625
48 0.50146484375 0.83544921875 0.03466796875 0.05615234375
53 0.56005859375 0.834716796875 0.03857421875 0.05810546875
65 0.6171875 0.833251953125 0.04052734375 0.06103515625
55 0.67578125 0.83056640625 0.03662109375 0.06201171875
55 0.047119140625 0.93505859375 0.0361328125 0.06298828125