54 0.115966796875 0.195556640625 0.033203125 0.0615234375
2 0.164794921875 0.1962890625 0.0380859375 0.06005859375
54 0.277099609375 0.197021484375 0.0380859375 0.0634765625
54 0.442626953125 0.197998046875 0.0380859375 0.06787109375
54 0.614501953125 0.198486328125 0.041015625 0.0703125
54 0.790283203125 0.198974609375 0.04296875 0.0751953125
3 0.329345703125 0.19775390625 0.0400390625 0.064453125
4 0.498291015625 0.2001953125 0.0380859375 0.06787109375
5 0.673095703125 0.2001953125 0.0439453125 0.07177734375
6 0.852783203125 0.200439453125 0.04296875 0.07275390625
54 0.973388671875 0.201904296875 0.0390625 0.06689453125
46 0.07763671875 0.5439453125 0.03564453125 0.05712890625
37 0.12646484375 0.54248046875 0.033203125 0.05712890625
53 0.17919921875 0.544677734375 0.0390625 0.05908203125
41 0.2294921875 0.546142578125 0.0380859375 0.0556640625
37 0.28369140625 0.547607421875 0.03662109375 0.0537109375
53 0.33740234375 0.54833984375 0.03564453125 0.05908203125
46 0.39013671875 0.550048828125 0.0390625 0.06005859375
61 0.495361328125 0.552490234375 0.03466796875 0.06005859375
52 0.551025390625 0.5546875 0.03662109375 0.0615234375
37 0.603759765625 0.554931640625 0.03564453125 0.06005859375
46 0.659423828125 0.558349609375 0.0400390625 0.05908203125
37 0.713623046875 0.55908203125 0.033203125 0.05810546875
59 0.827392578125 0.561767578125 0.0400390625 0.05810546875
37 0.882080078125 0.56396484375 0.03662109375 0.05810546875
37 0.03369140625 0.623291015625 0.03662109375 0.0537109375
52 0.07958984375 0.62548828125 0.033203125 0.0556640625
61 0.130859375 0.62744140625 0.033203125 0.0537109375
60 0.2314453125 0.6298828125 0.03662109375 0.0556640625
59 0.18212890625 0.627685546875 0.03564453125 0.0556640625
37 0.28466796875 0.630126953125 0.03466796875 0.0537109375
50 0.391845703125 0.634521484375 0.0400390625 0.05810546875
37 0.446044921875 0.636474609375 0.0400390625 0.0615234375
65 0.494873046875 0.638427734375 0.0380859375 0.05810546875
55 0.550537109375 0.64013671875 0.03564453125 0.05908203125