48 0.06591796875 0.3359375 0.056640625 0.09619140625
49 0.14990234375 0.3359375 0.0595703125 0.10546875
50 0.23681640625 0.33447265625 0.05517578125 0.10205078125
51 0.32763671875 0.3359375 0.0576171875 0.091796875
52 0.41650390625 0.33642578125 0.0576171875 0.09521484375
53 0.50439453125 0.33984375 0.05517578125 0.099609375
42 0.67724609375 0.34619140625 0.06396484375 0.08984375
44 0.76611328125 0.345703125 0.06103515625 0.09521484375
53 0.93798828125 0.34814453125 0.06201171875 0.09619140625
40 0.05419921875 0.4775390625 0.0576171875 0.0888671875
54 0.2294921875 0.47607421875 0.05859375 0.091796875
54 0.41455078125 0.4814453125 0.0576171875 0.08984375
54 0.58984375 0.48388671875 0.0576171875 0.09423828125
37 0.04150390625 0.60546875 0.05419921875 0.0751953125
39 0.13671875 0.60400390625 0.05078125 0.07861328125
43 0.2265625 0.61328125 0.05517578125 0.08642578125
41 0.12890625 0.76318359375 0.05517578125 0.09521484375
43 0.3095703125 0.76123046875 0.06103515625 0.09326171875
45 0.49755859375 0.76318359375 0.0576171875 0.0888671875
46 0.67919921875 0.7705078125 0.06298828125 0.091796875
47 0.85986328125 0.7724609375 0.05078125 0.08642578125
55 0.03759765625 0.90966796875 0.0576171875 0.09423828125
56 0.21630859375 0.91162109375 0.0673828125 0.09423828125
57 0.400390625 0.91845703125 0.06103515625 0.09619140625
58 0.583984375 0.91796875 0.06298828125 0.099609375
59 0.76708984375 0.91796875 0.05859375 0.099609375
60 0.94287109375 0.9189453125 0.05419921875 0.09326171875
53 0.1650390625 0.0595703125 0.05419921875 0.08740234375
55 0.25048828125 0.0576171875 0.056640625 0.0888671875
59 0.423828125 0.064453125 0.05419921875 0.083984375
56 0.51123046875 0.06689453125 0.04638671875 0.07958984375
37 0.60009765625 0.0654296875 0.0576171875 0.08203125
39 0.68212890625 0.06689453125 0.0576171875 0.08203125
43 0.76123046875 0.06884765625 0.0576171875 0.08642578125