40 0.086181640625 0.0693359375 0.021484375 0.0361328125
22 0.118896484375 0.070556640625 0.0224609375 0.0341796875
14 0.1484375 0.072021484375 0.02197265625 0.033203125
30 0.18017578125 0.073486328125 0.02099609375 0.0341796875
30 0.21142578125 0.07568359375 0.01953125 0.033203125
14 0.2431640625 0.076416015625 0.01953125 0.0322265625
28 0.2744140625 0.079345703125 0.02099609375 0.033203125
29 0.30517578125 0.081298828125 0.01953125 0.0341796875
53 0.3662109375 0.085205078125 0.02099609375 0.03564453125
55 0.3974609375 0.086181640625 0.021484375 0.0361328125
59 0.457275390625 0.091796875 0.02001953125 0.03515625
56 0.486572265625 0.092529296875 0.02001953125 0.03466796875
37 0.516845703125 0.093994140625 0.0224609375 0.03369140625
39 0.546630859375 0.0947265625 0.02099609375 0.03369140625
43 0.575927734375 0.097412109375 0.02099609375 0.03466796875
37 0.088134765625 0.17333984375 0.0185546875 0.03369140625
38 0.118896484375 0.17431640625 0.02099609375 0.03173828125
39 0.150634765625 0.176513671875 0.0205078125 0.03173828125
41 0.182373046875 0.177490234375 0.0205078125 0.03271484375
43 0.212158203125 0.1787109375 0.02001953125 0.033203125
45 0.243408203125 0.179443359375 0.01953125 0.03076171875
46 0.274169921875 0.183349609375 0.01953125 0.033203125
47 0.303955078125 0.184814453125 0.02001953125 0.0341796875
48 0.33544921875 0.18603515625 0.01953125 0.03125
49 0.36572265625 0.189208984375 0.01904296875 0.03369140625
50 0.39501953125 0.189697265625 0.02001953125 0.03466796875
51 0.42529296875 0.18994140625 0.01953125 0.033203125
52 0.45361328125 0.193603515625 0.02001953125 0.03515625
53 0.4833984375 0.195068359375 0.01904296875 0.03271484375
42 0.54052734375 0.19677734375 0.02099609375 0.0302734375
44 0.5703125 0.198974609375 0.01904296875 0.03271484375
53 0.6279296875 0.20361328125 0.02001953125 0.03271484375
46 0.65625 0.204345703125 0.017578125 0.033203125
55 0.714599609375 0.2080078125 0.01953125 0.033203125
56 0.743408203125 0.208740234375 0.02001953125 0.03125
57 0.772216796875 0.208740234375 0.01953125 0.03369140625
58 0.801025390625 0.2109375 0.02001953125 0.03125
59 0.831298828125 0.21240234375 0.02197265625 0.03173828125
60 0.859130859375 0.214599609375 0.02099609375 0.03173828125
61 0.888427734375 0.215087890625 0.02294921875 0.0322265625
62 0.089599609375 0.224609375 0.02392578125 0.03369140625
63 0.121337890625 0.22705078125 0.02099609375 0.03564453125
64 0.152099609375 0.227294921875 0.02099609375 0.03662109375
65 0.182861328125 0.229248046875 0.021484375 0.03369140625
66 0.213623046875 0.23046875 0.021484375 0.03271484375
40 0.275146484375 0.236083984375 0.0205078125 0.0302734375
40 0.304443359375 0.236572265625 0.02001953125 0.0283203125
40 0.334228515625 0.2392578125 0.01953125 0.02880859375
54 0.393798828125 0.240966796875 0.01904296875 0.0322265625
54 0.452880859375 0.242919921875 0.01904296875 0.03369140625
54 0.51025390625 0.246337890625 0.01953125 0.03173828125
40 0.09130859375 0.273193359375 0.02294921875 0.03369140625
33 0.123046875 0.2744140625 0.0234375 0.03076171875
19 0.15283203125 0.275146484375 0.021484375 0.033203125
30 0.18359375 0.276611328125 0.02099609375 0.03125
18 0.21337890625 0.27685546875 0.02099609375 0.0322265625
59 0.275390625 0.281005859375 0.02099609375 0.03125
56 0.30517578125 0.281494140625 0.0205078125 0.03125
37 0.333984375 0.28173828125 0.01953125 0.02978515625
39 0.3642578125 0.283447265625 0.01953125 0.03173828125
43 0.392333984375 0.284912109375 0.01953125 0.0322265625
37 0.093017578125 0.322021484375 0.02197265625 0.03369140625
38 0.125244140625 0.322265625 0.0234375 0.033203125
37 0.18408203125 0.324951171875 0.01953125 0.03125
38 0.24609375 0.3271484375 0.0205078125 0.03125
39 0.30517578125 0.328857421875 0.01953125 0.029296875
41 0.36279296875 0.333251953125 0.01953125 0.0322265625
43 0.42041015625 0.33642578125 0.01904296875 0.0341796875
45 0.47900390625 0.339599609375 0.01953125 0.033203125
46 0.534912109375 0.342529296875 0.01806640625 0.0322265625
47 0.59228515625 0.3427734375 0.0166015625 0.03076171875
48 0.648681640625 0.34521484375 0.01806640625 0.02978515625
49 0.706298828125 0.34912109375 0.01708984375 0.033203125
50 0.762939453125 0.351318359375 0.02001953125 0.0283203125
51 0.819091796875 0.352783203125 0.02099609375 0.03173828125
52 0.876220703125 0.35595703125 0.02392578125 0.03125
53 0.094482421875 0.370849609375 0.0234375 0.03125
42 0.154541015625 0.372802734375 0.02392578125 0.03271484375
44 0.185791015625 0.373779296875 0.02294921875 0.033203125
53 0.245849609375 0.3759765625 0.0205078125 0.03125
46 0.276123046875 0.376708984375 0.01904296875 0.03076171875
55 0.334228515625 0.37939453125 0.02001953125 0.03271484375
56 0.3916015625 0.382568359375 0.0185546875 0.03271484375
57 0.44775390625 0.385009765625 0.01904296875 0.03125
58 0.50244140625 0.3857421875 0.0146484375 0.02783203125
59 0.5615234375 0.389404296875 0.01953125 0.02783203125
60 0.6181640625 0.391845703125 0.01953125 0.029296875
61 0.673828125 0.3935546875 0.02001953125 0.03369140625
62 0.72998046875 0.395751953125 0.02001953125 0.0322265625
63 0.7880859375 0.3994140625 0.02001953125 0.02978515625
65 0.09765625 0.416748046875 0.021484375 0.0302734375
66 0.158203125 0.4189453125 0.0234375 0.03125
53 0.21826171875 0.464599609375 0.02001953125 0.0322265625
61 0.248046875 0.46533203125 0.01904296875 0.03125
52 0.27685546875 0.465576171875 0.01806640625 0.029296875
38 0.3056640625 0.466064453125 0.0185546875 0.02978515625
43 0.33349609375 0.46630859375 0.01904296875 0.029296875
58 0.36279296875 0.469482421875 0.0185546875 0.0302734375
59 0.39111328125 0.470947265625 0.0166015625 0.0302734375
54 0.1083984375 0.552001953125 0.01953125 0.029296875
54 0.19287109375 0.552978515625 0.0185546875 0.0283203125
54 0.27685546875 0.555908203125 0.017578125 0.03173828125
54 0.33251953125 0.55859375 0.01806640625 0.03076171875
54 0.4150390625 0.5615234375 0.01904296875 0.0302734375
54 0.4990234375 0.56494140625 0.017578125 0.0302734375
54 0.580810546875 0.568359375 0.017578125 0.02734375
54 0.663818359375 0.57275390625 0.017578125 0.0283203125
54 0.747802734375 0.57568359375 0.01953125 0.029296875
54 0.832763671875 0.58056640625 0.01806640625 0.0322265625
54 0.1064453125 0.637451171875 0.0185546875 0.02880859375
54 0.1884765625 0.64111328125 0.017578125 0.03173828125
54 0.27099609375 0.64453125 0.01953125 0.029296875
54 0.3564453125 0.6455078125 0.01953125 0.03173828125
54 0.440185546875 0.6513671875 0.0166015625 0.02734375
54 0.522705078125 0.65380859375 0.0185546875 0.03125
54 0.606689453125 0.65625 0.0185546875 0.0283203125
54 0.689697265625 0.66015625 0.0185546875 0.0283203125
54 0.772216796875 0.6640625 0.017578125 0.03076171875
54 0.105712890625 0.682373046875 0.01953125 0.02783203125
0 0.13525390625 0.552001953125 0.01953125 0.029296875
1 0.21923828125 0.552490234375 0.017578125 0.0283203125
2 0.3046875 0.556396484375 0.02001953125 0.03173828125
3 0.3603515625 0.559326171875 0.01904296875 0.03271484375
4 0.44189453125 0.562744140625 0.01904296875 0.03076171875
5 0.525390625 0.566162109375 0.0185546875 0.03076171875
6 0.608154296875 0.56884765625 0.017578125 0.0302734375
7 0.691650390625 0.57373046875 0.0185546875 0.02880859375
8 0.775146484375 0.57666015625 0.01806640625 0.02978515625
9 0.860107421875 0.5810546875 0.0185546875 0.03076171875
1 0.1357421875 0.636962890625 0.01953125 0.02978515625
3 0.216796875 0.641845703125 0.01904296875 0.0302734375
4 0.30029296875 0.645751953125 0.017578125 0.03125
2 0.38330078125 0.646728515625 0.01953125 0.0322265625
5 0.468017578125 0.651611328125 0.0185546875 0.02978515625
6 0.551025390625 0.654541015625 0.01611328125 0.02978515625
7 0.633056640625 0.656982421875 0.01806640625 0.029296875
8 0.717041015625 0.660888671875 0.01953125 0.02978515625
9 0.799560546875 0.664306640625 0.01904296875 0.02978515625
0 0.131591796875 0.682861328125 0.01611328125 0.029296875
52 0.095947265625 0.816650390625 0.0205078125 0.029296875
37 0.123779296875 0.81787109375 0.01953125 0.0263671875
46 0.150634765625 0.820068359375 0.01904296875 0.0283203125
37 0.177978515625 0.820556640625 0.02001953125 0.0283203125
53 0.205810546875 0.82177734375 0.01953125 0.03125
41 0.234619140625 0.822998046875 0.0185546875 0.029296875
37 0.263427734375 0.823486328125 0.01806640625 0.029296875
53 0.291259765625 0.82470703125 0.02001953125 0.02978515625
46 0.320556640625 0.825927734375 0.01953125 0.03173828125
61 0.378173828125 0.8271484375 0.021484375 0.0302734375
52 0.405029296875 0.828369140625 0.01904296875 0.02880859375
37 0.432373046875 0.829345703125 0.0185546875 0.02978515625
46 0.46142578125 0.8310546875 0.01904296875 0.0302734375
37 0.489013671875 0.831298828125 0.01953125 0.03125
59 0.544921875 0.8330078125 0.0205078125 0.0302734375
37 0.57177734375 0.833740234375 0.01806640625 0.02978515625
48 0.62841796875 0.8369140625 0.0185546875 0.03173828125
53 0.65478515625 0.835693359375 0.01806640625 0.03125
65 0.681640625 0.837646484375 0.01953125 0.02880859375
55 0.7099609375 0.83740234375 0.0185546875 0.0302734375
50 0.0947265625 0.862060546875 0.02001953125 0.03076171875
61 0.12255859375 0.8642578125 0.01806640625 0.03076171875
52 0.14892578125 0.865478515625 0.01953125 0.0322265625
61 0.17822265625 0.867431640625 0.01953125 0.03076171875
59 0.20556640625 0.86767578125 0.01904296875 0.03076171875
60 0.234619140625 0.869873046875 0.01953125 0.03369140625
37 0.2626953125 0.869873046875 0.01953125 0.0302734375
50 0.319580078125 0.871337890625 0.02099609375 0.03173828125
37 0.34716796875 0.870849609375 0.01953125 0.03125
65 0.374755859375 0.87255859375 0.0205078125 0.03173828125
55 0.403076171875 0.872802734375 0.01953125 0.0302734375
40 0.10107421875 0.464111328125 0.0205078125 0.0302734375
53 0.12841796875 0.4638671875 0.02001953125 0.03271484375
48 0.159912109375 0.462890625 0.01953125 0.03125