55 0.1728515625 0.35546875 0.056640625 0.09326171875
56 0.2548828125 0.353515625 0.056640625 0.09326171875
57 0.34033203125 0.353515625 0.056640625 0.09326171875
58 0.41845703125 0.35546875 0.056640625 0.09326171875
59 0.49853515625 0.35205078125 0.056640625 0.09326171875
60 0.58154296875 0.35205078125 0.056640625 0.09326171875
61 0.65478515625 0.34912109375 0.056640625 0.09326171875
48 0.03955078125 0.734375 0.056640625 0.09326171875
49 0.19287109375 0.734375 0.056640625 0.09326171875
50 0.34814453125 0.72314453125 0.056640625 0.08642578125
51 0.5048828125 0.7177734375 0.056640625 0.08642578125
52 0.65185546875 0.71337890625 0.056640625 0.08642578125
61 0.12744140625 0.84912109375 0.056640625 0.08642578125
62 0.28173828125 0.84423828125 0.056640625 0.08203125
63 0.42919921875 0.837890625 0.05419921875 0.08203125