53 0.058837890625 0.06787109375 0.04296875 0.0654296875
61 0.112060546875 0.0673828125 0.04296875 0.0654296875
52 0.172119140625 0.068359375 0.04296875 0.0654296875
38 0.227294921875 0.0673828125 0.04296875 0.0654296875
43 0.287353515625 0.068359375 0.04296875 0.0654296875
58 0.345458984375 0.069580078125 0.04296875 0.0654296875
59 0.400634765625 0.070556640625 0.04296875 0.0654296875
54 0.164794921875 0.25341796875 0.04296875 0.0654296875
54 0.281494140625 0.25537109375 0.04296875 0.0654296875
54 0.456298828125 0.261962890625 0.04296875 0.0654296875
54 0.629638671875 0.264892578125 0.04296875 0.0654296875
54 0.808349609375 0.26953125 0.04296875 0.0654296875
54 0.978271484375 0.27392578125 0.04296875 0.0654296875
54 0.869384765625 0.45361328125 0.04296875 0.0654296875
54 0.686279296875 0.447509765625 0.04296875 0.0654296875
54 0.516357421875 0.446044921875 0.04296875 0.0654296875
54 0.3359375 0.43798828125 0.04296875 0.0654296875
54 0.15576171875 0.438232421875 0.04296875 0.0654296875
37 0.0517578125 0.24951171875 0.04296875 0.0654296875
2 0.2216796875 0.2509765625 0.04296875 0.0654296875
3 0.33984375 0.2529296875 0.04296875 0.0654296875
4 0.512939453125 0.257568359375 0.04296875 0.0654296875
5 0.689697265625 0.263916015625 0.04296875 0.0654296875
6 0.864990234375 0.26904296875 0.04296875 0.0654296875
39 0.041259765625 0.430908203125 0.04296875 0.0654296875
4 0.2177734375 0.4375 0.04296875 0.0654296875
2 0.39599609375 0.43896484375 0.04296875 0.0654296875
5 0.567626953125 0.445556640625 0.04296875 0.0654296875
6 0.747802734375 0.445068359375 0.04296875 0.0654296875
7 0.922607421875 0.453125 0.04296875 0.0654296875
53 0.028564453125 0.80908203125 0.04296875 0.0654296875
41 0.088623046875 0.80859375 0.04296875 0.0654296875
37 0.146484375 0.813232421875 0.04296875 0.0654296875
53 0.205078125 0.815673828125 0.04296875 0.0654296875
46 0.26318359375 0.818115234375 0.04296875 0.0654296875
61 0.383544921875 0.82373046875 0.04296875 0.0654296875
52 0.446533203125 0.82470703125 0.04296875 0.0654296875
37 0.506591796875 0.82568359375 0.04296875 0.0654296875
46 0.566650390625 0.828857421875 0.04296875 0.0654296875
37 0.631591796875 0.826416015625 0.04296875 0.0654296875
59 0.744873046875 0.829833984375 0.04296875 0.0654296875
37 0.803466796875 0.8310546875 0.04296875 0.0654296875
48 0.9248046875 0.8330078125 0.04296875 0.0654296875
53 0.978271484375 0.83056640625 0.04296875 0.0654296875
59 0.02880859375 0.91064453125 0.04296875 0.0654296875
60 0.08740234375 0.91357421875 0.04296875 0.0654296875
37 0.1455078125 0.912841796875 0.04296875 0.0654296875
50 0.265625 0.918212890625 0.04296875 0.0654296875
37 0.32568359375 0.921142578125 0.04296875 0.0654296875
65 0.38232421875 0.922119140625 0.04296875 0.0654296875
55 0.44384765625 0.9248046875 0.04296875 0.0654296875