54 0.0966796875 0.2431640625 0.0419921875 0.07080078125
54 0.2939453125 0.23876953125 0.04296875 0.06640625
54 0.4814453125 0.23388671875 0.04736328125 0.06982421875
54 0.67333984375 0.23095703125 0.04443359375 0.06396484375
54 0.87158203125 0.2275390625 0.04541015625 0.06640625
4 0.15625 0.24267578125 0.041015625 0.07177734375
2 0.35009765625 0.23486328125 0.0419921875 0.0673828125
5 0.544921875 0.2314453125 0.04296875 0.0673828125
6 0.74072265625 0.2255859375 0.041015625 0.06640625
7 0.93505859375 0.2255859375 0.041015625 0.07080078125
53 0.02880859375 0.6201171875 0.03759765625 0.05322265625
41 0.08642578125 0.61865234375 0.03759765625 0.05322265625
37 0.14404296875 0.61669921875 0.03857421875 0.0576171875
53 0.20068359375 0.61181640625 0.03662109375 0.0517578125
46 0.25927734375 0.6103515625 0.03857421875 0.056640625
61 0.37353515625 0.607421875 0.03759765625 0.05419921875
52 0.4306640625 0.60400390625 0.03857421875 0.056640625
37 0.4853515625 0.6044921875 0.03759765625 0.05517578125
46 0.544921875 0.60546875 0.03857421875 0.0576171875
37 0.6025390625 0.60546875 0.041015625 0.0595703125
59 0.71923828125 0.60986328125 0.03857421875 0.05517578125
37 0.779296875 0.6083984375 0.03857421875 0.05859375
59 0.0537109375 0.69482421875 0.03857421875 0.04736328125
60 0.10791015625 0.69287109375 0.03759765625 0.04736328125
37 0.1572265625 0.693359375 0.03662109375 0.05322265625
50 0.2724609375 0.6884765625 0.03955078125 0.056640625
37 0.32666015625 0.6884765625 0.03759765625 0.056640625
65 0.3779296875 0.6865234375 0.03515625 0.0576171875
55 0.4345703125 0.689453125 0.033203125 0.056640625