53 0.021484375 0.19677734375 0.02197265625 0.04052734375
55 0.05810546875 0.1962890625 0.02294921875 0.0400390625
59 0.130859375 0.1962890625 0.0224609375 0.03857421875
56 0.1689453125 0.19775390625 0.02294921875 0.041015625
37 0.20458984375 0.19677734375 0.02099609375 0.03955078125
39 0.24072265625 0.197265625 0.021484375 0.03759765625
43 0.27783203125 0.19921875 0.0234375 0.0400390625
49 0.02099609375 0.31640625 0.0234375 0.0419921875
50 0.05810546875 0.31591796875 0.02685546875 0.0419921875
51 0.09375 0.31689453125 0.02490234375 0.04150390625
52 0.12939453125 0.3173828125 0.025390625 0.0419921875
53 0.16650390625 0.3173828125 0.02392578125 0.0419921875
42 0.23779296875 0.31884765625 0.0283203125 0.0380859375
44 0.2763671875 0.3193359375 0.0234375 0.04052734375
53 0.3505859375 0.32080078125 0.0224609375 0.04150390625
46 0.38818359375 0.3212890625 0.0224609375 0.04052734375
55 0.4599609375 0.32470703125 0.02197265625 0.04345703125
56 0.49658203125 0.32470703125 0.0224609375 0.04296875
57 0.53271484375 0.32470703125 0.02099609375 0.04248046875
58 0.5693359375 0.32763671875 0.02392578125 0.04638671875
59 0.6044921875 0.3271484375 0.02197265625 0.0419921875
60 0.64111328125 0.32861328125 0.02392578125 0.04296875
61 0.6767578125 0.328125 0.021484375 0.04345703125
54 0.056640625 0.37646484375 0.021484375 0.0419921875
54 0.12890625 0.376953125 0.02197265625 0.041015625
54 0.20361328125 0.3779296875 0.02197265625 0.03857421875
39 0.02001953125 0.4306640625 0.0234375 0.03857421875
43 0.056640625 0.43017578125 0.02197265625 0.03759765625
41 0.01806640625 0.49169921875 0.0234375 0.03955078125
43 0.091796875 0.49267578125 0.02294921875 0.041015625
45 0.166015625 0.4931640625 0.02490234375 0.04296875
46 0.2392578125 0.49462890625 0.02392578125 0.044921875
47 0.31396484375 0.4951171875 0.021484375 0.04248046875
48 0.38623046875 0.4970703125 0.0234375 0.04150390625
49 0.45947265625 0.49853515625 0.0224609375 0.04345703125
50 0.53125 0.49853515625 0.025390625 0.04150390625
51 0.60205078125 0.4990234375 0.02392578125 0.0400390625
52 0.6728515625 0.5 0.02490234375 0.03955078125
56 0.05517578125 0.55126953125 0.0234375 0.04248046875
57 0.12890625 0.5537109375 0.0244140625 0.044921875
58 0.20166015625 0.55419921875 0.021484375 0.0439453125
59 0.275390625 0.5546875 0.0244140625 0.04296875
60 0.349609375 0.55712890625 0.02197265625 0.04248046875
61 0.42138671875 0.556640625 0.02294921875 0.04150390625
62 0.4931640625 0.556640625 0.02099609375 0.04345703125
63 0.5654296875 0.55859375 0.0224609375 0.0419921875
58 0.0234375 0.6650390625 0.0283203125 0.03759765625
59 0.05712890625 0.6669921875 0.0234375 0.0400390625
54 0.0927734375 0.7841796875 0.0234375 0.04052734375
54 0.2021484375 0.78515625 0.02392578125 0.04296875
54 0.3115234375 0.78564453125 0.021484375 0.04345703125
54 0.419921875 0.78466796875 0.02099609375 0.041015625
54 0.5263671875 0.78564453125 0.021484375 0.04150390625
54 0.6337890625 0.7861328125 0.02099609375 0.041015625
54 0.02490234375 0.8935546875 0.0205078125 0.04296875
54 0.1328125 0.89404296875 0.02001953125 0.03857421875
54 0.2392578125 0.89306640625 0.02099609375 0.03662109375
54 0.34912109375 0.89404296875 0.02099609375 0.0380859375
54 0.4560546875 0.89404296875 0.0234375 0.04052734375
54 0.56201171875 0.892578125 0.0234375 0.04052734375
4 0.1279296875 0.78271484375 0.02392578125 0.04052734375
5 0.23828125 0.78564453125 0.0234375 0.04345703125
6 0.34765625 0.78466796875 0.02197265625 0.04296875
7 0.45556640625 0.78466796875 0.02099609375 0.04052734375
8 0.5615234375 0.78466796875 0.02392578125 0.0419921875
9 0.669921875 0.78564453125 0.0234375 0.04150390625
38 0.06103515625 0.8935546875 0.0263671875 0.04248046875
5 0.16796875 0.8935546875 0.0244140625 0.04248046875
6 0.27490234375 0.89404296875 0.0234375 0.03857421875
7 0.3828125 0.8935546875 0.02294921875 0.04052734375
8 0.4892578125 0.89453125 0.0224609375 0.0419921875
9 0.5966796875 0.89404296875 0.02294921875 0.0400390625