24 0.43777666666666665 0.05055666666666666 0.04 0.06333333333333334
40 0.38777666666666666 0.05055666666666666 0.04 0.06333333333333334
48 0.4866666666666667 0.05055666666666666 0.04 0.06333333333333334
53 0.59 0.055 0.04 0.06333333333333334
61 0.64111 0.055 0.04 0.06333333333333334
52 0.69222 0.05388999999999999 0.04 0.06333333333333334
38 0.7466633333333332 0.055 0.04 0.06333333333333334
43 0.7988866666666666 0.05388999999999999 0.04 0.06333333333333334
58 0.8499966666666666 0.06055666666666666 0.04 0.06333333333333334
59 0.9055533333333333 0.06278 0.04 0.06333333333333334
54 0.38666666666666666 0.21833333333333332 0.04 0.05889
54 0.38333333333333336 0.36833333333333335 0.04 0.05889
54 0.38222333333333336 0.4455566666666667 0.03777666666666667 0.05333333333333334
54 0.5322233333333334 0.22277666666666668 0.04 0.05889
54 0.67889 0.22833333333333333 0.04 0.05889
54 0.7811133333333334 0.23389 0.04 0.05889
54 0.9344466666666668 0.24166666666666667 0.04 0.05889
54 0.5222233333333334 0.37722 0.04 0.05889
54 0.6655566666666667 0.38722 0.04 0.05889
54 0.8166666666666667 0.39277666666666666 0.04 0.05889
54 0.9616666666666667 0.40222 0.04111 0.06
0 0.4355566666666667 0.21833333333333332 0.04 0.05889
0 0.4261133333333333 0.44889 0.03666666666666667 0.05333333333333334
1 0.5811133333333333 0.22277666666666668 0.04 0.05889
2 0.7300033333333334 0.23055333333333333 0.04 0.05889
3 0.8344466666666667 0.23611000000000001 0.04 0.05889
3 0.5733366666666667 0.3838866666666667 0.04 0.05889
4 0.7177800000000001 0.39055333333333336 0.04 0.05889
2 0.86556 0.39722 0.04 0.05889
1 0.4311133333333333 0.3694433333333333 0.04 0.05889
52 0.38110999999999995 0.6472233333333334 0.03333333333333333 0.05
46 0.4655533333333334 0.655 0.03333333333333333 0.05
37 0.42222000000000004 0.6483333333333333 0.03333333333333333 0.05
37 0.5099966666666667 0.655 0.03333333333333333 0.05
53 0.55333 0.6594433333333333 0.03333333333333333 0.05
41 0.5977733333333333 0.6605533333333333 0.03333333333333333 0.05
37 0.6399966666666667 0.6605533333333333 0.03333333333333333 0.05
53 0.6855533333333332 0.6638866666666667 0.03333333333333333 0.05
46 0.73222 0.6705533333333333 0.03333333333333333 0.05
61 0.82222 0.67833 0.03333333333333333 0.05
52 0.87222 0.6838866666666666 0.03333333333333333 0.05
37 0.9177766666666667 0.6883299999999999 0.03333333333333333 0.05
46 0.9655533333333333 0.6949966666666666 0.03333333333333333 0.05
50 0.38 0.7083333333333334 0.03333333333333333 0.05
61 0.42222333333333334 0.7116666666666667 0.03333333333333333 0.05
52 0.4655566666666667 0.71389 0.03333333333333333 0.05
61 0.5066666666666667 0.715 0.03333333333333333 0.05
59 0.55 0.7183333333333334 0.03333333333333333 0.05
60 0.5933333333333334 0.7194433333333333 0.03333333333333333 0.05
37 0.6388900000000001 0.7238866666666666 0.03333333333333333 0.05
50 0.7244466666666667 0.7361099999999999 0.03333333333333333 0.05
37 0.7700033333333334 0.7394433333333333 0.03333333333333333 0.05
65 0.8144466666666668 0.74722 0.03333333333333333 0.05
55 0.8622233333333333 0.7527766666666666 0.03333333333333333 0.05