52 0.24462890625 0.4990234375 0.0546875 0.0830078125
37 0.3251953125 0.495849609375 0.05126953125 0.08203125
46 0.408203125 0.494873046875 0.0556640625 0.0849609375
37 0.488525390625 0.488525390625 0.05029296875 0.07763671875
53 0.572509765625 0.491455078125 0.05810546875 0.08203125
41 0.657958984375 0.490478515625 0.05322265625 0.0830078125
37 0.737548828125 0.489013671875 0.056640625 0.07861328125
53 0.82373046875 0.491455078125 0.06005859375 0.08642578125
46 0.905517578125 0.488037109375 0.05224609375 0.083984375
50 0.240478515625 0.630126953125 0.05810546875 0.0849609375
61 0.324951171875 0.628173828125 0.05810546875 0.0908203125
52 0.409912109375 0.629150390625 0.056640625 0.0908203125
61 0.493896484375 0.626708984375 0.05810546875 0.09619140625
59 0.580322265625 0.62841796875 0.06005859375 0.091796875
60 0.663818359375 0.62890625 0.0673828125 0.099609375
37 0.744873046875 0.628662109375 0.0625 0.0927734375