56 0.46889000000000003 0.34543 0.06734 0.09281333333333333
56 0.46889000000000003 0.34543 0.06734 0.09281333333333333
55 0.3814133333333333 0.3462966666666667 0.06734 0.09281333333333333
57 0.5503033333333334 0.34283 0.06734 0.09281333333333333
58 0.6360466666666666 0.34283 0.06734 0.09281333333333333
59 0.7209266666666667 0.33849666666666667 0.06734 0.09281333333333333
60 0.8127333333333333 0.33763 0.06734 0.09281333333333333
61 0.8967466666666666 0.33849666666666667 0.06734 0.09281333333333333
53 0.12472666666666667 0.3462966666666667 0.06734 0.09281333333333333
46 0.21029 0.3410266666666667 0.06734 0.09281333333333333
48 0.20765666666666668 0.7585633333333334 0.06734 0.09281333333333333
49 0.38931333333333334 0.7611966666666667 0.06734 0.09281333333333333
50 0.5604366666666667 0.7638299999999999 0.06734 0.09281333333333333
51 0.7328766666666667 0.75988 0.06734 0.09281333333333333
52 0.9151900000000001 0.7539533333333334 0.07129 0.11256999999999999
60 0.11683 0.9126700000000001 0.06734 0.09281333333333333
61 0.2978266666666667 0.9106933333333334 0.07655333333333333 0.10466666666666667
62 0.4742166666666667 0.9093766666666667 0.07655333333333333 0.10466666666666667
63 0.6545566666666667 0.90279 0.07655333333333333 0.10466666666666667