40 0.11510000000000001 0.14651333333333333 0.018283333333333335 0.031413333333333335
22 0.14416666666666667 0.14534 0.02391 0.033756666666666664
14 0.17253333333333334 0.14463666666666666 0.02063 0.03235
30 0.23090333333333335 0.14627666666666667 0.019223333333333335 0.035633333333333336
30 0.20300666666666667 0.14534 0.01969 0.03657
14 0.26091000000000003 0.14557333333333333 0.019223333333333335 0.03422666666666667
28 0.29068 0.14393333333333333 0.01969 0.033756666666666664
29 0.32092 0.14463666666666666 0.020159999999999997 0.031413333333333335
53 0.37999333333333335 0.14604333333333333 0.019223333333333335 0.03235
55 0.41023333333333334 0.14557333333333333 0.021566666666666668 0.033286666666666666
59 0.46954333333333337 0.14627666666666667 0.020159999999999997 0.033756666666666664
56 0.49931333333333333 0.14416666666666667 0.01969 0.031413333333333335
37 0.5302566666666667 0.14534 0.02063 0.033756666666666664
39 0.5586233333333332 0.14510666666666666 0.020159999999999997 0.03235
43 0.5872200000000001 0.14487 0.019223333333333335 0.032819999999999995
37 0.12002333333333333 0.24309333333333333 0.01969 0.031413333333333335
38 0.14956 0.24403 0.018753333333333334 0.030473333333333335
39 0.17816 0.24332666666666666 0.01687666666666667 0.029066666666666668
41 0.20746 0.24332666666666666 0.018283333333333335 0.029066666666666668
43 0.23699666666666666 0.2428566666666667 0.018283333333333335 0.029066666666666668
45 0.26559666666666665 0.24426333333333333 0.018283333333333335 0.029066666666666668
46 0.29560333333333333 0.24426333333333333 0.018283333333333335 0.029066666666666668
47 0.3237333333333334 0.24567 0.018283333333333335 0.029066666666666668
48 0.3556133333333333 0.2452 0.018283333333333335 0.029066666666666668
49 0.3837433333333333 0.24567 0.018283333333333335 0.029066666666666668
50 0.41140333333333334 0.24614 0.018283333333333335 0.029066666666666668
51 0.44047000000000003 0.24614 0.018283333333333335 0.029066666666666668
52 0.4700066666666667 0.24614 0.018283333333333335 0.029066666666666668
53 0.49860666666666664 0.24567 0.018283333333333335 0.029066666666666668
42 0.5567433333333334 0.24567 0.018283333333333335 0.029066666666666668
44 0.5858133333333333 0.24497 0.019223333333333335 0.031413333333333335
53 0.6425433333333334 0.24637666666666666 0.019223333333333335 0.03235
46 0.6723166666666667 0.24543666666666664 0.01687666666666667 0.033286666666666666
55 0.72975 0.24497 0.020159999999999997 0.03235
56 0.7609266666666668 0.24614 0.021566666666666668 0.03188
57 0.7892899999999999 0.24590666666666666 0.017346666666666666 0.031413333333333335
58 0.81789 0.24590666666666666 0.020159999999999997 0.03235
59 0.84766 0.24543666666666664 0.01969 0.031413333333333335
60 0.8772 0.24614 0.018753333333333334 0.03188
61 0.9060333333333334 0.24520333333333333 0.020159999999999997 0.03188
62 0.12471 0.2918533333333333 0.02063 0.030473333333333335
63 0.15354333333333334 0.29255666666666663 0.018283333333333335 0.030006666666666664
64 0.18284666666666666 0.29302333333333336 0.01969 0.030943333333333333
65 0.21027333333333334 0.29325999999999997 0.019223333333333335 0.031413333333333335
66 0.23934333333333332 0.29208666666666666 0.020159999999999997 0.030943333333333333
40 0.29771333333333333 0.29208666666666666 0.02063 0.032819999999999995
40 0.32561 0.29279 0.020159999999999997 0.033286666666666666
40 0.35444333333333333 0.29255666666666663 0.021566666666666668 0.03188
54 0.4132833333333333 0.29419666666666666 0.017346666666666666 0.030473333333333335
54 0.4693066666666667 0.29372666666666664 0.017816666666666668 0.029536666666666666
54 0.5272100000000001 0.2951333333333333 0.016409999999999998 0.029536666666666666
40 0.12846333333333332 0.33897 0.01969 0.03188
33 0.158 0.3378 0.017816666666666668 0.0286
19 0.18472333333333332 0.33733 0.018753333333333334 0.029536666666666666
30 0.21379 0.33733 0.018753333333333334 0.030473333333333335
18 0.2421566666666667 0.3375633333333333 0.018283333333333335 0.029066666666666668
59 0.30075999999999997 0.33897 0.018283333333333335 0.029066666666666668
56 0.32772 0.33803333333333335 0.01969 0.029066666666666668
37 0.35631666666666667 0.3375633333333333 0.018753333333333334 0.029066666666666668
39 0.3849166666666667 0.33733 0.017816666666666668 0.02766
43 0.4132833333333333 0.33686 0.018283333333333335 0.029536666666666666
37 0.21730666666666665 0.3825733333333333 0.019223333333333335 0.030006666666666664
38 0.27474 0.38304333333333335 0.01969 0.030006666666666664
39 0.3300633333333334 0.38304333333333335 0.018753333333333334 0.02813
41 0.38561999999999996 0.38515 0.019223333333333335 0.029536666666666666
43 0.44188000000000005 0.3849166666666667 0.016409999999999998 0.030006666666666664
45 0.4976733333333333 0.38444666666666666 0.017346666666666666 0.029066666666666668
46 0.55323 0.38515 0.018753333333333334 0.029536666666666666
47 0.60949 0.3849166666666667 0.01594 0.030943333333333333
48 0.6657533333333333 0.38515 0.01969 0.030473333333333335
49 0.7234200000000001 0.3853866666666667 0.01687666666666667 0.030943333333333333
50 0.7803833333333333 0.3858533333333333 0.020159999999999997 0.029066666666666668
51 0.83969 0.3853866666666667 0.021566666666666668 0.030943333333333333
52 0.89525 0.38632333333333335 0.021096666666666666 0.03188
53 0.13479 0.4287533333333333 0.020159999999999997 0.031413333333333335
42 0.19011333333333336 0.42945666666666665 0.021096666666666666 0.030006666666666664
44 0.22082333333333334 0.42851999999999996 0.017816666666666668 0.029066666666666668
53 0.27591333333333334 0.4287533333333333 0.017346666666666666 0.029536666666666666
46 0.30545 0.4289866666666667 0.018283333333333335 0.029066666666666668
55 0.35983333333333334 0.42968999999999996 0.019223333333333335 0.031413333333333335
56 0.4149233333333333 0.4289866666666667 0.01969 0.030006666666666664
57 0.4697766666666666 0.43016 0.01969 0.0286
58 0.5248666666666666 0.4287533333333333 0.017346666666666666 0.029536666666666666
59 0.5806566666666667 0.43063 0.020159999999999997 0.02766
60 0.63598 0.43039333333333335 0.018283333333333335 0.030006666666666664
61 0.6917733333333334 0.43039333333333335 0.020159999999999997 0.030006666666666664
62 0.7487366666666667 0.4315666666666667 0.02063 0.029536666666666666
63 0.8064033333333334 0.4308633333333333 0.018753333333333334 0.02813
65 0.14135666666666666 0.47259 0.020159999999999997 0.026256666666666664
66 0.19597333333333333 0.47212 0.018753333333333334 0.027193333333333333
40 0.14604333333333333 0.5138466666666667 0.018283333333333335 0.029066666666666668
53 0.25411 0.5138466666666667 0.017816666666666668 0.030943333333333333
61 0.2817733333333334 0.5126766666666667 0.021566666666666668 0.030473333333333335
52 0.3084966666666667 0.51291 0.017816666666666668 0.02813
38 0.3363933333333333 0.51291 0.020159999999999997 0.02813
43 0.3626466666666667 0.5131433333333334 0.017346666666666666 0.029536666666666666
58 0.38960666666666666 0.51291 0.017816666666666668 0.030006666666666664
59 0.4170333333333333 0.5138466666666667 0.017346666666666666 0.02813
54 0.15237333333333333 0.5989433333333333 0.01687666666666667 0.0286
54 0.23067 0.5968333333333333 0.01687666666666667 0.029066666666666668
54 0.3106066666666667 0.5987066666666666 0.016409999999999998 0.029066666666666668
54 0.36428666666666665 0.59941 0.01594 0.0286
54 0.44399 0.6001133333333333 0.01687666666666667 0.02813
54 0.5236933333333333 0.6001133333333333 0.01687666666666667 0.029066666666666668
54 0.6041 0.6017566666666666 0.017346666666666666 0.029536666666666666
54 0.6854433333333333 0.6033966666666667 0.01687666666666667 0.02813
54 0.7684266666666667 0.6050366666666667 0.01969 0.0286
54 0.8530533333333333 0.6057400000000001 0.018283333333333335 0.02813
54 0.15307666666666667 0.6798166666666667 0.017346666666666666 0.027193333333333333
54 0.23113666666666666 0.68216 0.01687666666666667 0.026256666666666664
54 0.31013666666666667 0.6835666666666667 0.018283333333333335 0.030943333333333333
54 0.39031000000000005 0.6833333333333333 0.018283333333333335 0.030473333333333335
54 0.47118333333333334 0.68216 0.01687666666666667 0.02813
54 0.5504166666666667 0.6828633333333334 0.01687666666666667 0.0286
54 0.63176 0.6847399999999999 0.017346666666666666 0.030473333333333335
54 0.7119333333333334 0.6861466666666667 0.017346666666666666 0.02766
54 0.7937433333333334 0.6880233333333334 0.017816666666666668 0.02766
54 0.15331 0.7241233333333333 0.017816666666666668 0.02766
0 0.17769000000000001 0.59777 0.01687666666666667 0.030006666666666664
1 0.25645666666666667 0.5968333333333333 0.01969 0.029066666666666668
2 0.3378 0.5980033333333333 0.019223333333333335 0.029536666666666666
3 0.3910133333333333 0.59941 0.01594 0.0286
4 0.46954333333333337 0.59941 0.017346666666666666 0.030473333333333335
5 0.54948 0.6001133333333333 0.01687666666666667 0.029066666666666668
6 0.6303533333333333 0.6012866666666666 0.018283333333333335 0.0286
7 0.7126366666666666 0.6038666666666667 0.017816666666666668 0.029066666666666668
8 0.7953866666666666 0.6059733333333334 0.016409999999999998 0.030473333333333335
9 0.8800100000000001 0.6050366666666667 0.018753333333333334 0.02766
1 0.17816 0.6791133333333333 0.017816666666666668 0.026723333333333335
3 0.2559866666666667 0.6816933333333333 0.018753333333333334 0.027193333333333333
4 0.3363933333333333 0.6835666666666667 0.015473333333333334 0.030006666666666664
2 0.41539000000000004 0.6833333333333333 0.017816666666666668 0.029536666666666666
5 0.4960333333333333 0.6826300000000001 0.018753333333333334 0.030006666666666664
6 0.5762033333333333 0.6828633333333334 0.01687666666666667 0.026723333333333335
7 0.6580166666666667 0.6840366666666667 0.017346666666666666 0.02813
8 0.7370166666666668 0.6859133333333333 0.017816666666666668 0.029066666666666668
9 0.8197666666666668 0.68896 0.016409999999999998 0.0286
0 0.17933 0.7238866666666666 0.015473333333333334 0.026256666666666664
52 0.15237333333333333 0.8493033333333333 0.018753333333333334 0.02766
37 0.17769000000000001 0.8488333333333333 0.017816666666666668 0.026723333333333335
46 0.20347666666666664 0.8495366666666667 0.01687666666666667 0.029066666666666668
37 0.22973000000000002 0.8490666666666666 0.01687666666666667 0.027193333333333333
53 0.25645666666666667 0.8502399999999999 0.01687666666666667 0.02766
41 0.28224 0.8495366666666667 0.017816666666666668 0.026256666666666664
37 0.30943333333333334 0.84977 0.01687666666666667 0.025786666666666666
53 0.33521999999999996 0.8504733333333333 0.018753333333333334 0.027193333333333333
46 0.36171000000000003 0.8500066666666667 0.016409999999999998 0.027193333333333333
61 0.4151566666666667 0.8507100000000001 0.020159999999999997 0.0286
52 0.44188000000000005 0.8511766666666667 0.019223333333333335 0.0286
37 0.46954333333333337 0.8514133333333332 0.018283333333333335 0.027193333333333333
46 0.49485999999999997 0.85282 0.016409999999999998 0.027193333333333333
37 0.5222866666666667 0.8525833333333334 0.017816666666666668 0.0286
59 0.57597 0.8525833333333334 0.018283333333333335 0.025786666666666666
37 0.6017566666666666 0.85235 0.018283333333333335 0.026256666666666664
48 0.6556733333333333 0.8532866666666667 0.016409999999999998 0.027193333333333333
53 0.68099 0.8521166666666666 0.017346666666666666 0.0286
65 0.70701 0.8525833333333334 0.018753333333333334 0.026723333333333335
55 0.7337333333333332 0.8535233333333334 0.01594 0.0286
50 0.15307666666666667 0.8903266666666667 0.018283333333333335 0.027193333333333333
61 0.17862666666666666 0.8907933333333333 0.017816666666666668 0.02813
52 0.20441333333333334 0.8905599999999999 0.018753333333333334 0.026723333333333335
61 0.23113666666666666 0.8905599999999999 0.017816666666666668 0.026723333333333335
59 0.2573933333333333 0.8914966666666666 0.01594 0.02485
60 0.2838833333333333 0.8914966666666666 0.019223333333333335 0.025786666666666666
37 0.31084 0.8910300000000001 0.017816666666666668 0.02485
50 0.36288000000000004 0.8914966666666666 0.018753333333333334 0.02766
37 0.38984 0.8924366666666667 0.017346666666666666 0.02766
65 0.4151566666666667 0.8933733333333332 0.019223333333333335 0.02766
55 0.44258333333333333 0.8912633333333333 0.018753333333333334 0.029066666666666668