59 0.12060546875 0.05615234375 0.05419921875 0.083984375
56 0.18359375 0.0595703125 0.05419921875 0.083984375
37 0.25 0.05712890625 0.05419921875 0.083984375
39 0.322265625 0.0576171875 0.05419921875 0.083984375
43 0.38623046875 0.05615234375 0.05419921875 0.083984375
52 0.12939453125 0.27685546875 0.0517578125 0.0751953125
51 0.0615234375 0.27734375 0.0517578125 0.0751953125
53 0.19580078125 0.27685546875 0.0517578125 0.0751953125
42 0.328125 0.27490234375 0.0517578125 0.0751953125
44 0.39599609375 0.27294921875 0.0517578125 0.0751953125
53 0.52392578125 0.27197265625 0.0517578125 0.0751953125
46 0.5859375 0.27685546875 0.0517578125 0.0751953125
55 0.70751953125 0.27392578125 0.0517578125 0.0751953125
56 0.7744140625 0.27392578125 0.0517578125 0.0751953125
57 0.83642578125 0.27490234375 0.0517578125 0.0751953125
58 0.89208984375 0.27294921875 0.0517578125 0.0751953125
59 0.95068359375 0.27490234375 0.0517578125 0.0751953125
54 0.14208984375 0.38916015625 0.0517578125 0.0751953125
54 0.26953125 0.3857421875 0.0517578125 0.0751953125
43 0.08642578125 0.57861328125 0.05224609375 0.0751953125
45 0.21435546875 0.57421875 0.05224609375 0.0751953125
46 0.3388671875 0.5712890625 0.05224609375 0.0751953125
47 0.45947265625 0.56787109375 0.05224609375 0.0751953125
48 0.5791015625 0.56396484375 0.05224609375 0.0751953125
49 0.6962890625 0.56591796875 0.05224609375 0.0751953125
50 0.81689453125 0.5634765625 0.05224609375 0.0751953125
51 0.9287109375 0.55859375 0.05224609375 0.0751953125
56 0.037109375 0.6748046875 0.05224609375 0.07080078125
57 0.1630859375 0.66943359375 0.05224609375 0.06982421875
58 0.283203125 0.66357421875 0.0498046875 0.07080078125
59 0.06005859375 0.84375 0.04443359375 0.06787109375
59 0.40234375 0.658203125 0.0498046875 0.07080078125
60 0.5185546875 0.6572265625 0.0498046875 0.07080078125
61 0.63525390625 0.65234375 0.0498046875 0.06787109375
62 0.75146484375 0.6513671875 0.0498046875 0.06787109375
63 0.8662109375 0.6474609375 0.0458984375 0.0654296875
54 0.7822265625 0.96533203125 0.04736328125 0.05712890625
54 0.62158203125 0.96923828125 0.04736328125 0.05712890625
7 0.6845703125 0.96923828125 0.04736328125 0.05712890625
8 0.84130859375 0.96923828125 0.04345703125 0.05859375
54 0.93994140625 0.9619140625 0.04736328125 0.05712890625