60 0.03515625 0.14501953125 0.03759765625 0.07421875
43 0.10400390625 0.14013671875 0.0419921875 0.07373046875
58 0.1728515625 0.14111328125 0.0439453125 0.07568359375
59 0.24462890625 0.14013671875 0.04296875 0.07470703125
53 0.38720703125 0.13671875 0.04296875 0.078125
55 0.4599609375 0.13623046875 0.04541015625 0.0771484375
59 0.60791015625 0.13525390625 0.04541015625 0.07373046875
56 0.6796875 0.13427734375 0.0419921875 0.07568359375
37 0.75439453125 0.13330078125 0.04638671875 0.076171875
39 0.830078125 0.13427734375 0.04541015625 0.07177734375
43 0.900390625 0.13671875 0.04150390625 0.0703125
43 0.04541015625 0.3720703125 0.0400390625 0.06884765625
45 0.11279296875 0.37255859375 0.04345703125 0.06884765625
46 0.18310546875 0.37255859375 0.0419921875 0.07275390625
47 0.251953125 0.37158203125 0.0439453125 0.07177734375
48 0.322265625 0.37060546875 0.041015625 0.06982421875
49 0.3955078125 0.37451171875 0.0400390625 0.078125
50 0.46337890625 0.37451171875 0.04296875 0.07568359375
51 0.53369140625 0.3740234375 0.037109375 0.07177734375
52 0.60302734375 0.37548828125 0.04443359375 0.07421875
53 0.673828125 0.37451171875 0.04296875 0.0703125
42 0.81640625 0.375 0.04638671875 0.07373046875
44 0.8896484375 0.3759765625 0.04150390625 0.07421875
66 0.0537109375 0.4873046875 0.0458984375 0.06982421875
40 0.18994140625 0.48828125 0.04736328125 0.06884765625
40 0.2568359375 0.48681640625 0.0458984375 0.06640625
40 0.3251953125 0.48974609375 0.05126953125 0.0625
54 0.46435546875 0.48828125 0.0400390625 0.06884765625
54 0.60107421875 0.4873046875 0.04345703125 0.07080078125
54 0.740234375 0.4921875 0.04443359375 0.06787109375
47 0.06103515625 0.59228515625 0.03955078125 0.0703125
59 0.19482421875 0.59033203125 0.04345703125 0.06640625
56 0.259765625 0.587890625 0.0439453125 0.06787109375
37 0.3271484375 0.5869140625 0.04345703125 0.06396484375
39 0.39794921875 0.5869140625 0.0390625 0.06396484375
43 0.46484375 0.5859375 0.0400390625 0.0615234375
38 0.13330078125 0.689453125 0.0380859375 0.0595703125
39 0.26416015625 0.68701171875 0.0439453125 0.0576171875
41 0.3974609375 0.69091796875 0.0400390625 0.0634765625
43 0.52880859375 0.693359375 0.0439453125 0.064453125
45 0.666015625 0.69677734375 0.0419921875 0.06640625
46 0.80029296875 0.69873046875 0.0439453125 0.0625
47 0.9375 0.701171875 0.03955078125 0.06982421875
53 0.0185546875 0.78759765625 0.037109375 0.05810546875
53 0.14306640625 0.7900390625 0.0380859375 0.0634765625
46 0.2060546875 0.7900390625 0.03564453125 0.0625
55 0.33447265625 0.79345703125 0.041015625 0.0634765625
56 0.46435546875 0.7939453125 0.041015625 0.06591796875
57 0.595703125 0.79833984375 0.041015625 0.0634765625
58 0.72900390625 0.79931640625 0.03955078125 0.064453125
59 0.861328125 0.8037109375 0.0439453125 0.06689453125
53 0.09521484375 0.96240234375 0.04296875 0.05615234375
61 0.15966796875 0.96435546875 0.0478515625 0.0625
52 0.216796875 0.9677734375 0.041015625 0.05810546875
38 0.27490234375 0.96826171875 0.0380859375 0.0634765625