54 0.1259765625 0.4580078125 0.048828125 0.0703125
54 0.34326171875 0.457763671875 0.052734375 0.0791015625
54 0.5595703125 0.461181640625 0.0537109375 0.08349609375
54 0.78125 0.460205078125 0.05712890625 0.0810546875
54 0.1923828125 0.6875 0.05615234375 0.08251953125
54 0.412109375 0.6884765625 0.04931640625 0.08349609375
54 0.635009765625 0.689453125 0.052734375 0.0810546875
54 0.862548828125 0.69482421875 0.0537109375 0.0810546875
59 0.067626953125 0.233642578125 0.04931640625 0.07568359375
4 0.1982421875 0.457275390625 0.04248046875 0.068359375
5 0.4150390625 0.45703125 0.04931640625 0.0791015625
6 0.62939453125 0.45947265625 0.0537109375 0.08349609375
7 0.8544921875 0.461669921875 0.05078125 0.080078125
6 0.484619140625 0.68994140625 0.04931640625 0.08251953125
5 0.26220703125 0.686279296875 0.0537109375 0.08251953125
7 0.707275390625 0.6884765625 0.05078125 0.07666015625
8 0.929931640625 0.695068359375 0.0517578125 0.0888671875