59 0.12036333333333332 0.05599333333333333 0.05427 0.08406666666666666
56 0.18341666666666667 0.05960000000000001 0.05427 0.08406666666666666
37 0.25007333333333337 0.056896666666666665 0.05427 0.08406666666666666
39 0.3221333333333333 0.05779666666666666 0.05427 0.08406666666666666
43 0.3860866666666667 0.05599333333333333 0.05427 0.08406666666666666
52 0.12925666666666666 0.27665666666666666 0.05179333333333333 0.07546666666666667
51 0.0617 0.2775566666666667 0.05179333333333333 0.07546666666666667
53 0.19591333333333333 0.27665666666666666 0.05179333333333333 0.07546666666666667
42 0.32832333333333336 0.27485333333333334 0.05179333333333333 0.07546666666666667
44 0.39588 0.27305 0.05179333333333333 0.07546666666666667
53 0.5237866666666666 0.27215 0.05179333333333333 0.07546666666666667
46 0.58594 0.27665666666666666 0.05179333333333333 0.07546666666666667
55 0.70754 0.2739533333333333 0.05179333333333333 0.07546666666666667
56 0.7741966666666668 0.2739533333333333 0.05179333333333333 0.07546666666666667
57 0.83635 0.27485333333333334 0.05179333333333333 0.07546666666666667
58 0.8921966666666667 0.27305 0.05179333333333333 0.07546666666666667
59 0.9507466666666666 0.27485333333333334 0.05179333333333333 0.07546666666666667
54 0.14186666666666667 0.38932 0.05179333333333333 0.07546666666666667
54 0.26977333333333336 0.38571333333333335 0.05179333333333333 0.07546666666666667
43 0.08647 0.5785933333333333 0.052693333333333335 0.07546666666666667
45 0.21437666666666666 0.5740866666666666 0.052693333333333335 0.07546666666666667
46 0.33868 0.5713833333333334 0.052693333333333335 0.07546666666666667
47 0.45938 0.5677766666666666 0.052693333333333335 0.07546666666666667
48 0.57918 0.56417 0.052693333333333335 0.07546666666666667
49 0.6962766666666667 0.5659733333333333 0.052693333333333335 0.07546666666666667
50 0.8169766666666666 0.5632699999999999 0.052693333333333335 0.07546666666666667
51 0.9286700000000001 0.5587633333333333 0.052693333333333335 0.07546666666666667
56 0.036930000000000004 0.6745833333333333 0.052693333333333335 0.07096
57 0.16303666666666666 0.6696266666666667 0.052693333333333335 0.07006
58 0.2832866666666667 0.6637666666666666 0.04999 0.07096
59 0.059899999999999995 0.8435766666666666 0.04458666666666666 0.06825666666666667
59 0.40218666666666664 0.65836 0.04999 0.07096
60 0.5183833333333334 0.65746 0.04999 0.07096
61 0.63548 0.6525033333333333 0.04999 0.06825666666666667
62 0.7516766666666668 0.6516033333333333 0.04999 0.06825666666666667
63 0.8660733333333333 0.6475466666666667 0.046386666666666666 0.06555333333333334
54 0.7823 0.9655566666666667 0.047409999999999994 0.057196666666666666
54 0.6216233333333333 0.96921 0.047409999999999994 0.057196666666666666
7 0.6844333333333334 0.96921 0.047409999999999994 0.057196666666666666
8 0.8410933333333334 0.96921 0.04375666666666667 0.05866
54 0.9400566666666667 0.9619033333333333 0.047409999999999994 0.057196666666666666