53 0.1572265625 0.20849609375 0.04736328125 0.07177734375
61 0.224609375 0.20947265625 0.05517578125 0.07421875
52 0.29541015625 0.20947265625 0.04638671875 0.07177734375
38 0.3642578125 0.208984375 0.04443359375 0.07080078125
43 0.43408203125 0.20947265625 0.04541015625 0.07421875
58 0.50390625 0.21435546875 0.04736328125 0.07763671875
59 0.57666015625 0.2138671875 0.04638671875 0.07177734375
54 0.07568359375 0.431640625 0.048828125 0.0673828125
54 0.28271484375 0.43408203125 0.04736328125 0.07861328125
54 0.42431640625 0.439453125 0.05078125 0.07666015625
54 0.64013671875 0.4462890625 0.04638671875 0.07421875
54 0.8583984375 0.4501953125 0.0498046875 0.07763671875
54 0.06103515625 0.65625 0.048828125 0.07421875
54 0.2724609375 0.662109375 0.04638671875 0.0751953125
54 0.4912109375 0.66796875 0.04638671875 0.08203125
54 0.71044921875 0.67626953125 0.04736328125 0.07861328125
54 0.92724609375 0.68408203125 0.04296875 0.07666015625
1 0.1455078125 0.43115234375 0.04638671875 0.0732421875
2 0.35595703125 0.4384765625 0.0498046875 0.07861328125
3 0.49755859375 0.44091796875 0.04638671875 0.0751953125
4 0.71142578125 0.44384765625 0.0498046875 0.07421875
5 0.9267578125 0.44921875 0.05078125 0.0810546875
3 0.13427734375 0.65380859375 0.05078125 0.07666015625
4 0.3466796875 0.65966796875 0.04638671875 0.07421875
2 0.5615234375 0.66552734375 0.0498046875 0.07763671875
5 0.78466796875 0.6748046875 0.05322265625 0.0830078125