53 0.035 0.23611000000000001 0.03666666666666667 0.056666666666666664
53 0.13389 0.23166666666666666 0.03666666666666667 0.05222333333333333
46 0.18389 0.23 0.03222333333333333 0.05333333333333334
55 0.285 0.22555666666666666 0.03666666666666667 0.05777666666666667
56 0.33388999999999996 0.22277666666666668 0.03222333333333333 0.05444333333333334
57 0.38166666666666665 0.22111 0.03222333333333333 0.055556666666666664
58 0.43111 0.21888999999999997 0.03555666666666667 0.055556666666666664
59 0.47889000000000004 0.21722333333333332 0.03333333333333333 0.05222333333333333
60 0.5283333333333333 0.21555666666666665 0.03 0.055556666666666664
61 0.5744433333333333 0.21444333333333335 0.03555666666666667 0.05333333333333334
46 0.017223333333333334 0.47333333333333333 0.03222333333333333 0.048889999999999996
47 0.11389 0.4644433333333333 0.03444333333333333 0.05111
48 0.20889 0.45777666666666667 0.03333333333333333 0.04666666666666667
49 0.30666666666666664 0.45555666666666667 0.03333333333333333 0.055556666666666664
50 0.40055666666666667 0.45 0.03444333333333333 0.048889999999999996
51 0.49111 0.44610999999999995 0.03333333333333333 0.04777666666666667
52 0.5822233333333333 0.44333333333333336 0.03111 0.05111
59 0.07611000000000001 0.5444433333333333 0.027776666666666665 0.05111
60 0.1727766666666667 0.5372233333333334 0.03222333333333333 0.04777666666666667
61 0.26444333333333336 0.5305566666666667 0.03555666666666667 0.04777666666666667
62 0.35777666666666663 0.5266666666666666 0.03333333333333333 0.05111
63 0.45222333333333337 0.52 0.02889 0.044443333333333335
54 0.025276666666666666 0.8269433333333334 0.029443333333333332 0.04277666666666667
5 0.06611 0.825 0.03 0.043333333333333335
54 0.15972333333333333 0.815 0.029443333333333332 0.044443333333333335
6 0.2 0.8127766666666666 0.027776666666666665 0.044443333333333335
54 0.29305666666666663 0.8066666666666666 0.028333333333333332 0.044443333333333335
7 0.33416666666666667 0.8036099999999999 0.027223333333333335 0.04389
54 0.425 0.7975 0.027776666666666665 0.04389
8 0.4655566666666667 0.79389 0.02889 0.043333333333333335
54 0.55611 0.7880566666666667 0.02666666666666667 0.04389
9 0.5980566666666667 0.7855566666666667 0.027223333333333335 0.044443333333333335
54 0.08972333333333334 0.9466666666666667 0.025 0.04111
6 0.12972333333333333 0.9422233333333334 0.026109999999999998 0.03889
54 0.22138999999999998 0.9369433333333334 0.027223333333333335 0.040556666666666664
7 0.26111 0.9344433333333333 0.02889 0.042223333333333335
54 0.3491666666666667 0.92889 0.027223333333333335 0.043333333333333335
8 0.38860999999999996 0.92639 0.027223333333333335 0.04389
54 0.47694333333333333 0.92 0.026109999999999998 0.04
9 0.51861 0.9172233333333334 0.026109999999999998 0.042223333333333335