37 0.095703125 0.22265625 0.044921875 0.07470703125
38 0.15771484375 0.22265625 0.044921875 0.07470703125
39 0.220703125 0.21728515625 0.044921875 0.07470703125
41 0.28564453125 0.21435546875 0.044921875 0.07470703125
43 0.35107421875 0.2109375 0.044921875 0.07470703125
45 0.4189453125 0.208984375 0.044921875 0.07470703125
46 0.4892578125 0.20751953125 0.044921875 0.07470703125
47 0.5576171875 0.2060546875 0.044921875 0.07470703125
48 0.630859375 0.2041015625 0.044921875 0.07470703125
49 0.70751953125 0.2041015625 0.044921875 0.07470703125
50 0.77392578125 0.2060546875 0.044921875 0.07470703125
51 0.84423828125 0.20263671875 0.044921875 0.07470703125
52 0.9208984375 0.20068359375 0.044921875 0.07470703125
62 0.09228515625 0.333984375 0.044921875 0.07470703125
63 0.15576171875 0.33251953125 0.044921875 0.07470703125
64 0.21923828125 0.3291015625 0.044921875 0.07470703125
65 0.28564453125 0.32763671875 0.044921875 0.07470703125
66 0.35400390625 0.32568359375 0.044921875 0.07470703125
40 0.494140625 0.32763671875 0.044921875 0.07470703125
40 0.56103515625 0.32763671875 0.044921875 0.07470703125
40 0.63232421875 0.32421875 0.044921875 0.07470703125
54 0.77734375 0.32421875 0.044921875 0.07470703125
54 0.92236328125 0.32080078125 0.044921875 0.07470703125
40 0.09912109375 0.43603515625 0.044921875 0.07470703125
33 0.1591796875 0.43408203125 0.044921875 0.07470703125
48 0.220703125 0.4326171875 0.044921875 0.07470703125
60 0.2890625 0.43408203125 0.044921875 0.07470703125
47 0.3525390625 0.43408203125 0.044921875 0.07470703125
59 0.49072265625 0.43603515625 0.044921875 0.07470703125
56 0.55908203125 0.4306640625 0.044921875 0.07470703125
37 0.6259765625 0.4326171875 0.044921875 0.07470703125
39 0.7041015625 0.4326171875 0.044921875 0.07470703125
43 0.77587890625 0.427734375 0.044921875 0.07470703125
37 0.10107421875 0.541015625 0.044921875 0.07470703125
38 0.16259765625 0.54248046875 0.044921875 0.07470703125
37 0.291015625 0.541015625 0.044921875 0.07470703125
38 0.42236328125 0.54248046875 0.044921875 0.07470703125
39 0.56103515625 0.5439453125 0.044921875 0.07470703125
41 0.70068359375 0.5458984375 0.044921875 0.07470703125
43 0.84423828125 0.5458984375 0.044921875 0.07470703125
53 0.10107421875 0.64892578125 0.044921875 0.07470703125
42 0.2275390625 0.64892578125 0.044921875 0.07470703125
44 0.29248046875 0.64892578125 0.044921875 0.07470703125
53 0.42431640625 0.65087890625 0.044921875 0.07470703125
46 0.49267578125 0.65087890625 0.044921875 0.07470703125
55 0.62744140625 0.65771484375 0.044921875 0.07470703125
56 0.76904296875 0.6591796875 0.044921875 0.07470703125
57 0.9140625 0.6640625 0.044921875 0.07470703125
65 0.109375 0.75244140625 0.044921875 0.07470703125
66 0.22900390625 0.7490234375 0.044921875 0.07470703125
40 0.11767578125 0.83935546875 0.044921875 0.07470703125
24 0.17578125 0.83935546875 0.044921875 0.07470703125
48 0.23583984375 0.84228515625 0.044921875 0.07470703125
53 0.3642578125 0.85595703125 0.044921875 0.078125
61 0.42578125 0.85400390625 0.044921875 0.078125
52 0.49267578125 0.859375 0.044921875 0.078125
38 0.55908203125 0.8623046875 0.044921875 0.078125
58 0.69580078125 0.86572265625 0.044921875 0.078125
43 0.62744140625 0.8623046875 0.044921875 0.078125
59 0.765625 0.869140625 0.044921875 0.078125