59 0.1064453125 0.129638671875 0.04296875 0.06689453125
56 0.15576171875 0.130859375 0.04296875 0.06689453125
37 0.20654296875 0.130126953125 0.04296875 0.06689453125
39 0.255859375 0.13037109375 0.04296875 0.06689453125
43 0.3076171875 0.129638671875 0.04296875 0.06689453125
42 0.263671875 0.29443359375 0.04296875 0.06689453125
44 0.3173828125 0.29296875 0.04296875 0.06689453125
53 0.17333984375 0.29052734375 0.03759765625 0.05908203125
52 0.12255859375 0.293212890625 0.03759765625 0.05908203125
51 0.0751953125 0.29296875 0.03759765625 0.05908203125
54 0.03857421875 0.373779296875 0.03759765625 0.05908203125
54 0.13134765625 0.371337890625 0.03759765625 0.05908203125
54 0.22607421875 0.371826171875 0.03759765625 0.05908203125
53 0.408203125 0.291015625 0.03759765625 0.05908203125
46 0.4609375 0.293212890625 0.03759765625 0.05908203125
55 0.55517578125 0.294677734375 0.03759765625 0.05908203125
56 0.607421875 0.294921875 0.03759765625 0.05908203125
57 0.65625 0.29443359375 0.03759765625 0.05908203125
58 0.70263671875 0.295654296875 0.03759765625 0.05908203125
59 0.7509765625 0.294921875 0.03759765625 0.05908203125
60 0.79541015625 0.295166015625 0.03759765625 0.05908203125
61 0.8408203125 0.29541015625 0.03759765625 0.05908203125
43 0.099609375 0.5185546875 0.03759765625 0.05908203125
56 0.064453125 0.583984375 0.03759765625 0.05908203125
57 0.15234375 0.58642578125 0.03759765625 0.05908203125
45 0.18994140625 0.517333984375 0.03759765625 0.05908203125
46 0.28271484375 0.516357421875 0.03759765625 0.05908203125
58 0.244140625 0.5859375 0.03759765625 0.05908203125
59 0.33349609375 0.58203125 0.03759765625 0.05908203125
47 0.376953125 0.516845703125 0.03759765625 0.05908203125
60 0.419921875 0.58251953125 0.03759765625 0.05908203125
61 0.509765625 0.5791015625 0.03759765625 0.05908203125
48 0.4619140625 0.517333984375 0.03759765625 0.05908203125
49 0.55517578125 0.517822265625 0.03759765625 0.05908203125
62 0.59619140625 0.58349609375 0.03759765625 0.05908203125
50 0.6435546875 0.514404296875 0.03759765625 0.05908203125
51 0.73291015625 0.514892578125 0.03759765625 0.05908203125
52 0.82373046875 0.5146484375 0.03759765625 0.05908203125
63 0.6845703125 0.5830078125 0.03759765625 0.05908203125
54 0.38037109375 0.844970703125 0.03759765625 0.05908203125
6 0.42626953125 0.84619140625 0.03759765625 0.05908203125
54 0.255859375 0.84521484375 0.03759765625 0.05908203125
54 0.1337890625 0.843505859375 0.03759765625 0.05908203125
54 0.05126953125 0.964111328125 0.03759765625 0.05908203125
54 0.1796875 0.966796875 0.03759765625 0.05908203125
2 0.09814453125 0.970458984375 0.03759765625 0.05908203125
4 0.177734375 0.8466796875 0.03759765625 0.05908203125
5 0.298828125 0.847412109375 0.03759765625 0.05908203125
5 0.224609375 0.968017578125 0.03759765625 0.05908203125
54 0.30029296875 0.969482421875 0.03662109375 0.05126953125
6 0.345703125 0.97119140625 0.03759765625 0.0576171875
54 0.42919921875 0.96728515625 0.03955078125 0.05419921875
7 0.47216796875 0.965087890625 0.03955078125 0.05419921875
54 0.5078125 0.84521484375 0.03955078125 0.05419921875
7 0.55322265625 0.844482421875 0.03955078125 0.05419921875
54 0.55029296875 0.964599609375 0.03955078125 0.05419921875
8 0.59619140625 0.96484375 0.03955078125 0.05419921875
54 0.6748046875 0.96044921875 0.03955078125 0.05419921875
9 0.71728515625 0.959716796875 0.03955078125 0.05419921875
54 0.634765625 0.843994140625 0.03955078125 0.05419921875
8 0.6787109375 0.84326171875 0.03955078125 0.05419921875
54 0.76220703125 0.8408203125 0.03955078125 0.05419921875
9 0.8046875 0.841064453125 0.03662109375 0.05419921875
50 0.0283203125 0.292724609375 0.03759765625 0.05908203125