53 0.085 0.295 0.06 0.09333333333333334
46 0.165 0.2941666666666667 0.05 0.09166666666666666
55 0.3175 0.29583333333333334 0.055 0.095
56 0.3958333333333333 0.2991666666666667 0.055 0.095
57 0.4708333333333333 0.30083333333333334 0.055 0.095
58 0.5458333333333333 0.30583333333333335 0.055 0.095
59 0.6208333333333333 0.3025 0.055 0.095
60 0.6908333333333333 0.3075 0.055 0.095
61 0.7608333333333334 0.30583333333333335 0.055 0.095
60 0.10916666666666666 0.7625 0.055 0.08166666666666667
61 0.25583333333333336 0.7608333333333334 0.055 0.08166666666666667
62 0.3958333333333333 0.7591666666666667 0.055 0.08166666666666667
63 0.5375 0.7575 0.055 0.08166666666666667
52 0.7491666666666666 0.6391666666666667 0.055 0.08166666666666667
50 0.6075 0.6441666666666667 0.055 0.08166666666666667
50 0.4725 0.6458333333333334 0.055 0.08166666666666667
49 0.325 0.6475 0.05 0.07833333333333334
48 0.17666666666666667 0.6475 0.05 0.07833333333333334
47 0.03 0.6508333333333334 0.05 0.07833333333333334