54 0.08277666666666667 0.5805566666666667 0.043333333333333335 0.061110000000000005
54 0.25833333333333336 0.5783333333333334 0.043333333333333335 0.061110000000000005
54 0.43722333333333335 0.5794433333333333 0.043333333333333335 0.061110000000000005
54 0.6161133333333333 0.57611 0.043333333333333335 0.06333333333333334
54 0.8016700000000001 0.5716633333333333 0.043333333333333335 0.06555333333333334
54 0.9783333333333334 0.56944 0.043333333333333335 0.06555333333333334
54 0.8627766666666666 0.7561066666666667 0.043333333333333335 0.06555333333333334
54 0.6783333333333333 0.7605500000000001 0.043333333333333335 0.06555333333333334
54 0.5027766666666666 0.7605500000000001 0.043333333333333335 0.06555333333333334
54 0.32277666666666666 0.7583266666666667 0.043333333333333335 0.06555333333333334
54 0.15388666666666667 0.7638833333333334 0.043333333333333335 0.06555333333333334
4 0.13722 0.5805566666666667 0.043333333333333335 0.061110000000000005
5 0.31611 0.5772233333333333 0.043333333333333335 0.061110000000000005
6 0.4938866666666667 0.57389 0.043333333333333335 0.061110000000000005
7 0.67833 0.57278 0.043333333333333335 0.061110000000000005
8 0.8649966666666666 0.5683366666666667 0.043333333333333335 0.061110000000000005
5 0.20833333333333334 0.76278 0.043333333333333335 0.061110000000000005
6 0.38277666666666665 0.7583333333333333 0.043333333333333335 0.061110000000000005
7 0.5594399999999999 0.7583366666666668 0.043333333333333335 0.061110000000000005
8 0.7394400000000001 0.7583366666666668 0.043333333333333335 0.061110000000000005
9 0.91944 0.7516700000000001 0.043333333333333335 0.061110000000000005
46 0.29722 0.08278 0.043333333333333335 0.061110000000000005
47 0.41944333333333333 0.07833666666666667 0.043333333333333335 0.061110000000000005
48 0.5438866666666667 0.07500333333333332 0.043333333333333335 0.061110000000000005
49 0.66833 0.07500333333333332 0.043333333333333335 0.061110000000000005
50 0.7938866666666666 0.07611333333333334 0.043333333333333335 0.061110000000000005
51 0.9105533333333333 0.07722333333333332 0.043333333333333335 0.061110000000000005
57 0.12166333333333333 0.19388999999999998 0.043333333333333335 0.061110000000000005
58 0.23833000000000001 0.18611333333333335 0.043333333333333335 0.061110000000000005
59 0.35833 0.18389 0.043333333333333335 0.061110000000000005
60 0.48610666666666663 0.18166666666666667 0.043333333333333335 0.061110000000000005
61 0.6122166666666667 0.17944333333333334 0.044443333333333335 0.07221999999999999
62 0.7333266666666667 0.18055333333333332 0.044443333333333335 0.07221999999999999
63 0.8544366666666666 0.18277666666666667 0.044443333333333335 0.07221999999999999
43 0.056659999999999995 0.09722000000000001 0.044443333333333335 0.07221999999999999
45 0.17666 0.09388666666666667 0.044443333333333335 0.07221999999999999