54 0.2822265625 0.13720703125 0.0380859375 0.0703125
54 0.45068359375 0.13330078125 0.0419921875 0.078125
54 0.6279296875 0.1328125 0.04296875 0.07080078125
54 0.812255859375 0.1298828125 0.04248046875 0.0703125
54 0.283447265625 0.23388671875 0.037109375 0.07177734375
1 0.33740234375 0.136962890625 0.041015625 0.0712890625
3 0.51025390625 0.134033203125 0.0419921875 0.07958984375
4 0.69091796875 0.1318359375 0.0400390625 0.07421875
2 0.871826171875 0.12890625 0.04345703125 0.0712890625
0 0.339111328125 0.232666015625 0.03662109375 0.0751953125
52 0.28515625 0.50390625 0.03857421875 0.0673828125
37 0.33984375 0.503173828125 0.03955078125 0.06640625
46 0.3974609375 0.5029296875 0.03857421875 0.06298828125
37 0.45458984375 0.50244140625 0.04052734375 0.0654296875
53 0.509765625 0.508544921875 0.04052734375 0.07080078125
41 0.5654296875 0.5068359375 0.0390625 0.06982421875
37 0.623046875 0.50634765625 0.0390625 0.0673828125
53 0.6826171875 0.508056640625 0.0419921875 0.06689453125
46 0.74169921875 0.507568359375 0.0419921875 0.06689453125
61 0.862060546875 0.509033203125 0.04443359375 0.06640625
52 0.920166015625 0.51171875 0.04150390625 0.06787109375
50 0.286865234375 0.595703125 0.041015625 0.07177734375
61 0.341552734375 0.595947265625 0.03662109375 0.068359375
52 0.397705078125 0.59814453125 0.03955078125 0.07177734375
61 0.452880859375 0.59912109375 0.0390625 0.07177734375
59 0.509521484375 0.600830078125 0.04052734375 0.068359375
60 0.566162109375 0.6005859375 0.03857421875 0.06982421875
37 0.625732421875 0.60107421875 0.03955078125 0.06982421875
50 0.743408203125 0.603759765625 0.04541015625 0.0712890625
37 0.803466796875 0.603759765625 0.0458984375 0.06884765625
65 0.860107421875 0.60302734375 0.0439453125 0.06689453125
55 0.918212890625 0.60595703125 0.048828125 0.07177734375
37 0.974609375 0.508056640625 0.04150390625 0.06787109375