54 0.26220703125 0.18310546875 0.05078125 0.0732421875
54 0.462890625 0.18603515625 0.0517578125 0.07666015625
54 0.67333984375 0.1982421875 0.04638671875 0.0830078125
54 0.88671875 0.205078125 0.048828125 0.0810546875
54 0.26708984375 0.29541015625 0.041015625 0.06640625
1 0.328125 0.1826171875 0.04541015625 0.07421875
3 0.53515625 0.18701171875 0.04541015625 0.07421875
4 0.74853515625 0.2001953125 0.04296875 0.083984375
2 0.962890625 0.2041015625 0.056640625 0.07861328125
0 0.33203125 0.29296875 0.03759765625 0.0673828125
52 0.27197265625 0.5888671875 0.0390625 0.06103515625
37 0.3330078125 0.59033203125 0.0380859375 0.05908203125
46 0.39404296875 0.59521484375 0.03955078125 0.06396484375
37 0.455078125 0.59619140625 0.0390625 0.06103515625
53 0.515625 0.599609375 0.0390625 0.06005859375
41 0.57763671875 0.6025390625 0.0400390625 0.0634765625
37 0.64013671875 0.60546875 0.0380859375 0.06494140625
53 0.70068359375 0.60498046875 0.0390625 0.05810546875
46 0.76416015625 0.60888671875 0.03955078125 0.0595703125
61 0.8857421875 0.61669921875 0.037109375 0.0615234375
52 0.9501953125 0.61962890625 0.04248046875 0.0634765625
50 0.27490234375 0.673828125 0.03955078125 0.05322265625
61 0.3369140625 0.67529296875 0.03857421875 0.052734375
52 0.39501953125 0.67724609375 0.03759765625 0.05712890625
61 0.45458984375 0.6787109375 0.037109375 0.052734375
59 0.513671875 0.68310546875 0.03564453125 0.0517578125
60 0.57275390625 0.6845703125 0.03759765625 0.052734375
37 0.6318359375 0.68701171875 0.03662109375 0.0546875
50 0.7509765625 0.69580078125 0.0361328125 0.0556640625
37 0.8154296875 0.69970703125 0.03515625 0.056640625
65 0.8720703125 0.7080078125 0.041015625 0.06103515625
55 0.93505859375 0.7109375 0.0419921875 0.05859375