53 0.1240234375 0.2724609375 0.044921875 0.07470703125
46 0.18603515625 0.27392578125 0.044921875 0.07470703125
55 0.3173828125 0.27587890625 0.044921875 0.07470703125
56 0.38232421875 0.27392578125 0.044921875 0.07470703125
57 0.44921875 0.27392578125 0.044921875 0.07470703125
58 0.5126953125 0.27392578125 0.044921875 0.07470703125
59 0.5791015625 0.27392578125 0.044921875 0.07470703125
60 0.64892578125 0.27392578125 0.044921875 0.07470703125
61 0.71435546875 0.27587890625 0.044921875 0.07470703125
47 0.05078125 0.5859375 0.044921875 0.07470703125
48 0.177734375 0.58935546875 0.044921875 0.07470703125
49 0.3125 0.58935546875 0.044921875 0.07470703125
50 0.44580078125 0.5908203125 0.044921875 0.07470703125
51 0.572265625 0.59228515625 0.044921875 0.07470703125
52 0.71240234375 0.59423828125 0.044921875 0.07470703125
60 0.11083984375 0.69580078125 0.044921875 0.07470703125
61 0.244140625 0.697265625 0.044921875 0.07470703125
62 0.3740234375 0.697265625 0.044921875 0.07470703125
63 0.5126953125 0.69921875 0.044921875 0.07470703125