53 0.09944333333333333 0.11166666666666666 0.05 0.08333333333333333
55 0.17111 0.10666666666666667 0.05111 0.07777666666666667
59 0.31166666666666665 0.10666666666666667 0.04555666666666666 0.07333333333333333
56 0.38110999999999995 0.10555666666666667 0.044443333333333335 0.07555666666666666
37 0.4494433333333333 0.10666666666666667 0.04555666666666666 0.07333333333333333
39 0.52 0.10666666666666667 0.04666666666666667 0.07111
43 0.585 0.10722333333333334 0.04777666666666667 0.07666666666666666
48 0.04944333333333334 0.3372233333333333 0.043333333333333335 0.07222333333333333
49 0.11666666666666667 0.33444333333333337 0.044443333333333335 0.07333333333333333
50 0.18444333333333335 0.33388999999999996 0.042223333333333335 0.07222333333333333
51 0.25333333333333335 0.3333333333333333 0.04666666666666667 0.07111
52 0.32 0.33388999999999996 0.042223333333333335 0.07
53 0.3855566666666667 0.33277666666666667 0.04 0.07
42 0.5138900000000001 0.33055666666666667 0.04555666666666666 0.06777666666666667
44 0.5805566666666667 0.3333333333333333 0.04111 0.06888999999999999
53 0.7072233333333333 0.33055666666666667 0.043333333333333335 0.07444333333333333
46 0.7716666666666666 0.33166666666666667 0.03889 0.07
55 0.89611 0.33277666666666667 0.043333333333333335 0.06555666666666667
56 0.9594433333333333 0.33111 0.04777666666666667 0.06666666666666667
54 0.195 0.4394433333333333 0.04111 0.07
54 0.325 0.43777666666666665 0.04111 0.07111
54 0.4544433333333333 0.43777666666666665 0.04 0.06222333333333333
37 0.06666666666666667 0.5377766666666667 0.044443333333333335 0.06666666666666667
39 0.13277666666666665 0.5366666666666666 0.043333333333333335 0.06666666666666667
43 0.19888999999999998 0.5372233333333334 0.044443333333333335 0.07
41 0.14222333333333334 0.6327766666666667 0.04666666666666667 0.06555666666666667
43 0.26555666666666666 0.6305566666666667 0.044443333333333335 0.07222333333333333
45 0.39166666666666666 0.6216666666666667 0.043333333333333335 0.061110000000000005
46 0.5116666666666667 0.6216666666666667 0.03889 0.06333333333333334
47 0.6327766666666667 0.62 0.03889 0.06666666666666667
48 0.7544433333333334 0.6216666666666667 0.044443333333333335 0.06777666666666667
49 0.8722233333333334 0.6222233333333334 0.042223333333333335 0.07111
55 0.09222333333333334 0.72111 0.044443333333333335 0.06
56 0.21389 0.7177766666666666 0.04777666666666667 0.06222333333333333
57 0.33277666666666667 0.7144433333333333 0.043333333333333335 0.06222333333333333
58 0.45166666666666666 0.7116666666666667 0.04111 0.061110000000000005
59 0.5705566666666667 0.7116666666666667 0.043333333333333335 0.056666666666666664
60 0.6877766666666666 0.7105566666666667 0.044443333333333335 0.061110000000000005
61 0.8033333333333333 0.7083333333333334 0.04 0.05889
62 0.9177766666666667 0.7066666666666667 0.04 0.05777666666666667
38 0.05277666666666667 0.8827766666666667 0.03666666666666667 0.05222333333333333
43 0.11166666666666666 0.8822233333333334 0.03889 0.05777666666666667
58 0.16833333333333333 0.88 0.04111 0.055556666666666664
59 0.22722333333333333 0.8783333333333333 0.03444333333333333 0.05444333333333334