37 0.05615234375 0.14013671875 0.03662109375 0.0595703125
38 0.10595703125 0.1376953125 0.03662109375 0.0595703125
39 0.15380859375 0.1357421875 0.03662109375 0.0595703125
41 0.20263671875 0.13427734375 0.03662109375 0.0595703125
43 0.2529296875 0.13330078125 0.03662109375 0.0595703125
45 0.302734375 0.13232421875 0.03662109375 0.0595703125
46 0.3525390625 0.13134765625 0.03662109375 0.0595703125
47 0.40283203125 0.1298828125 0.03662109375 0.0595703125
48 0.4541015625 0.12890625 0.03662109375 0.0595703125
49 0.5048828125 0.12890625 0.03662109375 0.0595703125
50 0.5517578125 0.12890625 0.03662109375 0.0595703125
51 0.60400390625 0.12890625 0.03662109375 0.0595703125
52 0.65478515625 0.12548828125 0.03662109375 0.0595703125
53 0.70703125 0.12646484375 0.03662109375 0.0595703125
42 0.8095703125 0.1220703125 0.03662109375 0.0595703125
44 0.86181640625 0.12109375 0.03662109375 0.0595703125
53 0.9638671875 0.1220703125 0.03662109375 0.0595703125
62 0.0673828125 0.22216796875 0.03662109375 0.0595703125
63 0.11279296875 0.22314453125 0.03662109375 0.0595703125
64 0.16259765625 0.22119140625 0.03662109375 0.0595703125
65 0.21142578125 0.22021484375 0.03662109375 0.0595703125
66 0.26171875 0.21875 0.03662109375 0.0595703125
40 0.3583984375 0.216796875 0.03662109375 0.0595703125
40 0.408203125 0.216796875 0.03662109375 0.0595703125
40 0.45849609375 0.21337890625 0.03662109375 0.0595703125
54 0.5537109375 0.2099609375 0.03662109375 0.0595703125
54 0.65380859375 0.2080078125 0.03662109375 0.0595703125
54 0.75390625 0.208984375 0.03662109375 0.0595703125
40 0.07373046875 0.29541015625 0.03662109375 0.0595703125
33 0.1240234375 0.298828125 0.03662109375 0.0595703125
48 0.16845703125 0.2978515625 0.03662109375 0.0595703125
60 0.21630859375 0.296875 0.03662109375 0.0595703125
47 0.26513671875 0.29541015625 0.03662109375 0.0595703125
59 0.3603515625 0.29443359375 0.03662109375 0.0595703125
56 0.4072265625 0.29345703125 0.03662109375 0.0595703125
37 0.455078125 0.2919921875 0.03662109375 0.0595703125
39 0.50634765625 0.2919921875 0.03662109375 0.0595703125
43 0.55517578125 0.291015625 0.03662109375 0.0595703125
37 0.0830078125 0.3798828125 0.03662109375 0.0595703125
38 0.1318359375 0.3779296875 0.03662109375 0.0595703125
37 0.22509765625 0.37646484375 0.03662109375 0.0595703125
38 0.3173828125 0.37646484375 0.03662109375 0.0595703125
39 0.41259765625 0.37451171875 0.03662109375 0.0595703125
41 0.50634765625 0.37353515625 0.03662109375 0.0595703125
43 0.6025390625 0.37353515625 0.03662109375 0.0595703125
45 0.69921875 0.36865234375 0.03662109375 0.0595703125
46 0.79931640625 0.36767578125 0.03662109375 0.0595703125
47 0.89599609375 0.37158203125 0.03662109375 0.0595703125
53 0.09375 0.453125 0.03662109375 0.0546875
42 0.1845703125 0.44873046875 0.03662109375 0.056640625
44 0.23046875 0.44775390625 0.03662109375 0.0576171875
53 0.3232421875 0.44775390625 0.03076171875 0.05517578125
46 0.3701171875 0.44677734375 0.03076171875 0.05517578125
55 0.4609375 0.44677734375 0.03076171875 0.05517578125
56 0.55419921875 0.44677734375 0.03076171875 0.05517578125
57 0.64794921875 0.44677734375 0.03076171875 0.05517578125
58 0.74560546875 0.44677734375 0.03076171875 0.05517578125
59 0.84130859375 0.44580078125 0.03076171875 0.05517578125
60 0.93994140625 0.44580078125 0.03076171875 0.05517578125
65 0.1044921875 0.51953125 0.03759765625 0.0498046875
66 0.1943359375 0.5185546875 0.03759765625 0.0498046875
40 0.11376953125 0.58447265625 0.0341796875 0.04638671875
24 0.15380859375 0.58544921875 0.0341796875 0.04638671875
48 0.1982421875 0.58447265625 0.0341796875 0.04638671875
53 0.2861328125 0.58447265625 0.0341796875 0.04638671875
61 0.33056640625 0.58447265625 0.0341796875 0.04638671875
52 0.37255859375 0.58447265625 0.0341796875 0.04638671875
38 0.41845703125 0.58447265625 0.0341796875 0.04638671875
43 0.46630859375 0.58544921875 0.0341796875 0.04638671875
58 0.50927734375 0.58642578125 0.0341796875 0.04638671875
59 0.5537109375 0.5888671875 0.0341796875 0.04638671875
54 0.1240234375 0.72119140625 0.0341796875 0.04638671875
54 0.2470703125 0.724609375 0.0341796875 0.04638671875
54 0.37841796875 0.7275390625 0.0341796875 0.04638671875
54 0.46484375 0.72998046875 0.0341796875 0.04638671875
54 0.6005859375 0.7353515625 0.0341796875 0.04638671875
54 0.73828125 0.73681640625 0.0341796875 0.04638671875
54 0.8759765625 0.73779296875 0.0341796875 0.04638671875
54 0.921875 0.87890625 0.0341796875 0.04638671875
54 0.78173828125 0.88134765625 0.0341796875 0.04638671875
54 0.64501953125 0.87890625 0.0341796875 0.04638671875
54 0.50927734375 0.87353515625 0.0341796875 0.04638671875
54 0.375 0.86865234375 0.0341796875 0.04638671875
54 0.24365234375 0.86572265625 0.0341796875 0.04638671875
54 0.12255859375 0.85546875 0.0341796875 0.04638671875
54 0.1240234375 0.92333984375 0.0341796875 0.04638671875
0 0.1640625 0.72216796875 0.0341796875 0.04638671875
1 0.29150390625 0.724609375 0.0341796875 0.04638671875
2 0.421875 0.7265625 0.0341796875 0.04638671875
3 0.5107421875 0.7275390625 0.0341796875 0.04638671875
4 0.64501953125 0.72998046875 0.0341796875 0.04638671875
5 0.78369140625 0.7353515625 0.0341796875 0.04638671875
6 0.92724609375 0.73681640625 0.0341796875 0.04638671875
1 0.1640625 0.853515625 0.0341796875 0.04638671875
0 0.16162109375 0.9267578125 0.0341796875 0.04638671875
3 0.29052734375 0.86328125 0.0341796875 0.04638671875
4 0.421875 0.86669921875 0.0341796875 0.04638671875
2 0.55517578125 0.8720703125 0.0341796875 0.04638671875
5 0.69189453125 0.8779296875 0.0341796875 0.04638671875
6 0.82958984375 0.8779296875 0.0341796875 0.04638671875
7 0.96728515625 0.87890625 0.0341796875 0.04638671875