37 0.2373046875 0.184814453125 0.03662109375 0.05810546875
38 0.30322265625 0.186767578125 0.04345703125 0.0595703125
39 0.349365234375 0.187744140625 0.0380859375 0.0625
41 0.394775390625 0.188232421875 0.0380859375 0.0625
43 0.440673828125 0.186767578125 0.03564453125 0.05908203125
45 0.490478515625 0.192626953125 0.0400390625 0.0693359375
46 0.539794921875 0.193359375 0.0390625 0.0693359375
47 0.590087890625 0.19384765625 0.03466796875 0.0693359375
48 0.638916015625 0.192626953125 0.0390625 0.06591796875
49 0.691162109375 0.193603515625 0.0390625 0.06689453125
50 0.743408203125 0.193603515625 0.04345703125 0.06396484375
51 0.793701171875 0.1943359375 0.0400390625 0.06591796875
52 0.846923828125 0.195068359375 0.04443359375 0.0625
53 0.898193359375 0.194580078125 0.04248046875 0.0595703125
62 0.252685546875 0.263671875 0.03564453125 0.05224609375
63 0.298583984375 0.2646484375 0.0400390625 0.0556640625
64 0.345458984375 0.264892578125 0.03662109375 0.05712890625
65 0.391845703125 0.265380859375 0.04248046875 0.0576171875
66 0.43701171875 0.269775390625 0.033203125 0.06005859375
40 0.535400390625 0.272216796875 0.03662109375 0.05029296875
40 0.587646484375 0.27490234375 0.03466796875 0.04931640625
40 0.635009765625 0.27734375 0.03564453125 0.046875
54 0.738525390625 0.274169921875 0.04443359375 0.05908203125
54 0.842041015625 0.279296875 0.0390625 0.0615234375
54 0.94580078125 0.2841796875 0.04443359375 0.06689453125
40 0.253173828125 0.337890625 0.04248046875 0.05517578125
63 0.298583984375 0.33984375 0.0400390625 0.05712890625
19 0.344970703125 0.340576171875 0.03564453125 0.05712890625
30 0.390869140625 0.347412109375 0.0380859375 0.0615234375
18 0.436767578125 0.343994140625 0.03662109375 0.0625
59 0.532958984375 0.348876953125 0.04248046875 0.06201171875
56 0.581787109375 0.34912109375 0.0400390625 0.06005859375
37 0.632080078125 0.34912109375 0.04248046875 0.0595703125
39 0.68212890625 0.352783203125 0.03662109375 0.06005859375
43 0.733154296875 0.353759765625 0.0380859375 0.05908203125
37 0.392578125 0.419677734375 0.041015625 0.0546875
38 0.487060546875 0.427978515625 0.0458984375 0.06103515625
39 0.575927734375 0.430419921875 0.0390625 0.05908203125
41 0.67626953125 0.435546875 0.0380859375 0.05810546875
43 0.775146484375 0.436767578125 0.033203125 0.0625
45 0.885986328125 0.439453125 0.041015625 0.06005859375
46 0.98486328125 0.445068359375 0.0302734375 0.0537109375
53 0.249267578125 0.4892578125 0.0400390625 0.0546875
42 0.337890625 0.49560546875 0.0380859375 0.05224609375
44 0.38671875 0.498291015625 0.0400390625 0.0556640625
53 0.4794921875 0.501708984375 0.03662109375 0.05224609375
46 0.525146484375 0.5048828125 0.0390625 0.05712890625
55 0.621337890625 0.511474609375 0.041015625 0.0625
56 0.723388671875 0.516357421875 0.04248046875 0.05615234375
57 0.823974609375 0.522216796875 0.0390625 0.0615234375
58 0.930908203125 0.531494140625 0.04248046875 0.06640625
65 0.2509765625 0.56298828125 0.0390625 0.04931640625
66 0.340576171875 0.56884765625 0.03564453125 0.05712890625
40 0.250244140625 0.63623046875 0.0390625 0.05126953125
53 0.296142578125 0.63671875 0.033203125 0.05126953125
19 0.339111328125 0.638671875 0.03466796875 0.05126953125
53 0.427734375 0.645751953125 0.03662109375 0.05224609375
61 0.475830078125 0.648681640625 0.03662109375 0.05224609375
52 0.520751953125 0.651611328125 0.0380859375 0.0556640625
38 0.570556640625 0.654541015625 0.0380859375 0.0556640625
43 0.615234375 0.660888671875 0.03662109375 0.0634765625
58 0.66357421875 0.6640625 0.0400390625 0.05712890625
59 0.71728515625 0.67041015625 0.0400390625 0.05810546875
54 0.249267578125 0.7802734375 0.033203125 0.05224609375
54 0.38232421875 0.78955078125 0.03125 0.05224609375
54 0.515380859375 0.799072265625 0.033203125 0.05712890625
54 0.611572265625 0.81005859375 0.03466796875 0.05029296875
54 0.756103515625 0.82421875 0.0390625 0.06005859375
54 0.90380859375 0.84033203125 0.04248046875 0.0576171875
54 0.24267578125 0.917724609375 0.03662109375 0.05029296875
54 0.373779296875 0.93359375 0.033203125 0.04931640625
54 0.509033203125 0.948974609375 0.041015625 0.05712890625
54 0.6494140625 0.9619140625 0.03125 0.05224609375
0 0.28955078125 0.78369140625 0.03662109375 0.0556640625
1 0.42529296875 0.791259765625 0.03466796875 0.0546875
2 0.565185546875 0.80517578125 0.03564453125 0.0615234375
3 0.657470703125 0.815673828125 0.033203125 0.046875
4 0.8017578125 0.828125 0.033203125 0.06005859375
5 0.950927734375 0.842529296875 0.0322265625 0.05712890625
1 0.28955078125 0.92041015625 0.03564453125 0.046875
2 0.41845703125 0.9384765625 0.03466796875 0.0556640625
4 0.555419921875 0.950439453125 0.0322265625 0.05029296875
2 0.693359375 0.967041015625 0.03125 0.05810546875
37 0.25146484375 0.41455078125 0.041015625 0.0615234375
38 0.30078125 0.415283203125 0.041015625 0.0546875