43 0.029296875 0.0712890625 0.041015625 0.06396484375
45 0.13232421875 0.06005859375 0.03955078125 0.0595703125
46 0.23779296875 0.06103515625 0.03759765625 0.06396484375
47 0.34228515625 0.0595703125 0.03515625 0.06103515625
48 0.44677734375 0.05517578125 0.03515625 0.06103515625
49 0.55322265625 0.056640625 0.03759765625 0.06640625
50 0.6572265625 0.0498046875 0.041015625 0.06396484375
51 0.7626953125 0.0498046875 0.04296875 0.06396484375
52 0.8671875 0.0498046875 0.04296875 0.06640625
57 0.095703125 0.15576171875 0.03759765625 0.0595703125
58 0.19482421875 0.150390625 0.03857421875 0.06298828125
59 0.29931640625 0.150390625 0.041015625 0.06103515625
60 0.3994140625 0.1474609375 0.03662109375 0.0673828125
61 0.49951171875 0.1474609375 0.03857421875 0.06103515625
62 0.6005859375 0.14208984375 0.03857421875 0.06396484375
63 0.7041015625 0.14111328125 0.03857421875 0.06396484375
64 0.806640625 0.13720703125 0.03955078125 0.06298828125
54 0.0966796875 0.46435546875 0.03076171875 0.048828125
54 0.2333984375 0.462890625 0.02880859375 0.0517578125
54 0.3701171875 0.46240234375 0.03076171875 0.04638671875
54 0.50634765625 0.4599609375 0.03173828125 0.04638671875
54 0.6455078125 0.46044921875 0.03076171875 0.0498046875
54 0.787109375 0.458984375 0.03173828125 0.05078125
54 0.02587890625 0.60009765625 0.02978515625 0.048828125
54 0.15478515625 0.59765625 0.02978515625 0.048828125
54 0.287109375 0.599609375 0.02978515625 0.05419921875
54 0.421875 0.59765625 0.02978515625 0.048828125
54 0.55419921875 0.60009765625 0.033203125 0.04638671875
54 0.69091796875 0.60107421875 0.033203125 0.048828125
4 0.13671875 0.46337890625 0.033203125 0.05078125
5 0.27490234375 0.46142578125 0.0341796875 0.05419921875
6 0.41259765625 0.46240234375 0.03173828125 0.048828125
7 0.55224609375 0.45947265625 0.033203125 0.0498046875
8 0.6904296875 0.46044921875 0.03173828125 0.0498046875
9 0.83740234375 0.45849609375 0.02734375 0.05419921875
2 0.0654296875 0.60009765625 0.02880859375 0.048828125
5 0.197265625 0.59814453125 0.03173828125 0.0498046875
6 0.32763671875 0.59716796875 0.03076171875 0.0517578125
7 0.462890625 0.599609375 0.02978515625 0.0498046875
8 0.5966796875 0.599609375 0.03076171875 0.0498046875
9 0.7353515625 0.6015625 0.02880859375 0.0498046875
61 0.08056640625 0.86962890625 0.02978515625 0.048828125
52 0.1220703125 0.86962890625 0.03271484375 0.048828125
37 0.16552734375 0.87060546875 0.02978515625 0.04638671875
46 0.2099609375 0.86962890625 0.03076171875 0.0458984375
37 0.25048828125 0.869140625 0.0283203125 0.0458984375
59 0.33740234375 0.8701171875 0.02734375 0.041015625
37 0.3798828125 0.86962890625 0.02685546875 0.0419921875
48 0.466796875 0.87060546875 0.0263671875 0.04345703125
53 0.51123046875 0.87109375 0.03173828125 0.04541015625
65 0.55322265625 0.87255859375 0.029296875 0.04541015625
55 0.59814453125 0.87255859375 0.033203125 0.048828125
65 0.08154296875 0.93994140625 0.02734375 0.04345703125
55 0.123046875 0.93994140625 0.0302734375 0.04541015625
37 0.0400390625 0.9384765625 0.0283203125 0.04345703125