40 0.115234375 0.146484375 0.01806640625 0.03125
22 0.14404296875 0.1455078125 0.0234375 0.03369140625
14 0.17236328125 0.14453125 0.0205078125 0.0322265625
30 0.23095703125 0.146484375 0.01904296875 0.03515625
30 0.203125 0.1455078125 0.01953125 0.0361328125
14 0.2607421875 0.1455078125 0.01904296875 0.0341796875
28 0.29052734375 0.14404296875 0.01953125 0.03369140625
29 0.32080078125 0.14453125 0.02001953125 0.03125
53 0.3798828125 0.14599609375 0.01904296875 0.0322265625
55 0.41015625 0.1455078125 0.021484375 0.033203125
59 0.4697265625 0.146484375 0.02001953125 0.03369140625
56 0.49951171875 0.14404296875 0.01953125 0.03125
37 0.5302734375 0.1455078125 0.0205078125 0.03369140625
39 0.55859375 0.14501953125 0.02001953125 0.0322265625
43 0.58740234375 0.14501953125 0.01904296875 0.03271484375
37 0.1201171875 0.2431640625 0.01953125 0.03125
38 0.1494140625 0.244140625 0.0185546875 0.0302734375
39 0.17822265625 0.2431640625 0.0166015625 0.02880859375
41 0.20751953125 0.2431640625 0.01806640625 0.02880859375
43 0.23681640625 0.24267578125 0.01806640625 0.02880859375
45 0.265625 0.244140625 0.01806640625 0.02880859375
46 0.29541015625 0.244140625 0.01806640625 0.02880859375
47 0.32373046875 0.24560546875 0.01806640625 0.02880859375
48 0.35546875 0.2451171875 0.01806640625 0.02880859375
49 0.3837890625 0.24560546875 0.01806640625 0.02880859375
50 0.41162109375 0.24609375 0.01806640625 0.02880859375
51 0.4404296875 0.24609375 0.01806640625 0.02880859375
52 0.47021484375 0.24609375 0.01806640625 0.02880859375
53 0.49853515625 0.24560546875 0.01806640625 0.02880859375
42 0.556640625 0.24560546875 0.01806640625 0.02880859375
44 0.5859375 0.2451171875 0.01904296875 0.03125
53 0.642578125 0.24658203125 0.01904296875 0.0322265625
46 0.67236328125 0.24560546875 0.0166015625 0.033203125
55 0.72998046875 0.2451171875 0.02001953125 0.0322265625
56 0.7607421875 0.24609375 0.021484375 0.03173828125
57 0.7890625 0.24609375 0.01708984375 0.03125
58 0.81787109375 0.24609375 0.02001953125 0.0322265625
59 0.84765625 0.24560546875 0.01953125 0.03125
60 0.87744140625 0.24609375 0.0185546875 0.03173828125
61 0.90625 0.2451171875 0.02001953125 0.03173828125
62 0.12451171875 0.2919921875 0.0205078125 0.0302734375
63 0.1533203125 0.29248046875 0.01806640625 0.02978515625
64 0.1826171875 0.29296875 0.01953125 0.03076171875
65 0.21044921875 0.29345703125 0.01904296875 0.03125
66 0.2392578125 0.2919921875 0.02001953125 0.03076171875
40 0.2978515625 0.2919921875 0.0205078125 0.03271484375
40 0.32568359375 0.29296875 0.02001953125 0.033203125
40 0.3544921875 0.29248046875 0.021484375 0.03173828125
54 0.4130859375 0.29443359375 0.01708984375 0.0302734375
54 0.46923828125 0.2939453125 0.017578125 0.029296875
54 0.52734375 0.294921875 0.01611328125 0.029296875
40 0.12841796875 0.3388671875 0.01953125 0.03173828125
33 0.158203125 0.337890625 0.017578125 0.0283203125
19 0.1845703125 0.33740234375 0.0185546875 0.029296875
30 0.2138671875 0.33740234375 0.0185546875 0.0302734375
18 0.2421875 0.33740234375 0.01806640625 0.02880859375
59 0.30078125 0.3388671875 0.01806640625 0.02880859375
56 0.32763671875 0.337890625 0.01953125 0.02880859375
37 0.3564453125 0.33740234375 0.0185546875 0.02880859375
39 0.384765625 0.33740234375 0.017578125 0.02734375
43 0.4130859375 0.3369140625 0.01806640625 0.029296875
37 0.21728515625 0.3828125 0.01904296875 0.02978515625
38 0.27490234375 0.3828125 0.01953125 0.02978515625
39 0.330078125 0.3828125 0.0185546875 0.02783203125
41 0.3857421875 0.38525390625 0.01904296875 0.029296875
43 0.44189453125 0.384765625 0.01611328125 0.02978515625
45 0.49755859375 0.38427734375 0.01708984375 0.02880859375
46 0.55322265625 0.38525390625 0.0185546875 0.029296875
47 0.609375 0.384765625 0.015625 0.03076171875
48 0.66552734375 0.38525390625 0.01953125 0.0302734375
49 0.7236328125 0.38525390625 0.0166015625 0.03076171875
50 0.7802734375 0.3857421875 0.02001953125 0.02880859375
51 0.83984375 0.38525390625 0.021484375 0.03076171875
52 0.89501953125 0.38623046875 0.02099609375 0.03173828125
53 0.134765625 0.4287109375 0.02001953125 0.03125
42 0.18994140625 0.4296875 0.02099609375 0.02978515625
44 0.220703125 0.4287109375 0.017578125 0.02880859375
53 0.27587890625 0.4287109375 0.01708984375 0.029296875
46 0.3056640625 0.42919921875 0.01806640625 0.02880859375
55 0.35986328125 0.4296875 0.01904296875 0.03125
56 0.4150390625 0.42919921875 0.01953125 0.02978515625
57 0.4697265625 0.43017578125 0.01953125 0.0283203125
58 0.52490234375 0.4287109375 0.01708984375 0.029296875
59 0.58056640625 0.4306640625 0.02001953125 0.02734375
60 0.6357421875 0.43017578125 0.01806640625 0.02978515625
61 0.69189453125 0.43017578125 0.02001953125 0.02978515625
62 0.74853515625 0.431640625 0.0205078125 0.029296875
63 0.806640625 0.4306640625 0.0185546875 0.02783203125
65 0.14111328125 0.47265625 0.02001953125 0.02587890625
66 0.19580078125 0.47216796875 0.0185546875 0.02685546875
40 0.14599609375 0.513671875 0.01806640625 0.02880859375
53 0.25390625 0.513671875 0.017578125 0.03076171875
61 0.28173828125 0.5126953125 0.021484375 0.0302734375
52 0.30859375 0.5126953125 0.017578125 0.02783203125
38 0.33642578125 0.5126953125 0.02001953125 0.02783203125
43 0.36279296875 0.51318359375 0.01708984375 0.029296875
58 0.3896484375 0.5126953125 0.017578125 0.02978515625
59 0.4169921875 0.513671875 0.01708984375 0.02783203125
54 0.15234375 0.59912109375 0.0166015625 0.0283203125
54 0.23046875 0.5966796875 0.0166015625 0.02880859375
54 0.310546875 0.5986328125 0.01611328125 0.02880859375
54 0.3642578125 0.599609375 0.015625 0.0283203125
54 0.44384765625 0.60009765625 0.0166015625 0.02783203125
54 0.52392578125 0.60009765625 0.0166015625 0.02880859375
54 0.60400390625 0.6015625 0.01708984375 0.029296875
54 0.685546875 0.603515625 0.0166015625 0.02783203125
54 0.7685546875 0.60498046875 0.01953125 0.0283203125
54 0.85302734375 0.60595703125 0.01806640625 0.02783203125
54 0.1533203125 0.6796875 0.01708984375 0.02685546875
54 0.23095703125 0.68212890625 0.0166015625 0.02587890625
54 0.31005859375 0.68359375 0.01806640625 0.03076171875
54 0.39013671875 0.68310546875 0.01806640625 0.0302734375
54 0.47119140625 0.68212890625 0.0166015625 0.02783203125
54 0.55029296875 0.68310546875 0.0166015625 0.0283203125
54 0.6318359375 0.6845703125 0.01708984375 0.0302734375
54 0.7119140625 0.68603515625 0.01708984375 0.02734375
54 0.7939453125 0.68798828125 0.017578125 0.02734375
54 0.1533203125 0.72412109375 0.017578125 0.02734375
0 0.177734375 0.59765625 0.0166015625 0.02978515625
1 0.25634765625 0.5966796875 0.01953125 0.02880859375
2 0.337890625 0.59814453125 0.01904296875 0.029296875
3 0.39111328125 0.599609375 0.015625 0.0283203125
4 0.4697265625 0.599609375 0.01708984375 0.0302734375
5 0.54931640625 0.60009765625 0.0166015625 0.02880859375
6 0.63037109375 0.60107421875 0.01806640625 0.0283203125
7 0.71240234375 0.60400390625 0.017578125 0.02880859375
8 0.79541015625 0.60595703125 0.01611328125 0.0302734375
9 0.8798828125 0.60498046875 0.0185546875 0.02734375
1 0.17822265625 0.67919921875 0.017578125 0.0263671875
3 0.255859375 0.681640625 0.0185546875 0.02685546875
4 0.33642578125 0.68359375 0.01513671875 0.02978515625
2 0.41552734375 0.68310546875 0.017578125 0.029296875
5 0.49609375 0.6826171875 0.0185546875 0.02978515625
6 0.576171875 0.68310546875 0.0166015625 0.0263671875
7 0.658203125 0.68408203125 0.01708984375 0.02783203125
8 0.73681640625 0.68603515625 0.017578125 0.02880859375
9 0.81982421875 0.68896484375 0.01611328125 0.0283203125
0 0.17919921875 0.72412109375 0.01513671875 0.02587890625
52 0.15234375 0.84912109375 0.0185546875 0.02734375
37 0.177734375 0.8486328125 0.017578125 0.0263671875
46 0.20361328125 0.849609375 0.0166015625 0.02880859375
37 0.2294921875 0.84912109375 0.0166015625 0.02685546875
53 0.25634765625 0.85009765625 0.0166015625 0.02734375
41 0.2822265625 0.849609375 0.017578125 0.02587890625
37 0.3095703125 0.849609375 0.0166015625 0.025390625
53 0.33544921875 0.8505859375 0.0185546875 0.02685546875
46 0.36181640625 0.85009765625 0.01611328125 0.02685546875
61 0.4150390625 0.8505859375 0.02001953125 0.0283203125
52 0.44189453125 0.85107421875 0.01904296875 0.0283203125
37 0.4697265625 0.8515625 0.01806640625 0.02685546875
46 0.49462890625 0.85302734375 0.01611328125 0.02685546875
37 0.5224609375 0.8525390625 0.017578125 0.0283203125
59 0.576171875 0.8525390625 0.01806640625 0.025390625
37 0.6015625 0.8525390625 0.01806640625 0.02587890625
48 0.65576171875 0.853515625 0.01611328125 0.02685546875
53 0.68115234375 0.85205078125 0.01708984375 0.0283203125
65 0.70703125 0.8525390625 0.0185546875 0.0263671875
55 0.73388671875 0.853515625 0.015625 0.0283203125
50 0.1533203125 0.89013671875 0.01806640625 0.02685546875
61 0.1787109375 0.890625 0.017578125 0.02783203125
52 0.20458984375 0.890625 0.0185546875 0.0263671875
61 0.23095703125 0.890625 0.017578125 0.0263671875
59 0.25732421875 0.8916015625 0.015625 0.0244140625
60 0.28369140625 0.8916015625 0.01904296875 0.025390625
37 0.31103515625 0.89111328125 0.017578125 0.0244140625
50 0.36279296875 0.8916015625 0.0185546875 0.02734375
37 0.3896484375 0.892578125 0.01708984375 0.02734375
65 0.4150390625 0.8935546875 0.01904296875 0.02734375
55 0.4423828125 0.89111328125 0.0185546875 0.02880859375