54 0.047607421875 0.21337890625 0.044921875 0.07861328125
54 0.26220703125 0.209716796875 0.04736328125 0.0751953125
54 0.464111328125 0.213134765625 0.04736328125 0.0751953125
54 0.663330078125 0.2197265625 0.04931640625 0.07421875
6 0.113525390625 0.21044921875 0.0439453125 0.072265625
7 0.3232421875 0.211181640625 0.04736328125 0.076171875
8 0.52783203125 0.21337890625 0.044921875 0.0751953125
9 0.730712890625 0.2177734375 0.046875 0.07080078125
59 0.1484375 0.616455078125 0.0390625 0.0615234375
37 0.20849609375 0.61767578125 0.041015625 0.0615234375
48 0.33544921875 0.618408203125 0.0390625 0.0625
53 0.39453125 0.619384765625 0.04248046875 0.064453125
65 0.45556640625 0.619384765625 0.046875 0.06494140625
55 0.515869140625 0.618896484375 0.04248046875 0.0625