53 0.12055666666666667 0.435 0.05444333333333334 0.09
46 0.19388999999999998 0.435 0.04777666666666667 0.08777666666666666
55 0.345 0.43722333333333335 0.05444333333333334 0.09222333333333334
56 0.4216666666666667 0.43611 0.05 0.09
57 0.49611 0.4344433333333333 0.05444333333333334 0.08666666666666667
58 0.5705566666666667 0.43722333333333335 0.05 0.09444333333333332
59 0.645 0.43833333333333335 0.05 0.09666666666666666
60 0.72111 0.43889 0.06 0.09333333333333334
61 0.7955566666666667 0.4355566666666667 0.048889999999999996 0.09111
47 0.06389 0.78 0.05222333333333333 0.08889000000000001
48 0.20389 0.7805566666666667 0.05 0.08111
49 0.35111 0.7822233333333334 0.05111 0.08666666666666667
50 0.49777666666666665 0.7805566666666667 0.05333333333333334 0.08555666666666667
51 0.6405566666666667 0.7805566666666667 0.05222333333333333 0.08333333333333333
52 0.7833333333333333 0.7783333333333333 0.05333333333333334 0.07889
60 0.14 0.8872233333333334 0.048889999999999996 0.07444333333333333
61 0.2805566666666667 0.8905566666666667 0.05 0.08111
62 0.4205566666666667 0.8927766666666667 0.05222333333333333 0.08555666666666667
63 0.5655566666666667 0.8905566666666667 0.04666666666666667 0.08111