40 0.09814453125 0.15771484375 0.017578125 0.02880859375
22 0.12451171875 0.158203125 0.01953125 0.029296875
14 0.15087890625 0.15771484375 0.0185546875 0.03125
30 0.17919921875 0.15673828125 0.015625 0.029296875
30 0.20703125 0.15673828125 0.01708984375 0.02880859375
14 0.23291015625 0.15576171875 0.01708984375 0.02880859375
28 0.259765625 0.1552734375 0.01708984375 0.02685546875
59 0.287109375 0.15576171875 0.01513671875 0.02880859375
53 0.34033203125 0.1552734375 0.01806640625 0.0283203125
55 0.36669921875 0.154296875 0.017578125 0.0263671875
59 0.42041015625 0.154296875 0.01513671875 0.029296875
56 0.44677734375 0.15283203125 0.0185546875 0.02978515625
37 0.47265625 0.15283203125 0.015625 0.029296875
37 0.4970703125 0.1533203125 0.01806640625 0.02880859375
43 0.5234375 0.15283203125 0.01806640625 0.03076171875
37 0.09521484375 0.24658203125 0.015625 0.02734375
38 0.13232421875 0.24609375 0.01806640625 0.03076171875
39 0.15869140625 0.2451171875 0.01806640625 0.0283203125
41 0.1865234375 0.24560546875 0.01953125 0.02880859375
43 0.21240234375 0.2451171875 0.0185546875 0.0283203125
45 0.2392578125 0.24365234375 0.01708984375 0.02880859375
46 0.2666015625 0.24365234375 0.01806640625 0.0302734375
47 0.29345703125 0.24365234375 0.0166015625 0.02734375
48 0.31982421875 0.24462890625 0.015625 0.0263671875
49 0.345703125 0.24462890625 0.017578125 0.0302734375
50 0.37158203125 0.2431640625 0.0166015625 0.0302734375
51 0.3994140625 0.24267578125 0.0185546875 0.0302734375
52 0.4228515625 0.24169921875 0.0185546875 0.02880859375
53 0.44873046875 0.24267578125 0.0166015625 0.0283203125
42 0.49853515625 0.24169921875 0.01953125 0.02734375
44 0.52490234375 0.240234375 0.015625 0.02685546875
53 0.57568359375 0.2392578125 0.01708984375 0.0283203125
46 0.60107421875 0.23828125 0.01513671875 0.02978515625
55 0.65283203125 0.23828125 0.01708984375 0.029296875
56 0.677734375 0.23779296875 0.015625 0.02978515625
57 0.703125 0.2373046875 0.01513671875 0.0302734375
58 0.7294921875 0.236328125 0.015625 0.029296875
59 0.75537109375 0.2353515625 0.017578125 0.02490234375
60 0.78076171875 0.2353515625 0.01953125 0.029296875
61 0.80615234375 0.23486328125 0.01904296875 0.02734375
62 0.11083984375 0.29052734375 0.02197265625 0.029296875
63 0.1376953125 0.28955078125 0.01904296875 0.029296875
64 0.1640625 0.28955078125 0.01953125 0.02978515625
65 0.19091796875 0.2890625 0.01904296875 0.02880859375
66 0.2177734375 0.28857421875 0.01806640625 0.02783203125
40 0.27001953125 0.2880859375 0.01953125 0.025390625
40 0.296875 0.2890625 0.0185546875 0.0244140625
40 0.322265625 0.28759765625 0.017578125 0.0234375
54 0.375 0.28515625 0.01708984375 0.0283203125
54 0.42431640625 0.28564453125 0.017578125 0.02783203125
54 0.4755859375 0.28466796875 0.0166015625 0.02783203125
40 0.11572265625 0.3310546875 0.01953125 0.029296875
33 0.142578125 0.330078125 0.017578125 0.02734375
19 0.16748046875 0.330078125 0.01611328125 0.02734375
30 0.19384765625 0.32861328125 0.0166015625 0.02783203125
47 0.22119140625 0.328125 0.01708984375 0.029296875
59 0.27392578125 0.3271484375 0.015625 0.02734375
56 0.2978515625 0.32763671875 0.015625 0.0263671875
37 0.32421875 0.3271484375 0.01806640625 0.0283203125
39 0.349609375 0.326171875 0.0166015625 0.02685546875
43 0.375 0.3251953125 0.0166015625 0.02734375
37 0.11865234375 0.37158203125 0.0166015625 0.02685546875
38 0.1455078125 0.3720703125 0.01806640625 0.0263671875
37 0.197265625 0.3701171875 0.01708984375 0.02490234375
38 0.2509765625 0.3681640625 0.01708984375 0.025390625
39 0.30078125 0.36669921875 0.01611328125 0.02490234375
41 0.3525390625 0.3662109375 0.01611328125 0.02587890625
43 0.40185546875 0.36572265625 0.01708984375 0.02490234375
45 0.45263671875 0.365234375 0.0166015625 0.025390625
46 0.50146484375 0.36474609375 0.01513671875 0.02783203125
47 0.55078125 0.36328125 0.01416015625 0.02685546875
48 0.60107421875 0.361328125 0.01513671875 0.0244140625
49 0.6513671875 0.36083984375 0.013671875 0.0283203125
50 0.70068359375 0.35986328125 0.0166015625 0.025390625
51 0.75244140625 0.35791015625 0.01953125 0.0263671875
52 0.80126953125 0.357421875 0.0166015625 0.02587890625
53 0.123046875 0.4140625 0.01806640625 0.02685546875
42 0.17529296875 0.41064453125 0.017578125 0.0244140625
44 0.20166015625 0.41064453125 0.01953125 0.0263671875
53 0.2529296875 0.40966796875 0.01708984375 0.0263671875
46 0.27880859375 0.4091796875 0.01806640625 0.02734375
55 0.32958984375 0.408203125 0.01806640625 0.029296875
56 0.3798828125 0.4072265625 0.0166015625 0.025390625
57 0.42822265625 0.40625 0.01513671875 0.0263671875
58 0.4775390625 0.40576171875 0.01708984375 0.0234375
59 0.5263671875 0.4052734375 0.01611328125 0.02587890625
60 0.57568359375 0.40283203125 0.015625 0.02490234375
61 0.6240234375 0.40234375 0.01611328125 0.025390625
62 0.67431640625 0.40185546875 0.01318359375 0.02490234375
63 0.72509765625 0.39892578125 0.01611328125 0.0263671875
65 0.12890625 0.453125 0.01953125 0.02392578125
66 0.1806640625 0.451171875 0.0185546875 0.02685546875
40 0.134765625 0.48974609375 0.01708984375 0.02490234375
24 0.158203125 0.48974609375 0.017578125 0.025390625
19 0.18505859375 0.48828125 0.01708984375 0.02783203125
53 0.23583984375 0.48681640625 0.01806640625 0.02685546875
61 0.259765625 0.48583984375 0.0185546875 0.02587890625
52 0.28466796875 0.48388671875 0.01708984375 0.025390625
38 0.3095703125 0.48388671875 0.01708984375 0.025390625
43 0.33447265625 0.48291015625 0.01708984375 0.02490234375
58 0.3583984375 0.48291015625 0.015625 0.02734375
59 0.3828125 0.482421875 0.01611328125 0.025390625
54 0.1455078125 0.5654296875 0.01611328125 0.025390625
54 0.21630859375 0.56201171875 0.015625 0.025390625
54 0.2900390625 0.560546875 0.0146484375 0.025390625
54 0.337890625 0.55908203125 0.01513671875 0.025390625
54 0.40869140625 0.55859375 0.0166015625 0.0263671875
54 0.4814453125 0.556640625 0.0146484375 0.0234375
54 0.55224609375 0.556640625 0.01513671875 0.025390625
54 0.625 0.55517578125 0.01513671875 0.02490234375
54 0.69873046875 0.5556640625 0.017578125 0.025390625
54 0.7724609375 0.5546875 0.01513671875 0.025390625
54 0.14990234375 0.6376953125 0.0166015625 0.02490234375
54 0.21826171875 0.63671875 0.0166015625 0.02587890625
54 0.2900390625 0.63720703125 0.0166015625 0.02392578125
54 0.36083984375 0.63525390625 0.01513671875 0.025390625
54 0.43359375 0.63330078125 0.015625 0.025390625
54 0.50439453125 0.6328125 0.015625 0.025390625
54 0.57861328125 0.63134765625 0.015625 0.02685546875
54 0.65087890625 0.63134765625 0.0166015625 0.02587890625
54 0.72509765625 0.63037109375 0.01513671875 0.0234375
54 0.1494140625 0.67578125 0.015625 0.02392578125
0 0.1689453125 0.56396484375 0.0166015625 0.02685546875
1 0.24169921875 0.5615234375 0.01611328125 0.02685546875
2 0.3125 0.55908203125 0.01513671875 0.02490234375
3 0.36083984375 0.55908203125 0.01611328125 0.02392578125
4 0.43115234375 0.55810546875 0.01611328125 0.02490234375
5 0.50390625 0.55712890625 0.01513671875 0.025390625
6 0.57568359375 0.55712890625 0.01416015625 0.025390625
7 0.6494140625 0.5546875 0.013671875 0.0234375
8 0.72314453125 0.55517578125 0.0146484375 0.02490234375
9 0.79833984375 0.5546875 0.01513671875 0.025390625
1 0.17236328125 0.6376953125 0.0146484375 0.02392578125
3 0.2421875 0.63671875 0.01513671875 0.025390625
4 0.3134765625 0.63525390625 0.013671875 0.0234375
2 0.384765625 0.63525390625 0.01513671875 0.02490234375
5 0.45751953125 0.6328125 0.0166015625 0.02392578125
6 0.52978515625 0.63232421875 0.0166015625 0.025390625
7 0.6015625 0.630859375 0.0166015625 0.02783203125
8 0.673828125 0.630859375 0.01513671875 0.0263671875
9 0.74853515625 0.63037109375 0.0146484375 0.02294921875
0 0.17333984375 0.67626953125 0.0146484375 0.025390625
52 0.1474609375 0.7900390625 0.01708984375 0.025390625
37 0.17041015625 0.7900390625 0.015625 0.02685546875
46 0.19482421875 0.79052734375 0.015625 0.0283203125
37 0.21630859375 0.79052734375 0.01708984375 0.02685546875
53 0.24072265625 0.7919921875 0.015625 0.025390625
41 0.2646484375 0.79150390625 0.01708984375 0.02587890625
37 0.2890625 0.791015625 0.01806640625 0.0263671875
53 0.31396484375 0.791015625 0.0166015625 0.025390625
46 0.337890625 0.79052734375 0.0166015625 0.02685546875
61 0.38623046875 0.7900390625 0.01806640625 0.0263671875
52 0.4111328125 0.7890625 0.01611328125 0.02685546875
37 0.43603515625 0.7890625 0.01611328125 0.0244140625
46 0.45947265625 0.78857421875 0.01513671875 0.025390625
37 0.48388671875 0.7880859375 0.0146484375 0.02783203125
59 0.5322265625 0.78662109375 0.01611328125 0.025390625
37 0.5546875 0.78564453125 0.01416015625 0.025390625
48 0.6044921875 0.78662109375 0.01513671875 0.02587890625
53 0.6279296875 0.78564453125 0.01513671875 0.02783203125
65 0.65185546875 0.78564453125 0.0185546875 0.0263671875
55 0.67578125 0.78466796875 0.01513671875 0.02685546875
50 0.14794921875 0.82958984375 0.0146484375 0.02587890625
61 0.171875 0.8310546875 0.01708984375 0.025390625
52 0.1953125 0.8310546875 0.0166015625 0.02685546875
61 0.21923828125 0.82958984375 0.0166015625 0.02587890625
59 0.24365234375 0.82958984375 0.01806640625 0.025390625
60 0.267578125 0.82958984375 0.01513671875 0.02685546875
37 0.2900390625 0.82861328125 0.01611328125 0.02490234375
50 0.33935546875 0.82861328125 0.0166015625 0.025390625
37 0.36376953125 0.82763671875 0.01708984375 0.025390625
65 0.3876953125 0.828125 0.0166015625 0.025390625
55 0.4111328125 0.828125 0.01611328125 0.0263671875