54 0.084228515625 0.2587890625 0.02880859375 0.041015625
54 0.1943359375 0.255126953125 0.02880859375 0.04541015625
54 0.30517578125 0.251708984375 0.03271484375 0.04345703125
54 0.4189453125 0.25 0.0302734375 0.04345703125
54 0.084716796875 0.31494140625 0.02685546875 0.03955078125
1 0.1171875 0.25732421875 0.0263671875 0.04345703125
3 0.2314453125 0.25390625 0.02880859375 0.04443359375
4 0.34326171875 0.250732421875 0.02783203125 0.04296875
2 0.453125 0.24755859375 0.0263671875 0.04296875
0 0.119384765625 0.3125 0.02783203125 0.03955078125
52 0.074951171875 0.492431640625 0.02978515625 0.04443359375
46 0.381591796875 0.48486328125 0.0302734375 0.04345703125
53 0.343505859375 0.485595703125 0.02978515625 0.046875
37 0.302978515625 0.486083984375 0.025390625 0.04296875
41 0.266845703125 0.487548828125 0.02392578125 0.0419921875
53 0.228759765625 0.488037109375 0.02880859375 0.04345703125
37 0.187744140625 0.489990234375 0.0263671875 0.0478515625
46 0.150146484375 0.491455078125 0.0263671875 0.0478515625
37 0.114501953125 0.491943359375 0.0263671875 0.04541015625
61 0.458740234375 0.484375 0.02978515625 0.0458984375
52 0.494873046875 0.482177734375 0.0302734375 0.046875
37 0.533935546875 0.482177734375 0.02685546875 0.04541015625
50 0.073486328125 0.553955078125 0.02783203125 0.04345703125
61 0.110595703125 0.552978515625 0.02978515625 0.046875
52 0.150634765625 0.551513671875 0.0322265625 0.0458984375
61 0.187255859375 0.551513671875 0.02978515625 0.046875
59 0.227294921875 0.551513671875 0.02783203125 0.0458984375
60 0.265869140625 0.551025390625 0.02978515625 0.04541015625
37 0.303955078125 0.550048828125 0.02880859375 0.04541015625
50 0.38037109375 0.54736328125 0.0302734375 0.04833984375
37 0.419677734375 0.54833984375 0.0302734375 0.04833984375
65 0.459228515625 0.546875 0.03271484375 0.0478515625
55 0.49658203125 0.54541015625 0.0302734375 0.04833984375
46 0.572509765625 0.482666015625 0.0302734375 0.04345703125
37 0.610595703125 0.48193359375 0.02685546875 0.04541015625
59 0.69091796875 0.478271484375 0.02783203125 0.04296875
37 0.726318359375 0.478759765625 0.02685546875 0.04541015625
48 0.805419921875 0.478271484375 0.02685546875 0.04541015625
53 0.8447265625 0.47607421875 0.02685546875 0.04541015625
65 0.883056640625 0.4775390625 0.02685546875 0.04541015625
55 0.92138671875 0.4755859375 0.02685546875 0.04541015625
54 0.53076171875 0.245361328125 0.0302734375 0.04345703125
5 0.56787109375 0.24560546875 0.0302734375 0.04345703125
6 0.6787109375 0.242919921875 0.0302734375 0.04345703125
7 0.7919921875 0.24169921875 0.0302734375 0.04345703125
8 0.9013671875 0.2421875 0.0302734375 0.04345703125
8 0.968017578125 0.128662109375 0.0302734375 0.04345703125
7 0.857666015625 0.12939453125 0.0302734375 0.04345703125
6 0.748779296875 0.1318359375 0.0302734375 0.04345703125
5 0.636962890625 0.135498046875 0.0302734375 0.04345703125
4 0.527587890625 0.135986328125 0.02783203125 0.04296875
3 0.417724609375 0.138671875 0.02880859375 0.04443359375
2 0.343994140625 0.138427734375 0.0263671875 0.04296875
1 0.234619140625 0.141357421875 0.0263671875 0.04345703125
0 0.126220703125 0.142578125 0.02783203125 0.03955078125
54 0.088623046875 0.145263671875 0.02880859375 0.041015625
54 0.198486328125 0.14404296875 0.0302734375 0.04345703125
54 0.307861328125 0.142333984375 0.0302734375 0.04345703125
54 0.380126953125 0.139892578125 0.0302734375 0.04345703125
54 0.490478515625 0.138916015625 0.0302734375 0.04345703125
54 0.602783203125 0.134765625 0.0302734375 0.04345703125
54 0.64208984375 0.242919921875 0.0302734375 0.04345703125
54 0.7548828125 0.24462890625 0.0302734375 0.04345703125
54 0.709716796875 0.1337890625 0.0302734375 0.04345703125
54 0.821044921875 0.130126953125 0.0302734375 0.04345703125
54 0.931884765625 0.129638671875 0.0302734375 0.04345703125
54 0.9755859375 0.239501953125 0.0302734375 0.04345703125
54 0.8681640625 0.244384765625 0.0302734375 0.04345703125
40 0.091064453125 0.034423828125 0.02783203125 0.03955078125
24 0.127197265625 0.033447265625 0.02783203125 0.03955078125
48 0.163818359375 0.03173828125 0.02783203125 0.03955078125
53 0.235595703125 0.031494140625 0.02783203125 0.03955078125
61 0.271240234375 0.0283203125 0.02783203125 0.03955078125
52 0.307861328125 0.02734375 0.02783203125 0.03955078125
38 0.343017578125 0.026611328125 0.02783203125 0.03955078125
43 0.379638671875 0.026611328125 0.02783203125 0.03955078125
58 0.417236328125 0.02685546875 0.02783203125 0.03955078125
59 0.453857421875 0.02490234375 0.02783203125 0.03955078125