48 0.12333333333333334 0.2783333333333333 0.048889999999999996 0.07666666666666666
49 0.27388999999999997 0.2733333333333333 0.04555666666666666 0.08
50 0.4244433333333333 0.26666666666666666 0.048889999999999996 0.07333333333333333
51 0.57389 0.2633333333333333 0.05 0.07777666666666667
52 0.7227766666666666 0.25944333333333336 0.05222333333333333 0.08111
60 0.04777666666666667 0.3994433333333333 0.05333333333333334 0.08333333333333333
61 0.19833333333333333 0.39277666666666666 0.05 0.08333333333333333
62 0.35 0.3905566666666667 0.055556666666666664 0.08333333333333333
63 0.5016666666666667 0.3855566666666667 0.05222333333333333 0.08
54 0.20444333333333334 0.8927766666666667 0.05111 0.09
54 0.44333333333333336 0.8866666666666667 0.05333333333333334 0.08666666666666667
54 0.68 0.88111 0.05111 0.09111
7 0.2805566666666667 0.89 0.05222333333333333 0.09111
8 0.52111 0.88611 0.05333333333333334 0.09444333333333332
9 0.7605566666666667 0.8783333333333333 0.05444333333333334 0.09