53 0.0654296875 0.1650390625 0.03369140625 0.0556640625
37 0.060546875 0.086669921875 0.03369140625 0.0556640625
38 0.10546875 0.087158203125 0.03369140625 0.0556640625
37 0.19775390625 0.085205078125 0.03369140625 0.0556640625
38 0.2919921875 0.085693359375 0.03369140625 0.0556640625
39 0.3896484375 0.084228515625 0.03369140625 0.0556640625
41 0.48779296875 0.0859375 0.03369140625 0.0556640625
43 0.58349609375 0.08544921875 0.03662109375 0.0556640625
45 0.681640625 0.08935546875 0.03662109375 0.0556640625
46 0.779296875 0.093505859375 0.03662109375 0.0556640625
47 0.8759765625 0.094482421875 0.03662109375 0.0556640625
48 0.97412109375 0.098388671875 0.03662109375 0.0556640625
42 0.15478515625 0.16650390625 0.03369140625 0.0556640625
44 0.201171875 0.164306640625 0.03369140625 0.0556640625
53 0.29443359375 0.167724609375 0.03369140625 0.0556640625
46 0.34228515625 0.16552734375 0.03369140625 0.0556640625
55 0.43896484375 0.17041015625 0.03369140625 0.0556640625
56 0.5322265625 0.171142578125 0.03369140625 0.0556640625
57 0.62890625 0.174072265625 0.03369140625 0.0556640625
58 0.7236328125 0.173095703125 0.03369140625 0.0556640625
59 0.8212890625 0.1787109375 0.03369140625 0.0556640625
60 0.916015625 0.17919921875 0.03369140625 0.0556640625
65 0.06982421875 0.24169921875 0.03369140625 0.0556640625
66 0.15966796875 0.24462890625 0.03369140625 0.0556640625
40 0.0751953125 0.31494140625 0.03369140625 0.0556640625
53 0.1171875 0.316162109375 0.03369140625 0.0556640625
48 0.162109375 0.31494140625 0.03369140625 0.0556640625
53 0.25390625 0.31787109375 0.03369140625 0.0556640625
61 0.30029296875 0.318115234375 0.03369140625 0.0556640625
52 0.3447265625 0.318359375 0.03369140625 0.0556640625
38 0.390625 0.319091796875 0.03369140625 0.0556640625
43 0.43798828125 0.3193359375 0.03369140625 0.0556640625
58 0.4853515625 0.32080078125 0.03369140625 0.0556640625
59 0.53125 0.323486328125 0.03369140625 0.0556640625
54 0.0869140625 0.4609375 0.03369140625 0.048828125
0 0.12890625 0.459716796875 0.03369140625 0.048828125
54 0.2177734375 0.461669921875 0.03369140625 0.048828125
54 0.3486328125 0.46484375 0.03369140625 0.048828125
54 0.43896484375 0.466796875 0.03369140625 0.048828125
54 0.5712890625 0.46875 0.03369140625 0.048828125
54 0.7060546875 0.474365234375 0.03369140625 0.048828125
54 0.84228515625 0.4794921875 0.03369140625 0.048828125
54 0.98291015625 0.486083984375 0.03369140625 0.048828125
54 0.09521484375 0.595703125 0.03369140625 0.048828125
54 0.0986328125 0.66015625 0.03369140625 0.048828125
54 0.22119140625 0.598388671875 0.03369140625 0.048828125
54 0.35302734375 0.59912109375 0.03369140625 0.048828125
54 0.4814453125 0.601318359375 0.03369140625 0.048828125
54 0.6103515625 0.603271484375 0.03369140625 0.048828125
54 0.7421875 0.60791015625 0.03369140625 0.048828125
54 0.876953125 0.614501953125 0.03369140625 0.048828125
0 0.140625 0.662841796875 0.03369140625 0.048828125
1 0.2578125 0.4619140625 0.03369140625 0.048828125
2 0.3955078125 0.465087890625 0.03369140625 0.048828125
3 0.48193359375 0.467041015625 0.03369140625 0.048828125
4 0.6162109375 0.468994140625 0.03369140625 0.048828125
5 0.751953125 0.474609375 0.03369140625 0.048828125
6 0.8896484375 0.478271484375 0.03369140625 0.048828125
6 0.7880859375 0.610107421875 0.03369140625 0.048828125
5 0.65380859375 0.60595703125 0.03369140625 0.048828125
2 0.525390625 0.601318359375 0.03369140625 0.048828125
4 0.396484375 0.600341796875 0.03369140625 0.048828125
3 0.2646484375 0.5966796875 0.03369140625 0.048828125
1 0.13525390625 0.594482421875 0.03369140625 0.048828125
7 0.9228515625 0.6181640625 0.03369140625 0.048828125
52 0.11376953125 0.841552734375 0.03125 0.041015625
37 0.15234375 0.841796875 0.03125 0.041015625
46 0.1943359375 0.842529296875 0.03125 0.041015625
37 0.23388671875 0.84228515625 0.03125 0.041015625
53 0.27587890625 0.841552734375 0.03125 0.041015625
41 0.31640625 0.8408203125 0.03125 0.041015625
37 0.3564453125 0.8408203125 0.03125 0.041015625
53 0.3984375 0.841064453125 0.03125 0.041015625
46 0.4404296875 0.841796875 0.03125 0.041015625
61 0.52099609375 0.84765625 0.03125 0.041015625
52 0.5615234375 0.849853515625 0.03125 0.041015625
37 0.6015625 0.8515625 0.03125 0.041015625
46 0.64453125 0.855712890625 0.03125 0.041015625
37 0.68505859375 0.8583984375 0.03125 0.041015625
59 0.7705078125 0.8681640625 0.03125 0.041015625
37 0.8125 0.869384765625 0.03125 0.041015625
48 0.900390625 0.879638671875 0.03125 0.041015625
53 0.94384765625 0.8828125 0.03125 0.041015625
50 0.12060546875 0.896240234375 0.029296875 0.03515625
61 0.16259765625 0.89453125 0.029296875 0.03515625
52 0.2021484375 0.895751953125 0.029296875 0.03515625
61 0.2412109375 0.89501953125 0.029296875 0.03515625
59 0.2822265625 0.896240234375 0.029296875 0.03515625
60 0.32275390625 0.8955078125 0.029296875 0.03515625
37 0.36083984375 0.894287109375 0.029296875 0.03515625
50 0.4384765625 0.900390625 0.029296875 0.03857421875
37 0.47802734375 0.902099609375 0.029296875 0.03857421875
65 0.51806640625 0.90771484375 0.029296875 0.04443359375
55 0.5595703125 0.911376953125 0.029296875 0.04443359375