40 0.0458984375 0.05615234375 0.02734375 0.041015625
22 0.0810546875 0.056640625 0.0283203125 0.041015625
14 0.11328125 0.056640625 0.02197265625 0.03515625
30 0.146484375 0.05712890625 0.02490234375 0.0390625
30 0.18115234375 0.056640625 0.02294921875 0.03857421875
14 0.21484375 0.05615234375 0.02490234375 0.0380859375
28 0.25 0.05712890625 0.02294921875 0.04052734375
29 0.2861328125 0.0576171875 0.0244140625 0.0380859375
53 0.35498046875 0.05908203125 0.0244140625 0.04150390625
55 0.39013671875 0.06005859375 0.0244140625 0.04150390625
59 0.46142578125 0.06201171875 0.0244140625 0.03955078125
56 0.49658203125 0.0615234375 0.0244140625 0.0419921875
37 0.5302734375 0.06201171875 0.021484375 0.03564453125
39 0.56494140625 0.06298828125 0.02294921875 0.0380859375
43 0.60009765625 0.06396484375 0.0244140625 0.04052734375
37 0.05029296875 0.1708984375 0.0224609375 0.03662109375
38 0.083984375 0.17138671875 0.0224609375 0.037109375
39 0.11669921875 0.171875 0.02197265625 0.03662109375
41 0.15185546875 0.17236328125 0.02197265625 0.03564453125
43 0.18505859375 0.17236328125 0.0234375 0.03466796875
45 0.21875 0.173828125 0.0205078125 0.03564453125
46 0.2529296875 0.17578125 0.02294921875 0.03759765625
47 0.287109375 0.17626953125 0.02099609375 0.03759765625
48 0.322265625 0.17626953125 0.02099609375 0.03466796875
49 0.35546875 0.17822265625 0.0205078125 0.03662109375
50 0.3896484375 0.17919921875 0.02294921875 0.03759765625
51 0.4248046875 0.1787109375 0.0224609375 0.03955078125
52 0.4580078125 0.1806640625 0.0224609375 0.03857421875
53 0.4921875 0.181640625 0.02197265625 0.03759765625
42 0.55908203125 0.18505859375 0.0244140625 0.0380859375
44 0.59423828125 0.18603515625 0.0224609375 0.0390625
53 0.662109375 0.1865234375 0.02490234375 0.03662109375
46 0.69580078125 0.1875 0.0205078125 0.03564453125
55 0.76513671875 0.19140625 0.02197265625 0.0380859375
56 0.7998046875 0.1904296875 0.02587890625 0.0390625
57 0.8349609375 0.19189453125 0.02294921875 0.03662109375
58 0.86767578125 0.1923828125 0.0234375 0.037109375
59 0.90234375 0.19287109375 0.0224609375 0.03662109375
60 0.93603515625 0.19482421875 0.02490234375 0.03662109375
61 0.96923828125 0.19677734375 0.021484375 0.03759765625
62 0.0537109375 0.2275390625 0.0244140625 0.03515625
63 0.08740234375 0.2294921875 0.02294921875 0.03515625
64 0.1201171875 0.23046875 0.021484375 0.03662109375
65 0.15283203125 0.23095703125 0.02294921875 0.037109375
66 0.18603515625 0.2314453125 0.0234375 0.037109375
40 0.2529296875 0.2314453125 0.0244140625 0.03662109375
40 0.287109375 0.23291015625 0.0244140625 0.03564453125
40 0.322265625 0.23486328125 0.0224609375 0.03662109375
54 0.3896484375 0.23681640625 0.02099609375 0.0380859375
54 0.45703125 0.23974609375 0.0205078125 0.03564453125
54 0.52392578125 0.24169921875 0.02197265625 0.037109375
40 0.0537109375 0.283203125 0.02685546875 0.03515625
33 0.08837890625 0.28369140625 0.02294921875 0.037109375
19 0.12158203125 0.28515625 0.021484375 0.03759765625
30 0.15478515625 0.28515625 0.02197265625 0.0380859375
18 0.18701171875 0.28564453125 0.0244140625 0.0390625
59 0.25634765625 0.287109375 0.02294921875 0.03662109375
56 0.2890625 0.28759765625 0.0224609375 0.037109375
37 0.32373046875 0.28955078125 0.0234375 0.03759765625
39 0.3564453125 0.2900390625 0.02197265625 0.03759765625
43 0.3896484375 0.2900390625 0.02294921875 0.03662109375
37 0.05712890625 0.33642578125 0.02099609375 0.0341796875
38 0.09228515625 0.33740234375 0.02294921875 0.0341796875
37 0.15869140625 0.3369140625 0.021484375 0.03271484375
38 0.22607421875 0.33935546875 0.025390625 0.03515625
39 0.28955078125 0.341796875 0.021484375 0.0341796875
41 0.357421875 0.34521484375 0.0224609375 0.0390625
43 0.42236328125 0.34716796875 0.021484375 0.037109375
45 0.48828125 0.34912109375 0.021484375 0.03662109375
46 0.552734375 0.349609375 0.02294921875 0.03857421875
47 0.619140625 0.35205078125 0.021484375 0.037109375
48 0.6845703125 0.353515625 0.0244140625 0.03564453125
49 0.75146484375 0.357421875 0.02099609375 0.03955078125
50 0.81787109375 0.357421875 0.0244140625 0.03466796875
51 0.884765625 0.3583984375 0.025390625 0.03662109375
52 0.94873046875 0.36181640625 0.025390625 0.03369140625
53 0.06005859375 0.39111328125 0.0234375 0.03662109375
42 0.12548828125 0.39208984375 0.0244140625 0.03271484375
44 0.15771484375 0.39208984375 0.0244140625 0.03466796875
53 0.22509765625 0.39453125 0.021484375 0.0341796875
46 0.2587890625 0.39404296875 0.0224609375 0.033203125
55 0.32373046875 0.39794921875 0.02197265625 0.03759765625
56 0.388671875 0.39892578125 0.02197265625 0.03564453125
57 0.4541015625 0.40234375 0.021484375 0.037109375
58 0.51806640625 0.40234375 0.0205078125 0.03271484375
59 0.58447265625 0.4052734375 0.0244140625 0.03564453125
60 0.646484375 0.4052734375 0.021484375 0.037109375
61 0.7119140625 0.40673828125 0.0224609375 0.037109375
62 0.77685546875 0.40966796875 0.01953125 0.0341796875
63 0.84521484375 0.41162109375 0.02294921875 0.03515625
65 0.06298828125 0.44384765625 0.025390625 0.03466796875
66 0.12939453125 0.4443359375 0.0244140625 0.03515625
40 0.06787109375 0.49365234375 0.02099609375 0.0302734375
24 0.099609375 0.4931640625 0.025390625 0.037109375
19 0.1318359375 0.49365234375 0.0224609375 0.0341796875
53 0.1962890625 0.4951171875 0.021484375 0.03515625
61 0.2294921875 0.49560546875 0.02294921875 0.03515625
52 0.26171875 0.49560546875 0.0224609375 0.03466796875
38 0.2939453125 0.49560546875 0.0224609375 0.03466796875
43 0.32568359375 0.49755859375 0.0205078125 0.03369140625
58 0.35791015625 0.49755859375 0.021484375 0.0341796875
59 0.39111328125 0.4990234375 0.02197265625 0.03759765625
54 0.07568359375 0.59326171875 0.0205078125 0.033203125
54 0.169921875 0.59375 0.0205078125 0.02978515625
54 0.26513671875 0.59423828125 0.0185546875 0.0341796875
54 0.328125 0.5947265625 0.01953125 0.033203125
54 0.42138671875 0.59619140625 0.01806640625 0.033203125
54 0.51220703125 0.5966796875 0.01904296875 0.03173828125
54 0.60400390625 0.599609375 0.0185546875 0.03173828125
54 0.697265625 0.6044921875 0.02099609375 0.03125
54 0.7919921875 0.6083984375 0.01904296875 0.033203125
54 0.8876953125 0.61181640625 0.021484375 0.0302734375
54 0.0810546875 0.68603515625 0.01904296875 0.03076171875
54 0.17333984375 0.68603515625 0.01953125 0.03076171875
54 0.265625 0.68798828125 0.02197265625 0.0302734375
54 0.359375 0.68701171875 0.01904296875 0.03076171875
54 0.4501953125 0.68603515625 0.0205078125 0.03173828125
54 0.53857421875 0.6884765625 0.0185546875 0.03076171875
54 0.63037109375 0.6923828125 0.01953125 0.02978515625
54 0.72314453125 0.6962890625 0.01953125 0.03076171875
54 0.8154296875 0.701171875 0.02099609375 0.029296875
54 0.08349609375 0.73291015625 0.01904296875 0.02880859375
0 0.107421875 0.59375 0.0224609375 0.03466796875
1 0.2001953125 0.59423828125 0.0224609375 0.03271484375
2 0.296875 0.59375 0.02099609375 0.03271484375
3 0.3583984375 0.59423828125 0.021484375 0.03173828125
4 0.45068359375 0.5966796875 0.02099609375 0.033203125
5 0.54345703125 0.59765625 0.01953125 0.033203125
6 0.634765625 0.60009765625 0.0185546875 0.0302734375
7 0.72900390625 0.6044921875 0.01904296875 0.03369140625
8 0.82373046875 0.60888671875 0.0185546875 0.033203125
9 0.919921875 0.6123046875 0.02197265625 0.03125
1 0.1083984375 0.6845703125 0.0205078125 0.0302734375
3 0.20361328125 0.68603515625 0.0205078125 0.02880859375
4 0.2978515625 0.6884765625 0.0205078125 0.033203125
2 0.38916015625 0.68798828125 0.01904296875 0.03076171875
5 0.4794921875 0.6865234375 0.0205078125 0.03076171875
6 0.57080078125 0.689453125 0.0205078125 0.033203125
7 0.6611328125 0.69287109375 0.0185546875 0.0302734375
8 0.75244140625 0.69775390625 0.01806640625 0.03173828125
9 0.845703125 0.7041015625 0.0205078125 0.03125
0 0.11474609375 0.73291015625 0.01806640625 0.02978515625
52 0.091796875 0.86376953125 0.02197265625 0.0302734375
37 0.1220703125 0.8623046875 0.02197265625 0.0302734375
46 0.15234375 0.86181640625 0.02197265625 0.0302734375
37 0.181640625 0.86083984375 0.02197265625 0.0302734375
53 0.21142578125 0.85986328125 0.02197265625 0.0302734375
41 0.24169921875 0.8603515625 0.02197265625 0.0302734375
37 0.2705078125 0.85986328125 0.02197265625 0.0302734375
53 0.30126953125 0.8583984375 0.02197265625 0.0302734375
46 0.33056640625 0.8564453125 0.02197265625 0.0302734375
61 0.3876953125 0.857421875 0.02197265625 0.0302734375
52 0.41796875 0.8583984375 0.02197265625 0.0302734375
37 0.44580078125 0.8583984375 0.02197265625 0.0302734375
46 0.4765625 0.8603515625 0.02197265625 0.0302734375
37 0.5048828125 0.86083984375 0.02197265625 0.0302734375
59 0.56298828125 0.86572265625 0.02197265625 0.0302734375
37 0.591796875 0.86572265625 0.02197265625 0.0302734375
48 0.6494140625 0.87158203125 0.02197265625 0.0302734375
53 0.6806640625 0.873046875 0.02197265625 0.0302734375
65 0.70849609375 0.87548828125 0.02197265625 0.0302734375
55 0.7392578125 0.87744140625 0.02197265625 0.0302734375
50 0.09716796875 0.90283203125 0.02197265625 0.0302734375
61 0.12744140625 0.90185546875 0.02197265625 0.0302734375
52 0.15625 0.90087890625 0.02197265625 0.0302734375
61 0.18603515625 0.90087890625 0.02197265625 0.0302734375
60 0.24462890625 0.89990234375 0.02197265625 0.0302734375
59 0.21435546875 0.89892578125 0.02197265625 0.0302734375
37 0.2744140625 0.89794921875 0.02197265625 0.0302734375
50 0.3310546875 0.8974609375 0.02197265625 0.0302734375
37 0.35888671875 0.89794921875 0.02197265625 0.0302734375
65 0.38818359375 0.900390625 0.02197265625 0.0302734375
55 0.4169921875 0.90087890625 0.02197265625 0.0302734375