53 0.07389 0.38610999999999995 0.05444333333333334 0.08333333333333333
53 0.22722333333333333 0.38722 0.05444333333333334 0.08333333333333333
46 0.3094466666666667 0.38166333333333335 0.05444333333333334 0.08333333333333333
55 0.4650033333333333 0.3827733333333333 0.05444333333333334 0.08333333333333333
56 0.5438933333333333 0.38055000000000005 0.05444333333333334 0.08333333333333333
57 0.6227833333333334 0.3772166666666667 0.05444333333333334 0.08333333333333333
58 0.6972266666666667 0.38055000000000005 0.05444333333333334 0.08333333333333333
59 0.7783366666666668 0.37499333333333335 0.05444333333333334 0.08333333333333333
60 0.8538933333333333 0.3761033333333333 0.05444333333333334 0.08333333333333333
61 0.9250033333333334 0.37388000000000005 0.05444333333333334 0.08333333333333333
46 0.029446666666666666 0.74722 0.05444333333333334 0.08333333333333333
47 0.17611333333333334 0.7449966666666666 0.05444333333333334 0.08333333333333333
48 0.32167 0.7394400000000001 0.05444333333333334 0.08333333333333333
49 0.47278 0.74055 0.05444333333333334 0.08333333333333333
50 0.6183366666666666 0.73166 0.05444333333333334 0.08333333333333333
51 0.7661133333333334 0.73277 0.05444333333333334 0.08333333333333333
52 0.9094466666666667 0.7261033333333333 0.05444333333333334 0.08333333333333333
59 0.11000333333333333 0.8544366666666666 0.05111 0.07555666666666666
60 0.25667 0.8544366666666666 0.05111 0.07555666666666666
61 0.4022266666666667 0.8499933333333334 0.05111 0.07555666666666666
62 0.5488933333333333 0.84666 0.05111 0.07555666666666666
63 0.6933366666666667 0.8433266666666667 0.05111 0.07555666666666666