37 0.23111 0.19111 0.03555666666666667 0.05777666666666667
38 0.2966666666666667 0.19166666666666668 0.042223333333333335 0.05889
39 0.3427766666666666 0.19222333333333333 0.03666666666666667 0.06222333333333333
41 0.3883333333333333 0.19222333333333333 0.03666666666666667 0.06222333333333333
43 0.43389 0.19055666666666665 0.03444333333333333 0.05889
45 0.48389000000000004 0.19555666666666666 0.03889 0.06888999999999999
46 0.5333333333333333 0.19555666666666666 0.03777666666666667 0.06888999999999999
47 0.5833333333333334 0.19555666666666666 0.03333333333333333 0.06888999999999999
48 0.6322233333333334 0.19388999999999998 0.03777666666666667 0.06555666666666667
49 0.6844433333333333 0.19444333333333336 0.03777666666666667 0.06666666666666667
50 0.7366666666666667 0.19388999999999998 0.042223333333333335 0.06333333333333334
51 0.7872233333333334 0.19388999999999998 0.03889 0.06555666666666667
52 0.8405566666666667 0.19388999999999998 0.043333333333333335 0.061110000000000005
53 0.8916666666666667 0.19277666666666668 0.04111 0.05889
62 0.24722333333333332 0.26944333333333337 0.03444333333333333 0.05222333333333333
63 0.2927766666666667 0.27 0.03889 0.055556666666666664
64 0.34 0.26944333333333337 0.03555666666666667 0.056666666666666664
65 0.38610999999999995 0.26944333333333337 0.04111 0.056666666666666664
66 0.43166666666666664 0.2733333333333333 0.03222333333333333 0.06
40 0.53 0.275 0.03555666666666667 0.05
40 0.5822233333333333 0.27666666666666667 0.03333333333333333 0.048889999999999996
40 0.6294433333333334 0.27888999999999997 0.03444333333333333 0.04666666666666667
54 0.7327766666666666 0.2744433333333334 0.043333333333333335 0.05777666666666667
54 0.8366666666666667 0.2783333333333333 0.03777666666666667 0.061110000000000005
54 0.9405566666666667 0.2816666666666667 0.043333333333333335 0.06555666666666667
40 0.24833333333333332 0.34389000000000003 0.04111 0.05444333333333334
63 0.29389 0.345 0.03889 0.056666666666666664
19 0.3405566666666667 0.345 0.03444333333333333 0.056666666666666664
30 0.38610999999999995 0.3516666666666667 0.03666666666666667 0.061110000000000005
18 0.43222333333333335 0.3477766666666666 0.03555666666666667 0.06222333333333333
59 0.5283333333333333 0.3516666666666667 0.04111 0.061110000000000005
56 0.5772233333333333 0.35111 0.03889 0.06
37 0.6272233333333334 0.3505566666666667 0.04111 0.05889
39 0.6777766666666667 0.35333333333333333 0.03555666666666667 0.06
43 0.7283333333333334 0.35389000000000004 0.03666666666666667 0.05889
37 0.38889 0.42389000000000004 0.04 0.05444333333333334
38 0.48333333333333334 0.43111 0.044443333333333335 0.06
39 0.5722233333333333 0.43277666666666664 0.03777666666666667 0.05889
41 0.6727766666666667 0.43666666666666665 0.03666666666666667 0.05777666666666667
43 0.7716666666666666 0.43666666666666665 0.03222333333333333 0.06222333333333333
45 0.8822233333333334 0.43777666666666665 0.04 0.06
46 0.9833333333333333 0.44222333333333336 0.03333333333333333 0.05333333333333334
53 0.24611000000000002 0.495 0.03889 0.05444333333333334
42 0.335 0.5005566666666666 0.03666666666666667 0.05222333333333333
44 0.38389 0.5022233333333334 0.03889 0.055556666666666664
53 0.4766666666666667 0.505 0.03555666666666667 0.05222333333333333
46 0.5222233333333334 0.5072233333333334 0.03777666666666667 0.056666666666666664
55 0.61889 0.5133333333333333 0.04 0.06222333333333333
56 0.7205566666666667 0.5166666666666667 0.04111 0.055556666666666664
57 0.82111 0.5216666666666666 0.03777666666666667 0.061110000000000005
58 0.9283333333333333 0.5294433333333333 0.04111 0.06555666666666667
65 0.24889 0.56889 0.03777666666666667 0.048889999999999996
66 0.3383333333333333 0.57389 0.03444333333333333 0.056666666666666664
40 0.24889 0.6422233333333334 0.03777666666666667 0.05111
53 0.295 0.6422233333333334 0.03222333333333333 0.05111
19 0.33777666666666667 0.6433333333333333 0.03333333333333333 0.05111
53 0.4266666666666667 0.6494433333333333 0.03555666666666667 0.05222333333333333
61 0.47444333333333333 0.6516666666666666 0.03555666666666667 0.05222333333333333
52 0.5194433333333333 0.6544433333333333 0.03666666666666667 0.055556666666666664
38 0.5694433333333333 0.6566666666666666 0.03666666666666667 0.055556666666666664
43 0.6144433333333333 0.6627766666666667 0.03555666666666667 0.06333333333333334
58 0.6627766666666667 0.665 0.03889 0.056666666666666664
59 0.71611 0.67111 0.03889 0.05777666666666667
54 0.24944333333333335 0.78611 0.03222333333333333 0.05222333333333333
54 0.38277666666666665 0.79389 0.03 0.05222333333333333
54 0.51611 0.8016666666666666 0.03222333333333333 0.056666666666666664
54 0.6122233333333333 0.8116666666666666 0.03333333333333333 0.05
54 0.7566666666666667 0.8244433333333333 0.03777666666666667 0.06
54 0.905 0.8383333333333334 0.04111 0.056666666666666664
54 0.24444333333333335 0.92389 0.03555666666666667 0.05
54 0.37611 0.9377766666666666 0.03222333333333333 0.048889999999999996
54 0.51111 0.9516666666666667 0.04 0.056666666666666664
54 0.6516666666666666 0.9627766666666666 0.03 0.05222333333333333
0 0.29 0.78889 0.03555666666666667 0.055556666666666664
1 0.4255566666666667 0.795 0.03333333333333333 0.05444333333333334
2 0.56611 0.8072233333333334 0.03444333333333333 0.061110000000000005
3 0.6583333333333333 0.8166666666666667 0.03222333333333333 0.04666666666666667
4 0.8027766666666667 0.8277766666666666 0.03222333333333333 0.06
5 0.9522233333333333 0.8405566666666667 0.03111 0.056666666666666664
1 0.2916666666666667 0.9255566666666667 0.03444333333333333 0.04666666666666667
2 0.42111 0.9422233333333334 0.03333333333333333 0.055556666666666664
4 0.5577766666666666 0.9527766666666666 0.03111 0.05
2 0.69611 0.9677766666666666 0.03 0.05777666666666667
37 0.24778 0.4205566666666667 0.04 0.061110000000000005
38 0.29667 0.4205566666666667 0.04 0.05444333333333334