60 0.151123046875 0.141357421875 0.046875 0.07666015625
60 0.215576171875 0.1396484375 0.046875 0.07666015625
51 0.025634765625 0.14794921875 0.046875 0.07666015625
43 0.088134765625 0.141845703125 0.046875 0.07666015625
43 0.279541015625 0.133056640625 0.046875 0.07666015625
58 0.345458984375 0.134033203125 0.046875 0.07666015625
59 0.416259765625 0.1318359375 0.046875 0.07666015625
53 0.552734375 0.1259765625 0.046875 0.07666015625
55 0.6220703125 0.125732421875 0.046875 0.07666015625
59 0.7626953125 0.124267578125 0.046875 0.07666015625
56 0.83349609375 0.12060546875 0.046875 0.07666015625
37 0.8994140625 0.119873046875 0.046875 0.07666015625
38 0.038818359375 0.360107421875 0.046875 0.07666015625
39 0.099365234375 0.357421875 0.046875 0.07666015625
41 0.162109375 0.3564453125 0.046875 0.07666015625
43 0.22216796875 0.35595703125 0.046875 0.07666015625
45 0.288818359375 0.354736328125 0.046875 0.07666015625
46 0.353759765625 0.35302734375 0.046875 0.07666015625
47 0.418701171875 0.35107421875 0.046875 0.07666015625
48 0.483642578125 0.349853515625 0.046875 0.07666015625
49 0.550537109375 0.349609375 0.046875 0.07666015625
50 0.616943359375 0.350830078125 0.046875 0.07666015625
51 0.686279296875 0.349609375 0.046875 0.07666015625
52 0.752685546875 0.35009765625 0.046875 0.07666015625
53 0.824462890625 0.347412109375 0.046875 0.07666015625
63 0.0439453125 0.46337890625 0.046875 0.07666015625
64 0.10498046875 0.46142578125 0.046875 0.07666015625
65 0.16650390625 0.46044921875 0.046875 0.07666015625
66 0.22900390625 0.458251953125 0.046875 0.07666015625
40 0.3583984375 0.45947265625 0.046875 0.07666015625
40 0.42333984375 0.459228515625 0.046875 0.07666015625
40 0.4873046875 0.459228515625 0.046875 0.07666015625
54 0.6171875 0.460693359375 0.046875 0.07666015625
54 0.7490234375 0.45751953125 0.046875 0.07666015625
54 0.8857421875 0.45751953125 0.046875 0.07666015625
63 0.053466796875 0.5556640625 0.046875 0.07666015625
48 0.109619140625 0.5546875 0.046875 0.07666015625
60 0.171142578125 0.555419921875 0.046875 0.07666015625
47 0.232666015625 0.555908203125 0.046875 0.07666015625
59 0.361572265625 0.5576171875 0.046875 0.06884765625
56 0.423095703125 0.557861328125 0.0439453125 0.0703125
37 0.486083984375 0.558349609375 0.04296875 0.0693359375
39 0.550537109375 0.55517578125 0.04296875 0.0693359375
43 0.617919921875 0.555908203125 0.04296875 0.0693359375
38 0.058837890625 0.658935546875 0.046875 0.07666015625
37 0.176513671875 0.658447265625 0.046875 0.07666015625
38 0.301513671875 0.65625 0.046875 0.07666015625
39 0.426513671875 0.656494140625 0.046875 0.07666015625
41 0.549560546875 0.6552734375 0.046875 0.07666015625
43 0.678955078125 0.656494140625 0.046875 0.07666015625
45 0.810302734375 0.65771484375 0.046875 0.07666015625
46 0.93896484375 0.6591796875 0.046875 0.07666015625
42 0.123779296875 0.745361328125 0.04638671875 0.06640625
44 0.184814453125 0.74658203125 0.04638671875 0.06640625
53 0.303955078125 0.74609375 0.04638671875 0.06640625
46 0.36767578125 0.748291015625 0.04638671875 0.06640625
55 0.48681640625 0.749755859375 0.04638671875 0.06640625
56 0.6123046875 0.75244140625 0.04638671875 0.06640625
57 0.739501953125 0.758056640625 0.04638671875 0.06640625
58 0.864501953125 0.75927734375 0.04638671875 0.06640625
66 0.136474609375 0.83154296875 0.04638671875 0.06640625
40 0.035888671875 0.909912109375 0.04638671875 0.05908203125
24 0.089111328125 0.907958984375 0.04638671875 0.05908203125
48 0.143310546875 0.906005859375 0.04638671875 0.05908203125
53 0.2568359375 0.917236328125 0.04296875 0.064453125
61 0.3134765625 0.919189453125 0.04296875 0.064453125
52 0.37255859375 0.922607421875 0.04296875 0.064453125
38 0.427734375 0.922607421875 0.04296875 0.064453125
43 0.490234375 0.925537109375 0.04296875 0.064453125
58 0.54931640625 0.923828125 0.04296875 0.064453125
59 0.607177734375 0.92578125 0.04296875 0.064453125