54 0.015869140625 0.171630859375 0.03173828125 0.05224609375
54 0.15380859375 0.167724609375 0.03125 0.04833984375
54 0.296875 0.16259765625 0.0322265625 0.0517578125
54 0.441650390625 0.1572265625 0.0322265625 0.05224609375
54 0.589111328125 0.151123046875 0.03271484375 0.0546875
54 0.735107421875 0.148681640625 0.03125 0.0556640625
54 0.880615234375 0.144775390625 0.03125 0.05029296875
4 0.06201171875 0.171630859375 0.03076171875 0.05029296875
2 0.203125 0.166259765625 0.033203125 0.0498046875
5 0.34423828125 0.160888671875 0.0322265625 0.0498046875
6 0.489990234375 0.15478515625 0.0322265625 0.04833984375
7 0.637451171875 0.14990234375 0.033203125 0.05517578125
8 0.783935546875 0.149169921875 0.03466796875 0.0556640625
9 0.928955078125 0.143310546875 0.0283203125 0.048828125
53 0.05615234375 0.47314453125 0.0322265625 0.05224609375
46 0.10498046875 0.4716796875 0.03125 0.0546875
61 0.2001953125 0.470947265625 0.037109375 0.05859375
52 0.2509765625 0.46875 0.0341796875 0.0556640625
37 0.30126953125 0.46875 0.03564453125 0.05224609375
46 0.3505859375 0.468017578125 0.0341796875 0.05224609375
37 0.400146484375 0.464599609375 0.033203125 0.0517578125
59 0.496826171875 0.462890625 0.0341796875 0.05322265625
37 0.545654296875 0.461669921875 0.03125 0.05078125
48 0.645263671875 0.46337890625 0.03466796875 0.0556640625
53 0.694580078125 0.46240234375 0.0322265625 0.0546875
65 0.746337890625 0.46044921875 0.0322265625 0.0546875
55 0.797119140625 0.457763671875 0.03466796875 0.0556640625
50 0.1064453125 0.55322265625 0.037109375 0.0556640625
37 0.152587890625 0.551025390625 0.0322265625 0.05712890625
65 0.199951171875 0.551025390625 0.0361328125 0.05224609375
55 0.250732421875 0.55029296875 0.03466796875 0.05517578125