53 0.03515625 0.236328125 0.03662109375 0.056640625
53 0.1337890625 0.2314453125 0.03662109375 0.0517578125
46 0.18408203125 0.22998046875 0.03173828125 0.05322265625
55 0.28515625 0.2255859375 0.03662109375 0.0576171875
56 0.333984375 0.22265625 0.03173828125 0.05419921875
57 0.3818359375 0.22119140625 0.03173828125 0.05517578125
58 0.43115234375 0.21875 0.03515625 0.05517578125
59 0.47900390625 0.21728515625 0.033203125 0.0517578125
60 0.5283203125 0.21533203125 0.02978515625 0.05517578125
61 0.57421875 0.21435546875 0.03515625 0.05322265625
46 0.01708984375 0.47314453125 0.03173828125 0.048828125
47 0.11376953125 0.46435546875 0.0341796875 0.05078125
48 0.208984375 0.4580078125 0.033203125 0.04638671875
49 0.306640625 0.45556640625 0.033203125 0.05517578125
50 0.400390625 0.4501953125 0.0341796875 0.048828125
51 0.4912109375 0.4462890625 0.033203125 0.04736328125
52 0.58203125 0.443359375 0.03076171875 0.05078125
59 0.076171875 0.54443359375 0.02734375 0.05078125
60 0.1728515625 0.537109375 0.03173828125 0.04736328125
61 0.2646484375 0.53076171875 0.03515625 0.04736328125
62 0.35791015625 0.52685546875 0.033203125 0.05078125
63 0.4521484375 0.52001953125 0.02880859375 0.04443359375
54 0.025390625 0.8271484375 0.029296875 0.04248046875
5 0.06591796875 0.8251953125 0.02978515625 0.04296875
54 0.15966796875 0.81494140625 0.029296875 0.04443359375
6 0.2001953125 0.81298828125 0.02734375 0.04443359375
54 0.29296875 0.806640625 0.0283203125 0.04443359375
7 0.333984375 0.8037109375 0.02685546875 0.04345703125
54 0.4248046875 0.79736328125 0.02734375 0.04345703125
8 0.46533203125 0.7939453125 0.02880859375 0.04296875
54 0.55615234375 0.7880859375 0.0263671875 0.04345703125
9 0.59814453125 0.78564453125 0.02685546875 0.04443359375
54 0.08984375 0.94677734375 0.02490234375 0.041015625
6 0.1298828125 0.9423828125 0.02587890625 0.03857421875
54 0.22119140625 0.93701171875 0.02685546875 0.04052734375
7 0.26123046875 0.9345703125 0.02880859375 0.0419921875
54 0.34912109375 0.9287109375 0.02685546875 0.04296875
8 0.388671875 0.92626953125 0.02685546875 0.04345703125
54 0.47705078125 0.919921875 0.02587890625 0.03955078125
9 0.5185546875 0.9169921875 0.02587890625 0.0419921875