44 0.23916666666666667 0.24166666666666667 0.051666666666666666 0.08666666666666667
42 0.16416666666666666 0.24166666666666667 0.051666666666666666 0.08666666666666667
53 0.3825 0.245 0.051666666666666666 0.08666666666666667
46 0.4575 0.24333333333333335 0.051666666666666666 0.08666666666666667
55 0.5925 0.25 0.051666666666666666 0.08666666666666667
56 0.6658333333333334 0.25 0.051666666666666666 0.08666666666666667
57 0.7325 0.24833333333333332 0.051666666666666666 0.08666666666666667
58 0.8025 0.25 0.051666666666666666 0.08666666666666667
59 0.8675 0.255 0.051666666666666666 0.08666666666666667
60 0.9308333333333333 0.25333333333333335 0.051666666666666666 0.08666666666666667
54 0.09416666666666666 0.3616666666666667 0.051666666666666666 0.08666666666666667
45 0.035833333333333335 0.58 0.051666666666666666 0.08666666666666667
46 0.1775 0.58 0.051666666666666666 0.08666666666666667
47 0.31916666666666665 0.5783333333333334 0.051666666666666666 0.08666666666666667
48 0.4558333333333333 0.5783333333333334 0.051666666666666666 0.08666666666666667
49 0.5891666666666666 0.5783333333333334 0.051666666666666666 0.08666666666666667
50 0.7225 0.575 0.051666666666666666 0.08666666666666667
51 0.8525 0.58 0.051666666666666666 0.08666666666666667
52 0.9741666666666666 0.5758333333333333 0.051666666666666666 0.075
58 0.1125 0.6891666666666667 0.051666666666666666 0.08166666666666667
59 0.25083333333333335 0.6891666666666667 0.051666666666666666 0.08166666666666667
60 0.3875 0.6858333333333333 0.051666666666666666 0.08166666666666667
61 0.5191666666666667 0.6825 0.051666666666666666 0.08166666666666667
62 0.6508333333333334 0.6808333333333333 0.051666666666666666 0.08166666666666667
63 0.7808333333333334 0.6825 0.051666666666666666 0.08166666666666667