65 0.04833333333333333 0.1 0.05222333333333333 0.06444333333333334
66 0.1722233333333333 0.09555666666666668 0.044443333333333335 0.07111
40 0.059443333333333334 0.20166666666666666 0.04555666666666666 0.06333333333333334
24 0.11833333333333333 0.2 0.04555666666666666 0.07555666666666666
19 0.18277666666666667 0.20055666666666666 0.04111 0.07444333333333333
53 0.30944333333333335 0.19222333333333333 0.043333333333333335 0.07111
61 0.37277666666666665 0.19222333333333333 0.05222333333333333 0.07333333333333333
52 0.44 0.19 0.04666666666666667 0.07555666666666666
38 0.5072233333333334 0.18888999999999997 0.05222333333333333 0.07555666666666666
43 0.57389 0.18555666666666665 0.04555666666666666 0.07555666666666666
58 0.6383333333333333 0.18611000000000003 0.04555666666666666 0.07666666666666666
59 0.7055566666666667 0.18277666666666667 0.04666666666666667 0.07444333333333333
54 0.08533333333333333 0.4053333333333333 0.042666666666666665 0.064
54 0.266 0.399 0.04 0.062
54 0.4503333333333333 0.398 0.03666666666666667 0.06533333333333333
54 0.5716666666666667 0.3963333333333333 0.038 0.06866666666666667
54 0.7616666666666667 0.3943333333333333 0.04466666666666667 0.066
54 0.9536666666666667 0.39166666666666666 0.042 0.06866666666666667
54 0.106 0.5853333333333334 0.034666666666666665 0.06133333333333333
54 0.278 0.5823333333333334 0.04 0.06066666666666667
54 0.454 0.5816666666666667 0.03866666666666667 0.058
54 0.633 0.5776666666666667 0.04066666666666666 0.06066666666666667
54 0.8123333333333334 0.577 0.04066666666666666 0.06066666666666667
54 0.11666666666666667 0.6713333333333333 0.036 0.05466666666666667
0 0.14166666666666666 0.404 0.038 0.064
1 0.322 0.39866666666666667 0.037333333333333336 0.06266666666666666
2 0.509 0.397 0.03933333333333333 0.06333333333333334
3 0.6336666666666667 0.3943333333333333 0.04066666666666666 0.066
4 0.8233333333333334 0.391 0.042666666666666665 0.062
1 0.15766666666666668 0.5863333333333334 0.038 0.059333333333333335
3 0.33666666666666667 0.5833333333333334 0.04 0.06
4 0.5126666666666667 0.58 0.037333333333333336 0.056
2 0.692 0.5783333333333334 0.04133333333333333 0.06333333333333334
5 0.8763333333333333 0.5763333333333334 0.04066666666666666 0.059333333333333335
0 0.17066666666666666 0.6706666666666666 0.037333333333333336 0.05733333333333333