37 0.1103515625 0.072998046875 0.0205078125 0.03173828125
38 0.142578125 0.074462890625 0.02001953125 0.03125
39 0.17333984375 0.07470703125 0.01953125 0.03076171875
41 0.205078125 0.072509765625 0.01806640625 0.02978515625
43 0.2353515625 0.07275390625 0.02001953125 0.03173828125
45 0.26611328125 0.07177734375 0.01953125 0.03369140625
46 0.2978515625 0.072998046875 0.01953125 0.0322265625
47 0.3291015625 0.07177734375 0.01806640625 0.03125
48 0.361328125 0.072509765625 0.01708984375 0.0322265625
49 0.392578125 0.071533203125 0.01953125 0.03515625
50 0.423828125 0.07080078125 0.02099609375 0.033203125
51 0.4541015625 0.069580078125 0.0224609375 0.03369140625
52 0.48486328125 0.06884765625 0.02001953125 0.03125
53 0.51611328125 0.068359375 0.01904296875 0.033203125
42 0.57861328125 0.0703125 0.01904296875 0.03369140625
44 0.60888671875 0.069091796875 0.02197265625 0.03466796875
53 0.669921875 0.06884765625 0.021484375 0.0341796875
46 0.70166015625 0.067626953125 0.01953125 0.03173828125
55 0.76318359375 0.0693359375 0.01904296875 0.0283203125
56 0.7939453125 0.068115234375 0.01953125 0.03125
57 0.826171875 0.06787109375 0.0224609375 0.033203125
62 0.10986328125 0.123291015625 0.02197265625 0.02978515625
63 0.14111328125 0.121826171875 0.02099609375 0.03173828125
64 0.171875 0.12158203125 0.0205078125 0.02880859375
65 0.203125 0.120849609375 0.01904296875 0.03125
66 0.23388671875 0.12060546875 0.02001953125 0.03173828125
54 0.42431640625 0.11962890625 0.01904296875 0.02978515625
40 0.29833984375 0.120361328125 0.01904296875 0.02978515625
54 0.48583984375 0.119140625 0.01904296875 0.02978515625
40 0.32958984375 0.12109375 0.01904296875 0.02978515625
40 0.3623046875 0.118896484375 0.01904296875 0.02978515625
40 0.107421875 0.170654296875 0.01904296875 0.02978515625
33 0.14013671875 0.169677734375 0.01953125 0.0283203125
19 0.169921875 0.16796875 0.0185546875 0.0283203125
30 0.20068359375 0.168212890625 0.01953125 0.0341796875
18 0.2333984375 0.1689453125 0.01806640625 0.03271484375
59 0.296875 0.165771484375 0.021484375 0.03271484375
56 0.32861328125 0.166015625 0.02099609375 0.03271484375
37 0.3603515625 0.166259765625 0.0205078125 0.03271484375
39 0.39208984375 0.166259765625 0.01904296875 0.0341796875
43 0.4228515625 0.166015625 0.0185546875 0.03125
54 0.54931640625 0.117919921875 0.01904296875 0.0322265625
37 0.2001953125 0.217529296875 0.02294921875 0.03564453125
38 0.2646484375 0.21630859375 0.02099609375 0.033203125
39 0.3271484375 0.2138671875 0.01953125 0.03271484375
41 0.390625 0.216552734375 0.01904296875 0.0361328125
43 0.45361328125 0.214599609375 0.01806640625 0.03369140625
45 0.51708984375 0.21484375 0.01806640625 0.0341796875
46 0.580078125 0.2138671875 0.02392578125 0.03759765625
47 0.642578125 0.212158203125 0.01904296875 0.0341796875
48 0.7060546875 0.211669921875 0.02099609375 0.03369140625
49 0.76904296875 0.2109375 0.021484375 0.03515625
50 0.83056640625 0.2119140625 0.01904296875 0.03173828125
53 0.10400390625 0.26806640625 0.02099609375 0.03369140625
42 0.16845703125 0.26904296875 0.021484375 0.033203125
44 0.19873046875 0.266845703125 0.02099609375 0.033203125
53 0.26416015625 0.26904296875 0.01953125 0.03271484375
46 0.29736328125 0.268310546875 0.01904296875 0.03173828125
55 0.359375 0.266357421875 0.02001953125 0.03369140625
56 0.4228515625 0.2646484375 0.017578125 0.03125
57 0.4853515625 0.2646484375 0.01953125 0.03369140625
58 0.54931640625 0.264892578125 0.01904296875 0.03271484375
59 0.611328125 0.264404296875 0.01953125 0.0322265625
60 0.67578125 0.26220703125 0.01904296875 0.03369140625
61 0.73876953125 0.26123046875 0.021484375 0.033203125
62 0.80078125 0.261474609375 0.0224609375 0.03271484375
65 0.103515625 0.3203125 0.0234375 0.03173828125
66 0.16748046875 0.3173828125 0.01953125 0.03076171875
53 0.2294921875 0.367919921875 0.021484375 0.03173828125
61 0.2626953125 0.3662109375 0.02099609375 0.03271484375
52 0.29443359375 0.364501953125 0.0205078125 0.03466796875
38 0.3271484375 0.36572265625 0.02099609375 0.033203125
58 0.85498046875 0.06787109375 0.02197265625 0.033203125
59 0.88623046875 0.066650390625 0.02001953125 0.02978515625
60 0.9169921875 0.0673828125 0.01953125 0.03173828125
61 0.94775390625 0.069580078125 0.0205078125 0.03125
51 0.8935546875 0.209716796875 0.02001953125 0.03125
52 0.95458984375 0.209228515625 0.02197265625 0.0283203125
63 0.86572265625 0.260009765625 0.01806640625 0.0341796875
43 0.35888671875 0.365966796875 0.02001953125 0.033203125
58 0.392578125 0.365966796875 0.02001953125 0.0322265625
59 0.4228515625 0.3642578125 0.01953125 0.02978515625
54 0.09912109375 0.47216796875 0.021484375 0.03125
54 0.19873046875 0.470458984375 0.01953125 0.02978515625
54 0.29443359375 0.468994140625 0.0224609375 0.033203125
54 0.35986328125 0.468994140625 0.0205078125 0.0341796875
54 0.455078125 0.468017578125 0.01953125 0.033203125
54 0.55078125 0.465576171875 0.0234375 0.0322265625
54 0.64697265625 0.463623046875 0.01708984375 0.03515625
54 0.74462890625 0.46337890625 0.02197265625 0.03369140625
54 0.84228515625 0.4638671875 0.0205078125 0.033203125
54 0.93798828125 0.46044921875 0.02197265625 0.0341796875
54 0.0966796875 0.5732421875 0.02197265625 0.0341796875
54 0.1962890625 0.571044921875 0.01953125 0.03515625
54 0.2939453125 0.570068359375 0.0224609375 0.0341796875
54 0.39306640625 0.568603515625 0.0205078125 0.03369140625
54 0.4912109375 0.56591796875 0.0205078125 0.03662109375
54 0.58544921875 0.56494140625 0.0205078125 0.0341796875
54 0.68408203125 0.5634765625 0.021484375 0.03564453125
54 0.7822265625 0.562744140625 0.021484375 0.03369140625
54 0.87841796875 0.562255859375 0.0205078125 0.033203125
54 0.09716796875 0.6279296875 0.02001953125 0.03125
0 0.12939453125 0.471435546875 0.01953125 0.03369140625
1 0.228515625 0.468505859375 0.01953125 0.03076171875
2 0.328125 0.46826171875 0.01953125 0.0322265625
3 0.3916015625 0.468017578125 0.01953125 0.03515625
4 0.4873046875 0.4677734375 0.017578125 0.03076171875
5 0.58203125 0.4658203125 0.01953125 0.03125
6 0.6796875 0.4638671875 0.01806640625 0.0322265625
7 0.77685546875 0.463623046875 0.0205078125 0.0341796875
8 0.87255859375 0.463623046875 0.02197265625 0.03564453125
9 0.96826171875 0.460205078125 0.01904296875 0.03564453125
1 0.126953125 0.572509765625 0.01904296875 0.03369140625
2 0.423828125 0.568359375 0.01953125 0.03515625
3 0.22802734375 0.571533203125 0.021484375 0.03369140625
4 0.32666015625 0.5693359375 0.02001953125 0.0341796875
5 0.52001953125 0.5654296875 0.021484375 0.03564453125
6 0.61767578125 0.564697265625 0.01953125 0.03564453125
7 0.7158203125 0.563232421875 0.0205078125 0.03515625
8 0.8115234375 0.563232421875 0.021484375 0.03515625
9 0.908203125 0.5634765625 0.01953125 0.0341796875
0 0.12890625 0.627685546875 0.0205078125 0.03369140625
52 0.09130859375 0.787109375 0.01953125 0.0322265625
37 0.12353515625 0.784912109375 0.02001953125 0.03515625
46 0.15771484375 0.78662109375 0.02001953125 0.0361328125
37 0.19140625 0.784912109375 0.021484375 0.03369140625
53 0.22314453125 0.784912109375 0.0234375 0.03515625
41 0.255859375 0.7841796875 0.02197265625 0.03369140625
37 0.291015625 0.783447265625 0.02001953125 0.03369140625
53 0.3232421875 0.78271484375 0.02197265625 0.0341796875
46 0.3564453125 0.78173828125 0.0224609375 0.0361328125
61 0.42333984375 0.7802734375 0.02490234375 0.03564453125
52 0.4580078125 0.780029296875 0.0205078125 0.0361328125
37 0.4921875 0.7783203125 0.0224609375 0.03662109375
46 0.5244140625 0.77880859375 0.0205078125 0.03564453125
37 0.5576171875 0.777099609375 0.021484375 0.03564453125
59 0.62353515625 0.777587890625 0.0244140625 0.033203125
37 0.658203125 0.7763671875 0.0224609375 0.03369140625
48 0.7236328125 0.776123046875 0.02197265625 0.03369140625
53 0.7568359375 0.7744140625 0.021484375 0.03759765625
65 0.78955078125 0.773193359375 0.0244140625 0.0380859375
55 0.82080078125 0.77294921875 0.021484375 0.03515625
50 0.09130859375 0.84033203125 0.0234375 0.03515625
61 0.125 0.841064453125 0.02392578125 0.0361328125
52 0.1572265625 0.8388671875 0.02001953125 0.0322265625
61 0.18896484375 0.841064453125 0.0224609375 0.0361328125
59 0.22412109375 0.841064453125 0.02197265625 0.0361328125
60 0.2578125 0.8408203125 0.01953125 0.03759765625
37 0.2900390625 0.839111328125 0.02001953125 0.0361328125
50 0.35791015625 0.839111328125 0.02197265625 0.03369140625
37 0.3916015625 0.837646484375 0.01953125 0.03564453125
65 0.42333984375 0.83837890625 0.0234375 0.0361328125
55 0.45654296875 0.835693359375 0.02197265625 0.0361328125