54 0.25732421875 0.05517578125 0.04296875 0.07666015625
54 0.4541015625 0.06005859375 0.041015625 0.06884765625
54 0.65478515625 0.072265625 0.04736328125 0.0732421875
54 0.78857421875 0.07763671875 0.04736328125 0.07080078125
54 0.24853515625 0.2607421875 0.04541015625 0.0673828125
54 0.43896484375 0.27490234375 0.04638671875 0.06982421875
54 0.6357421875 0.28857421875 0.04638671875 0.07861328125
54 0.84423828125 0.30126953125 0.0419921875 0.06640625
54 0.24609375 0.36962890625 0.04296875 0.0673828125
0 0.3212890625 0.0556640625 0.048828125 0.07958984375
1 0.51904296875 0.06103515625 0.04443359375 0.07080078125
2 0.720703125 0.0712890625 0.04541015625 0.0732421875
3 0.86181640625 0.07958984375 0.0517578125 0.07861328125
1 0.3076171875 0.25927734375 0.04443359375 0.06982421875
3 0.50634765625 0.2744140625 0.04296875 0.06884765625
4 0.7099609375 0.2919921875 0.03955078125 0.0732421875
2 0.9111328125 0.30078125 0.0419921875 0.07177734375
0 0.30810546875 0.3779296875 0.041015625 0.07080078125
52 0.22314453125 0.6748046875 0.0419921875 0.06982421875
37 0.287109375 0.6767578125 0.041015625 0.06884765625
46 0.35009765625 0.68408203125 0.04443359375 0.0673828125
37 0.41259765625 0.68896484375 0.041015625 0.0732421875
53 0.4765625 0.69384765625 0.04443359375 0.07421875
41 0.53955078125 0.69873046875 0.04296875 0.0751953125
37 0.607421875 0.7001953125 0.04296875 0.0732421875
53 0.67041015625 0.7060546875 0.041015625 0.07177734375
46 0.734375 0.7109375 0.0419921875 0.0732421875
50 0.21875 0.7744140625 0.04638671875 0.06884765625
61 0.28271484375 0.77978515625 0.04296875 0.06884765625
52 0.341796875 0.78466796875 0.04541015625 0.06884765625
61 0.40673828125 0.791015625 0.04443359375 0.06884765625
59 0.46923828125 0.79736328125 0.04541015625 0.0673828125
60 0.53369140625 0.80126953125 0.04736328125 0.06884765625
37 0.59814453125 0.80126953125 0.03857421875 0.06396484375
50 0.72705078125 0.814453125 0.0498046875 0.06640625
37 0.7900390625 0.82177734375 0.05078125 0.07421875
65 0.85205078125 0.82275390625 0.04638671875 0.06982421875
55 0.916015625 0.82568359375 0.041015625 0.06884765625
61 0.8623046875 0.72265625 0.044921875 0.078125
52 0.9267578125 0.72412109375 0.05322265625 0.06787109375