54 0.11527666666666667 0.12139000000000001 0.03389 0.06277666666666668
54 0.2791666666666667 0.12139000000000001 0.040556666666666664 0.06722333333333333
54 0.45472333333333337 0.12111 0.036109999999999996 0.06666666666666667
54 0.6330566666666667 0.12277666666666666 0.03722333333333333 0.07222333333333333
54 0.8183333333333334 0.12527666666666668 0.04 0.07166666666666667
3 0.17027666666666666 0.12083333333333333 0.03722333333333333 0.065
4 0.33777666666666667 0.11916666666666667 0.03444333333333333 0.06277666666666668
2 0.5122233333333334 0.11972333333333333 0.042223333333333335 0.065
5 0.695 0.12277666666666666 0.03889 0.07222333333333333
6 0.8847233333333333 0.12666666666666668 0.045 0.07333333333333333
46 0.056389999999999996 0.48527666666666663 0.036109999999999996 0.065
37 0.11027666666666666 0.48527666666666663 0.03389 0.06166666666666667
53 0.16333333333333333 0.4869433333333333 0.03777666666666667 0.059443333333333334
41 0.21861000000000003 0.4891666666666667 0.036109999999999996 0.06055666666666666
37 0.2758333333333333 0.49333333333333335 0.036109999999999996 0.06222333333333333
53 0.33194333333333337 0.49472333333333335 0.036109999999999996 0.06277666666666668
46 0.3880566666666667 0.4969433333333333 0.03722333333333333 0.065
61 0.49972333333333335 0.5025 0.03833333333333333 0.06277666666666668
52 0.5580566666666666 0.5044433333333334 0.03833333333333333 0.05889
37 0.6144433333333333 0.5055566666666667 0.03777666666666667 0.06
46 0.67611 0.5127766666666667 0.03889 0.06666666666666667
37 0.7352766666666667 0.51111 0.03722333333333333 0.06444333333333334
59 0.8561099999999999 0.5175 0.044443333333333335 0.06277666666666668
37 0.9177766666666667 0.51639 0.03777666666666667 0.059443333333333334
52 0.051943333333333334 0.5730566666666667 0.03722333333333333 0.058333333333333334
61 0.10805666666666668 0.5747233333333334 0.036109999999999996 0.059443333333333334
59 0.16055666666666668 0.5777766666666666 0.04111 0.05889
60 0.21666666666666667 0.5808333333333333 0.03666666666666667 0.058333333333333334
37 0.27277666666666667 0.5841666666666666 0.03777666666666667 0.06166666666666667
50 0.38639 0.58861 0.040556666666666664 0.06055666666666666
37 0.4430566666666667 0.59361 0.03722333333333333 0.06389
65 0.4969433333333333 0.5969433333333333 0.040556666666666664 0.06611
55 0.5544433333333333 0.5972233333333333 0.04 0.06555666666666667