46 0.0693359375 0.5048828125 0.0615234375 0.09716796875
37 0.1455078125 0.5029296875 0.0615234375 0.09716796875
41 0.31103515625 0.499755859375 0.0615234375 0.09716796875
53 0.2255859375 0.500244140625 0.0615234375 0.09716796875
37 0.396484375 0.49755859375 0.0615234375 0.09716796875
53 0.47119140625 0.497314453125 0.0615234375 0.09716796875
46 0.5537109375 0.495361328125 0.0615234375 0.09716796875
52 0.059326171875 0.63134765625 0.0615234375 0.09716796875
61 0.140869140625 0.632568359375 0.0615234375 0.09716796875
59 0.219970703125 0.635498046875 0.06591796875 0.095703125
60 0.300048828125 0.633544921875 0.06591796875 0.095703125
37 0.388427734375 0.630615234375 0.06591796875 0.095703125
50 0.551025390625 0.631103515625 0.06591796875 0.095703125
37 0.637451171875 0.629150390625 0.06591796875 0.095703125
65 0.722412109375 0.634033203125 0.06689453125 0.1064453125
61 0.720703125 0.497802734375 0.06689453125 0.1064453125
52 0.80029296875 0.497314453125 0.06689453125 0.1064453125
37 0.88330078125 0.496826171875 0.06689453125 0.1064453125
46 0.9638671875 0.499267578125 0.06689453125 0.1064453125
55 0.808349609375 0.635986328125 0.06689453125 0.1064453125