60 0.28466796875 0.077880859375 0.0419921875 0.07470703125
40 0.09423828125 0.0810546875 0.0419921875 0.07470703125
22 0.15234375 0.08056640625 0.0419921875 0.07470703125
43 0.21533203125 0.078369140625 0.0419921875 0.07470703125
60 0.35009765625 0.078125 0.0419921875 0.07470703125
43 0.4189453125 0.076171875 0.0419921875 0.07470703125
58 0.4833984375 0.07568359375 0.0419921875 0.07470703125
59 0.5556640625 0.074951171875 0.0419921875 0.07470703125
53 0.697265625 0.071044921875 0.04541015625 0.07568359375
55 0.7685546875 0.0712890625 0.04541015625 0.07568359375
59 0.9150390625 0.0732421875 0.04541015625 0.07568359375
37 0.0927734375 0.29833984375 0.04541015625 0.07568359375
38 0.15380859375 0.2998046875 0.04541015625 0.07568359375
39 0.21728515625 0.298095703125 0.04541015625 0.07568359375
41 0.28173828125 0.299560546875 0.04541015625 0.07568359375
43 0.34814453125 0.30078125 0.04541015625 0.07568359375
45 0.4140625 0.30126953125 0.04541015625 0.07568359375
46 0.4814453125 0.299560546875 0.04541015625 0.07568359375
47 0.5517578125 0.297607421875 0.04541015625 0.07568359375
48 0.61962890625 0.297119140625 0.04541015625 0.07568359375
49 0.69189453125 0.2958984375 0.04541015625 0.07568359375
50 0.7607421875 0.30322265625 0.04541015625 0.07568359375
51 0.8349609375 0.3046875 0.04541015625 0.07568359375
52 0.9072265625 0.30517578125 0.04541015625 0.07568359375
62 0.0927734375 0.408203125 0.04541015625 0.07568359375
63 0.15478515625 0.40869140625 0.04541015625 0.07568359375
64 0.21728515625 0.406982421875 0.04541015625 0.07568359375
65 0.28076171875 0.406005859375 0.04541015625 0.07568359375
66 0.34814453125 0.4140625 0.04541015625 0.07568359375
40 0.48291015625 0.4140625 0.04541015625 0.07568359375
40 0.54931640625 0.414306640625 0.04541015625 0.07568359375
40 0.6181640625 0.418212890625 0.04541015625 0.07568359375
54 0.76171875 0.42236328125 0.04541015625 0.07568359375
54 0.90283203125 0.42431640625 0.04541015625 0.07568359375
40 0.08935546875 0.51025390625 0.04541015625 0.07568359375
33 0.15625 0.5087890625 0.04541015625 0.07568359375
48 0.21728515625 0.512451171875 0.04541015625 0.07568359375
60 0.28515625 0.512939453125 0.04541015625 0.07568359375
47 0.34814453125 0.51171875 0.04541015625 0.07568359375
59 0.48046875 0.515869140625 0.04541015625 0.07568359375
56 0.544921875 0.518798828125 0.04541015625 0.07568359375
37 0.61181640625 0.518310546875 0.04541015625 0.07568359375
39 0.68505859375 0.51953125 0.04541015625 0.07568359375
43 0.75732421875 0.52099609375 0.04541015625 0.07568359375
37 0.09375 0.6103515625 0.04541015625 0.07568359375
38 0.15625 0.615234375 0.04541015625 0.07568359375
37 0.28271484375 0.614990234375 0.04541015625 0.07568359375
38 0.41259765625 0.62109375 0.04541015625 0.07568359375
39 0.544921875 0.625244140625 0.04541015625 0.07568359375
41 0.6826171875 0.6318359375 0.04541015625 0.07568359375
43 0.8193359375 0.63720703125 0.04541015625 0.07568359375
45 0.962890625 0.642333984375 0.04541015625 0.07568359375
53 0.09814453125 0.712890625 0.04541015625 0.07568359375
42 0.21923828125 0.719970703125 0.04541015625 0.07568359375
44 0.28271484375 0.722900390625 0.04541015625 0.07568359375
53 0.41162109375 0.72802734375 0.04541015625 0.07568359375
46 0.478515625 0.728271484375 0.04541015625 0.07568359375
55 0.6083984375 0.734375 0.04541015625 0.07568359375
56 0.74609375 0.7421875 0.04541015625 0.07568359375
57 0.8828125 0.750732421875 0.04541015625 0.07568359375
65 0.1015625 0.8125 0.04541015625 0.07568359375
66 0.2216796875 0.814697265625 0.04541015625 0.07568359375
40 0.10888671875 0.901123046875 0.0419921875 0.0615234375
53 0.16552734375 0.900390625 0.0419921875 0.0615234375
48 0.2275390625 0.903076171875 0.0419921875 0.0615234375
53 0.3466796875 0.91455078125 0.0419921875 0.0615234375
61 0.41015625 0.91650390625 0.0419921875 0.0615234375
52 0.474609375 0.925537109375 0.0419921875 0.0615234375
38 0.53662109375 0.926025390625 0.0419921875 0.0615234375
43 0.6044921875 0.931640625 0.0419921875 0.0615234375
58 0.6689453125 0.93798828125 0.0419921875 0.0615234375
59 0.73681640625 0.9462890625 0.04638671875 0.0703125