53 0.0751953125 0.136962890625 0.046875 0.078125
55 0.14501953125 0.134521484375 0.046875 0.078125
59 0.288330078125 0.140625 0.046875 0.078125
56 0.36279296875 0.134521484375 0.046875 0.078125
37 0.43017578125 0.136962890625 0.046875 0.078125
39 0.50927734375 0.13623046875 0.046875 0.078125
49 0.082275390625 0.36962890625 0.046875 0.078125
43 0.580078125 0.135986328125 0.046875 0.078125
50 0.149658203125 0.372314453125 0.046875 0.078125
51 0.216552734375 0.371337890625 0.046875 0.078125
52 0.289794921875 0.3720703125 0.046875 0.078125
53 0.361083984375 0.373779296875 0.046875 0.078125
42 0.500732421875 0.37744140625 0.046875 0.078125
44 0.57177734375 0.380615234375 0.046875 0.078125
53 0.712890625 0.37890625 0.046875 0.078125
46 0.78271484375 0.380615234375 0.046875 0.078125
55 0.92626953125 0.38916015625 0.046875 0.078125
54 0.158935546875 0.48388671875 0.046875 0.078125
54 0.293212890625 0.48828125 0.046875 0.078125
54 0.43212890625 0.491455078125 0.046875 0.078125
39 0.08740234375 0.581787109375 0.046875 0.078125
43 0.1552734375 0.581298828125 0.046875 0.078125
41 0.09423828125 0.688720703125 0.046875 0.078125
43 0.2265625 0.693359375 0.046875 0.078125
45 0.36083984375 0.696044921875 0.046875 0.078125
46 0.4931640625 0.6962890625 0.046875 0.078125
47 0.627197265625 0.701171875 0.046875 0.078125
48 0.761962890625 0.709716796875 0.046875 0.078125
49 0.898193359375 0.71240234375 0.046875 0.078125
55 0.035888671875 0.78564453125 0.046875 0.078125
56 0.162353515625 0.7939453125 0.046875 0.078125
57 0.29248046875 0.79736328125 0.046875 0.078125
58 0.419921875 0.80224609375 0.046875 0.078125
59 0.5546875 0.804931640625 0.046875 0.078125
60 0.6865234375 0.81005859375 0.046875 0.078125
61 0.817626953125 0.81494140625 0.046875 0.078125
62 0.948486328125 0.817138671875 0.046875 0.078125