53 0.0712890625 0.157470703125 0.03466796875 0.05615234375
37 0.06787109375 0.079345703125 0.03466796875 0.05615234375
38 0.11279296875 0.080322265625 0.03466796875 0.05615234375
37 0.205078125 0.080078125 0.03466796875 0.05615234375
38 0.29931640625 0.08203125 0.03466796875 0.05615234375
39 0.39697265625 0.082275390625 0.03466796875 0.05615234375
41 0.4951171875 0.085693359375 0.03466796875 0.05615234375
43 0.5908203125 0.0869140625 0.03759765625 0.05615234375
45 0.68896484375 0.092529296875 0.03759765625 0.05615234375
46 0.786376953125 0.098388671875 0.03759765625 0.05615234375
47 0.883056640625 0.10107421875 0.03759765625 0.05615234375
48 0.981201171875 0.106689453125 0.03759765625 0.05615234375
42 0.16064453125 0.16064453125 0.03466796875 0.05615234375
44 0.20703125 0.1591796875 0.03466796875 0.05615234375
53 0.30029296875 0.164306640625 0.03466796875 0.05615234375
46 0.34814453125 0.162841796875 0.03466796875 0.05615234375
55 0.44482421875 0.169677734375 0.03466796875 0.05615234375
56 0.5380859375 0.171875 0.03466796875 0.05615234375
57 0.634521484375 0.17626953125 0.03466796875 0.05615234375
58 0.7294921875 0.177001953125 0.03466796875 0.05615234375
59 0.826904296875 0.184326171875 0.03466796875 0.05615234375
60 0.921630859375 0.1865234375 0.03466796875 0.05615234375
65 0.074462890625 0.234130859375 0.03466796875 0.05615234375
66 0.164306640625 0.23876953125 0.03466796875 0.05615234375
40 0.07861328125 0.3076171875 0.03466796875 0.05615234375
53 0.120361328125 0.3095703125 0.03466796875 0.05615234375
48 0.16552734375 0.30908203125 0.03466796875 0.05615234375
53 0.257080078125 0.313720703125 0.03466796875 0.05615234375
61 0.303466796875 0.314697265625 0.03466796875 0.05615234375
52 0.347900390625 0.315673828125 0.03466796875 0.05615234375
38 0.393798828125 0.317138671875 0.03466796875 0.05615234375
43 0.441162109375 0.318603515625 0.03466796875 0.05615234375
58 0.488525390625 0.320556640625 0.03466796875 0.05615234375
59 0.534423828125 0.323974609375 0.03466796875 0.05615234375
54 0.087646484375 0.45361328125 0.03466796875 0.04931640625
0 0.129638671875 0.453125 0.03466796875 0.04931640625
54 0.218505859375 0.456787109375 0.03466796875 0.04931640625
54 0.349365234375 0.462158203125 0.03466796875 0.04931640625
54 0.439697265625 0.4658203125 0.03466796875 0.04931640625
54 0.57177734375 0.469970703125 0.03466796875 0.04931640625
54 0.70654296875 0.47802734375 0.03466796875 0.04931640625
54 0.8427734375 0.4853515625 0.03466796875 0.04931640625
54 0.98291015625 0.49462890625 0.0341796875 0.04931640625
54 0.093505859375 0.588623046875 0.03466796875 0.04931640625
54 0.095947265625 0.653076171875 0.03466796875 0.04931640625
54 0.219482421875 0.593505859375 0.03466796875 0.04931640625
54 0.351318359375 0.596435546875 0.03466796875 0.04931640625
54 0.479736328125 0.60107421875 0.03466796875 0.04931640625
54 0.608642578125 0.605224609375 0.03466796875 0.04931640625
54 0.740234375 0.612060546875 0.03466796875 0.04931640625
54 0.875 0.62109375 0.03466796875 0.04931640625
0 0.137939453125 0.656494140625 0.03466796875 0.04931640625
1 0.258544921875 0.457763671875 0.03466796875 0.04931640625
2 0.396240234375 0.46337890625 0.03466796875 0.04931640625
3 0.482666015625 0.467041015625 0.03466796875 0.04931640625
4 0.61669921875 0.470947265625 0.03466796875 0.04931640625
5 0.75244140625 0.47900390625 0.03466796875 0.04931640625
6 0.89013671875 0.485107421875 0.03466796875 0.04931640625
6 0.7861328125 0.615234375 0.03466796875 0.04931640625
5 0.652099609375 0.608642578125 0.03466796875 0.04931640625
2 0.523681640625 0.6015625 0.03466796875 0.04931640625
4 0.394775390625 0.5986328125 0.03466796875 0.04931640625
3 0.262939453125 0.592529296875 0.03466796875 0.04931640625
1 0.1337890625 0.588134765625 0.03466796875 0.04931640625
7 0.9208984375 0.62548828125 0.03466796875 0.04931640625
52 0.10791015625 0.834716796875 0.03173828125 0.04150390625
37 0.146484375 0.83544921875 0.03173828125 0.04150390625
46 0.1884765625 0.8369140625 0.03173828125 0.04150390625
37 0.22802734375 0.83740234375 0.03173828125 0.04150390625
53 0.27001953125 0.83740234375 0.03173828125 0.04150390625
41 0.310546875 0.83740234375 0.03173828125 0.04150390625
37 0.3505859375 0.83837890625 0.03173828125 0.04150390625
53 0.392578125 0.83935546875 0.03173828125 0.04150390625
46 0.4345703125 0.8408203125 0.03173828125 0.04150390625
61 0.514892578125 0.847900390625 0.03173828125 0.04150390625
52 0.555419921875 0.850830078125 0.03173828125 0.04150390625
37 0.595458984375 0.853271484375 0.03173828125 0.04150390625
46 0.638427734375 0.858154296875 0.03173828125 0.04150390625
37 0.678955078125 0.861572265625 0.03173828125 0.04150390625
59 0.76416015625 0.872802734375 0.03173828125 0.04150390625
37 0.80615234375 0.874755859375 0.03173828125 0.04150390625
48 0.893798828125 0.886474609375 0.03173828125 0.04150390625
53 0.937255859375 0.890380859375 0.03173828125 0.04150390625
50 0.11376953125 0.8896484375 0.02978515625 0.03564453125
61 0.15576171875 0.888671875 0.02978515625 0.03564453125
52 0.1953125 0.890380859375 0.02978515625 0.03564453125
61 0.234375 0.890380859375 0.02978515625 0.03564453125
59 0.275390625 0.892333984375 0.02978515625 0.03564453125
60 0.31591796875 0.892333984375 0.02978515625 0.03564453125
37 0.35400390625 0.8916015625 0.02978515625 0.03564453125
50 0.431640625 0.899169921875 0.02978515625 0.0390625
37 0.470947265625 0.901611328125 0.02978515625 0.0390625
65 0.510986328125 0.907958984375 0.0302734375 0.044921875
55 0.552490234375 0.912353515625 0.0302734375 0.044921875