40 0.1171875 0.17919921875 0.01953125 0.03173828125
22 0.14208984375 0.177734375 0.01953125 0.03173828125
43 0.166015625 0.17724609375 0.01953125 0.03173828125
60 0.19091796875 0.17529296875 0.01953125 0.03173828125
60 0.21484375 0.173828125 0.01953125 0.03173828125
43 0.24072265625 0.17333984375 0.01953125 0.03173828125
58 0.26708984375 0.17236328125 0.01953125 0.03173828125
59 0.29150390625 0.1708984375 0.01953125 0.03173828125
53 0.34375 0.16943359375 0.01953125 0.03173828125
55 0.37158203125 0.1689453125 0.01953125 0.03173828125
59 0.4267578125 0.1669921875 0.01953125 0.03173828125
56 0.4541015625 0.16552734375 0.01953125 0.03173828125
37 0.4814453125 0.1650390625 0.01953125 0.03173828125
39 0.5107421875 0.1640625 0.01953125 0.03173828125
43 0.53955078125 0.1630859375 0.01953125 0.03173828125
52 0.4267578125 0.2607421875 0.01904296875 0.03076171875
37 0.11669921875 0.2646484375 0.01904296875 0.03076171875
38 0.14111328125 0.2646484375 0.01904296875 0.03076171875
39 0.1650390625 0.26416015625 0.01904296875 0.03076171875
41 0.19091796875 0.26416015625 0.01904296875 0.03076171875
43 0.21533203125 0.26416015625 0.01904296875 0.03076171875
45 0.2392578125 0.26220703125 0.01904296875 0.03076171875
46 0.26513671875 0.26171875 0.01904296875 0.03076171875
47 0.291015625 0.26171875 0.01904296875 0.03076171875
48 0.31884765625 0.26123046875 0.01904296875 0.03076171875
49 0.34423828125 0.26025390625 0.01904296875 0.03076171875
50 0.3720703125 0.2607421875 0.01904296875 0.03076171875
51 0.3984375 0.259765625 0.01904296875 0.03076171875
53 0.453125 0.259765625 0.01904296875 0.03076171875
42 0.51123046875 0.259765625 0.01904296875 0.03076171875
44 0.53857421875 0.26025390625 0.01904296875 0.03076171875
53 0.595703125 0.259765625 0.01904296875 0.03076171875
46 0.6240234375 0.25927734375 0.01904296875 0.03076171875
55 0.681640625 0.25927734375 0.02099609375 0.03173828125
56 0.71044921875 0.25927734375 0.02099609375 0.03173828125
57 0.7392578125 0.26025390625 0.02099609375 0.03173828125
58 0.76953125 0.26025390625 0.02099609375 0.03173828125
59 0.796875 0.26025390625 0.02099609375 0.03173828125
60 0.826171875 0.25927734375 0.02099609375 0.03173828125
61 0.8544921875 0.26025390625 0.02099609375 0.03173828125
62 0.116455078125 0.30712890625 0.01904296875 0.03076171875
63 0.139404296875 0.30712890625 0.01904296875 0.03076171875
65 0.189208984375 0.306640625 0.01904296875 0.03076171875
64 0.164794921875 0.3076171875 0.01904296875 0.03076171875
66 0.215087890625 0.306640625 0.01904296875 0.03076171875
40 0.266845703125 0.3076171875 0.01904296875 0.03076171875
40 0.293212890625 0.3076171875 0.01904296875 0.03076171875
40 0.320068359375 0.30859375 0.01904296875 0.03076171875
54 0.372314453125 0.3076171875 0.01904296875 0.03076171875
54 0.427001953125 0.3076171875 0.01904296875 0.03076171875
54 0.481201171875 0.30859375 0.01904296875 0.03076171875
40 0.1162109375 0.35009765625 0.01904296875 0.03076171875
33 0.1396484375 0.349609375 0.01904296875 0.03076171875
48 0.16552734375 0.34912109375 0.01904296875 0.03076171875
60 0.1884765625 0.349609375 0.01904296875 0.03076171875
47 0.21484375 0.34912109375 0.01904296875 0.03076171875
59 0.26708984375 0.35009765625 0.01904296875 0.03076171875
56 0.29248046875 0.34912109375 0.01904296875 0.03076171875
37 0.3193359375 0.349609375 0.01904296875 0.03076171875
39 0.345703125 0.34912109375 0.01904296875 0.03076171875
43 0.373046875 0.34912109375 0.01904296875 0.03076171875
37 0.115966796875 0.3916015625 0.01904296875 0.03076171875
38 0.140869140625 0.39208984375 0.01904296875 0.03076171875
37 0.189697265625 0.39208984375 0.01904296875 0.03076171875
38 0.239990234375 0.39306640625 0.01904296875 0.03076171875
39 0.294189453125 0.39306640625 0.01904296875 0.03076171875
41 0.347412109375 0.39306640625 0.01904296875 0.03076171875
43 0.400146484375 0.39501953125 0.01904296875 0.03076171875
45 0.453369140625 0.3955078125 0.01904296875 0.03076171875
46 0.508544921875 0.3974609375 0.01904296875 0.03076171875
47 0.564697265625 0.3974609375 0.01904296875 0.03076171875
48 0.619873046875 0.39697265625 0.01904296875 0.03076171875
49 0.677490234375 0.3984375 0.01904296875 0.03076171875
50 0.731689453125 0.3984375 0.01904296875 0.03076171875
51 0.791015625 0.3994140625 0.01904296875 0.03076171875
52 0.84912109375 0.3994140625 0.01904296875 0.03076171875
53 0.11474609375 0.43505859375 0.01904296875 0.03076171875
42 0.166015625 0.43603515625 0.01904296875 0.03076171875
44 0.1904296875 0.4375 0.01904296875 0.03076171875
53 0.24169921875 0.4375 0.01904296875 0.03076171875
46 0.2685546875 0.4375 0.01904296875 0.03076171875
55 0.32080078125 0.43896484375 0.01904296875 0.03076171875
56 0.375 0.4384765625 0.01904296875 0.03076171875
57 0.42822265625 0.4404296875 0.01904296875 0.03076171875
58 0.481201171875 0.44189453125 0.01904296875 0.03076171875
59 0.534912109375 0.44287109375 0.01904296875 0.03076171875
60 0.592529296875 0.443359375 0.01904296875 0.03076171875
61 0.647216796875 0.44287109375 0.01904296875 0.03076171875
62 0.703369140625 0.4453125 0.01904296875 0.03076171875
63 0.761962890625 0.4443359375 0.01904296875 0.03076171875
65 0.116943359375 0.4775390625 0.01904296875 0.03076171875
66 0.166748046875 0.47900390625 0.01904296875 0.03076171875
40 0.11865234375 0.51806640625 0.01904296875 0.03076171875
24 0.142578125 0.51806640625 0.01904296875 0.03076171875
48 0.1669921875 0.51904296875 0.01904296875 0.03076171875
53 0.21875 0.5205078125 0.01904296875 0.03076171875
61 0.2451171875 0.5205078125 0.01904296875 0.03076171875
52 0.27001953125 0.52099609375 0.01904296875 0.03076171875
38 0.2958984375 0.52197265625 0.01904296875 0.03076171875
43 0.32177734375 0.5234375 0.01904296875 0.03076171875
58 0.349609375 0.52294921875 0.01904296875 0.03076171875
59 0.3759765625 0.52294921875 0.01904296875 0.03076171875
54 0.12353515625 0.6015625 0.01904296875 0.0283203125
54 0.1279296875 0.67919921875 0.01904296875 0.0283203125
54 0.130126953125 0.72021484375 0.01904296875 0.0283203125
54 0.19970703125 0.60302734375 0.01904296875 0.0283203125
54 0.20068359375 0.6826171875 0.01904296875 0.0283203125
54 0.275390625 0.60400390625 0.01904296875 0.0283203125
54 0.2763671875 0.6845703125 0.01904296875 0.0283203125
54 0.32666015625 0.60595703125 0.01904296875 0.0283203125
54 0.353515625 0.68603515625 0.01904296875 0.0283203125
54 0.404541015625 0.60888671875 0.01904296875 0.0283203125
54 0.4326171875 0.6884765625 0.01904296875 0.0283203125
54 0.482666015625 0.611328125 0.01904296875 0.0283203125
54 0.50927734375 0.6923828125 0.01904296875 0.0283203125
54 0.562744140625 0.61279296875 0.01904296875 0.0283203125
54 0.590087890625 0.6962890625 0.01904296875 0.0283203125
54 0.645751953125 0.6162109375 0.01904296875 0.0283203125
54 0.670166015625 0.6982421875 0.01904296875 0.0283203125
54 0.727783203125 0.6201171875 0.01904296875 0.0283203125
54 0.753173828125 0.70166015625 0.01904296875 0.0283203125
54 0.812744140625 0.62158203125 0.01904296875 0.0283203125
9 0.840576171875 0.62109375 0.01904296875 0.0283203125
7 0.672119140625 0.61669921875 0.01904296875 0.0283203125
8 0.756103515625 0.61962890625 0.01904296875 0.0283203125
6 0.590087890625 0.61328125 0.01904296875 0.0283203125
5 0.509033203125 0.60986328125 0.01904296875 0.0283203125
4 0.42919921875 0.60791015625 0.01904296875 0.0283203125
3 0.35302734375 0.60546875 0.01904296875 0.0283203125
2 0.29931640625 0.6044921875 0.01904296875 0.0283203125
1 0.2236328125 0.60302734375 0.01904296875 0.0283203125
0 0.1474609375 0.60107421875 0.01904296875 0.0283203125
1 0.15234375 0.677734375 0.01904296875 0.0283203125
0 0.153076171875 0.7197265625 0.01904296875 0.0283203125
3 0.2255859375 0.6826171875 0.01904296875 0.0283203125
4 0.30224609375 0.68408203125 0.01904296875 0.0283203125
2 0.3798828125 0.68603515625 0.01904296875 0.0283203125
5 0.45654296875 0.689453125 0.01904296875 0.0283203125
6 0.53466796875 0.6923828125 0.01904296875 0.0283203125
7 0.615478515625 0.6962890625 0.01904296875 0.0283203125
8 0.697509765625 0.69873046875 0.01904296875 0.0283203125
9 0.780517578125 0.70166015625 0.01904296875 0.0283203125
52 0.1279296875 0.84130859375 0.01904296875 0.0283203125
37 0.1533203125 0.84130859375 0.01904296875 0.0283203125
46 0.177734375 0.841796875 0.01904296875 0.0283203125
37 0.203125 0.841796875 0.01904296875 0.0283203125
53 0.22900390625 0.84130859375 0.01904296875 0.0283203125
41 0.25390625 0.84228515625 0.01904296875 0.0283203125
37 0.2802734375 0.841796875 0.01904296875 0.0283203125
53 0.30517578125 0.8427734375 0.01904296875 0.0283203125
46 0.33154296875 0.8427734375 0.01904296875 0.0283203125
61 0.3818359375 0.845703125 0.01904296875 0.0283203125
52 0.40625 0.84716796875 0.01904296875 0.0283203125
37 0.43115234375 0.84716796875 0.01904296875 0.0283203125
46 0.458984375 0.84716796875 0.01904296875 0.0283203125
37 0.484375 0.849609375 0.01904296875 0.0283203125
59 0.5361328125 0.8505859375 0.01904296875 0.0283203125
37 0.56201171875 0.85107421875 0.01904296875 0.0283203125
48 0.61376953125 0.85498046875 0.01904296875 0.0283203125
53 0.640625 0.85498046875 0.01904296875 0.0283203125
65 0.66796875 0.85791015625 0.01904296875 0.0283203125
55 0.693359375 0.85791015625 0.01904296875 0.0283203125
50 0.126708984375 0.88232421875 0.01904296875 0.0283203125
61 0.151611328125 0.88330078125 0.01904296875 0.0283203125
52 0.177978515625 0.8828125 0.01904296875 0.0283203125
61 0.203369140625 0.8837890625 0.01904296875 0.0283203125
59 0.229248046875 0.8837890625 0.01904296875 0.0283203125
60 0.255126953125 0.8837890625 0.01904296875 0.0283203125
37 0.280029296875 0.88330078125 0.01904296875 0.0283203125
50 0.330810546875 0.88525390625 0.01904296875 0.0283203125
37 0.356689453125 0.8857421875 0.01904296875 0.0283203125
65 0.381591796875 0.88720703125 0.01904296875 0.0283203125
55 0.407470703125 0.8876953125 0.01904296875 0.0283203125