22 0.124267578125 0.179443359375 0.02001953125 0.02978515625
40 0.100341796875 0.1787109375 0.02001953125 0.02978515625
43 0.150634765625 0.177978515625 0.02001953125 0.02978515625
60 0.175537109375 0.177001953125 0.02001953125 0.02978515625
60 0.200439453125 0.177001953125 0.02001953125 0.02978515625
43 0.225830078125 0.175048828125 0.02001953125 0.02978515625
59 0.275146484375 0.1748046875 0.02001953125 0.02978515625
58 0.250244140625 0.17626953125 0.02001953125 0.02978515625
53 0.323486328125 0.17431640625 0.02001953125 0.02978515625
55 0.351318359375 0.174560546875 0.02001953125 0.02978515625
59 0.400146484375 0.174072265625 0.02001953125 0.02978515625
56 0.424560546875 0.173095703125 0.02001953125 0.02978515625
37 0.449462890625 0.173583984375 0.02001953125 0.02978515625
39 0.474365234375 0.17236328125 0.02001953125 0.02978515625
43 0.499755859375 0.171875 0.02001953125 0.02978515625
37 0.107666015625 0.26123046875 0.02001953125 0.02978515625
38 0.132080078125 0.26123046875 0.02001953125 0.02978515625
39 0.156005859375 0.261474609375 0.02001953125 0.02978515625
41 0.180908203125 0.260986328125 0.02001953125 0.02978515625
43 0.205810546875 0.260009765625 0.02001953125 0.02978515625
45 0.231201171875 0.259033203125 0.02001953125 0.02978515625
46 0.256591796875 0.258544921875 0.02001953125 0.02978515625
47 0.280029296875 0.2578125 0.02001953125 0.02978515625
48 0.3056640625 0.255859375 0.02001953125 0.02978515625
49 0.33056640625 0.25634765625 0.02001953125 0.02978515625
50 0.354248046875 0.2568359375 0.02001953125 0.02978515625
51 0.380615234375 0.25634765625 0.02001953125 0.02978515625
52 0.403564453125 0.256103515625 0.02001953125 0.02978515625
53 0.42724609375 0.254150390625 0.02001953125 0.02978515625
53 0.548828125 0.25341796875 0.02001953125 0.02978515625
46 0.57373046875 0.251708984375 0.02001953125 0.02978515625
42 0.474609375 0.25537109375 0.02001953125 0.02978515625
44 0.5 0.25439453125 0.02001953125 0.02978515625
55 0.6220703125 0.251220703125 0.02001953125 0.02978515625
56 0.6484375 0.250732421875 0.02001953125 0.02978515625
57 0.671875 0.25 0.02001953125 0.02978515625
58 0.69677734375 0.24853515625 0.02001953125 0.02978515625
59 0.7216796875 0.24658203125 0.02001953125 0.02978515625
60 0.7451171875 0.2470703125 0.02001953125 0.02978515625
61 0.7705078125 0.245849609375 0.02001953125 0.02978515625
62 0.111083984375 0.302734375 0.02001953125 0.02978515625
63 0.136474609375 0.3017578125 0.02001953125 0.02978515625
64 0.159912109375 0.30126953125 0.02001953125 0.02978515625
65 0.185302734375 0.301025390625 0.02001953125 0.02978515625
66 0.209716796875 0.302001953125 0.02001953125 0.02978515625
40 0.115234375 0.341796875 0.02001953125 0.02978515625
33 0.13916015625 0.34033203125 0.02001953125 0.02978515625
48 0.16259765625 0.3388671875 0.02001953125 0.02978515625
60 0.1875 0.3388671875 0.02001953125 0.02978515625
47 0.2119140625 0.338623046875 0.02001953125 0.02978515625
59 0.26123046875 0.338134765625 0.02001953125 0.02978515625
56 0.28564453125 0.336669921875 0.02001953125 0.02978515625
37 0.31005859375 0.33740234375 0.02001953125 0.02978515625
39 0.3349609375 0.33642578125 0.02001953125 0.02978515625
43 0.3583984375 0.3369140625 0.02001953125 0.02978515625
40 0.260009765625 0.300048828125 0.02001953125 0.02978515625
40 0.285400390625 0.299560546875 0.02001953125 0.02978515625
54 0.357666015625 0.298828125 0.02001953125 0.02978515625
40 0.30859375 0.298828125 0.02001953125 0.02978515625
54 0.405517578125 0.298583984375 0.02001953125 0.02978515625
54 0.45361328125 0.296630859375 0.02001953125 0.02978515625
37 0.11767578125 0.380126953125 0.02001953125 0.02978515625
38 0.142578125 0.38037109375 0.02001953125 0.02978515625
37 0.193359375 0.37890625 0.02001953125 0.02978515625
38 0.2412109375 0.378173828125 0.02001953125 0.02978515625
39 0.28955078125 0.375244140625 0.02001953125 0.02978515625
41 0.33837890625 0.37548828125 0.02001953125 0.02978515625
43 0.38427734375 0.37548828125 0.02001953125 0.02978515625
53 0.12109375 0.419189453125 0.02001953125 0.02978515625
42 0.169921875 0.41748046875 0.02001953125 0.02978515625
44 0.1953125 0.4169921875 0.02001953125 0.02978515625
53 0.2431640625 0.41455078125 0.02001953125 0.02978515625
46 0.26806640625 0.415283203125 0.02001953125 0.02978515625
55 0.31689453125 0.415771484375 0.02001953125 0.02978515625
58 0.343505859375 0.486572265625 0.02001953125 0.02978515625
56 0.3623046875 0.4130859375 0.02001953125 0.02978515625
59 0.367919921875 0.4853515625 0.02001953125 0.02978515625
43 0.320556640625 0.486083984375 0.02001953125 0.02978515625
52 0.274169921875 0.48681640625 0.02001953125 0.02978515625
38 0.297607421875 0.487548828125 0.02001953125 0.02978515625
61 0.250732421875 0.48681640625 0.02001953125 0.02978515625
53 0.225341796875 0.48828125 0.02001953125 0.02978515625
66 0.17431640625 0.455322265625 0.02001953125 0.02978515625
65 0.126953125 0.456787109375 0.02001953125 0.02978515625
40 0.131103515625 0.493408203125 0.02001953125 0.02978515625
24 0.151611328125 0.492919921875 0.02001953125 0.02978515625
48 0.176513671875 0.491455078125 0.02001953125 0.02978515625
54 0.137939453125 0.5654296875 0.02001953125 0.02978515625
0 0.161865234375 0.5654296875 0.02001953125 0.02978515625
54 0.208251953125 0.563232421875 0.02001953125 0.02978515625
1 0.232177734375 0.563232421875 0.02001953125 0.02978515625
38 0.277099609375 0.5615234375 0.02001953125 0.02978515625
54 0.277099609375 0.5615234375 0.02001953125 0.02978515625
1 0.300048828125 0.562255859375 0.02001953125 0.02978515625
54 0.143310546875 0.63623046875 0.02001953125 0.02978515625
1 0.165771484375 0.63623046875 0.02001953125 0.02978515625
54 0.14208984375 0.67333984375 0.02001953125 0.02978515625
0 0.16455078125 0.673828125 0.02001953125 0.02978515625
54 0.20751953125 0.635009765625 0.02001953125 0.02978515625
4 0.300537109375 0.635498046875 0.02001953125 0.02880859375
3 0.232421875 0.635009765625 0.02001953125 0.02880859375
54 0.345458984375 0.635498046875 0.02001953125 0.02880859375
54 0.276123046875 0.63623046875 0.02001953125 0.02880859375
2 0.369140625 0.6337890625 0.02001953125 0.02880859375
54 0.323486328125 0.560302734375 0.02001953125 0.02880859375
3 0.345458984375 0.560302734375 0.02001953125 0.02880859375
54 0.390869140625 0.560546875 0.02001953125 0.02880859375
4 0.414794921875 0.560546875 0.02001953125 0.02880859375
54 0.416015625 0.6328125 0.02001953125 0.02880859375
5 0.439208984375 0.633544921875 0.02001953125 0.02880859375
54 0.460693359375 0.560302734375 0.02001953125 0.02880859375
5 0.484619140625 0.559814453125 0.02001953125 0.02880859375
54 0.530029296875 0.56201171875 0.02001953125 0.02880859375
6 0.553955078125 0.5595703125 0.02001953125 0.02880859375
54 0.484130859375 0.634033203125 0.02001953125 0.02880859375
6 0.508056640625 0.63330078125 0.02001953125 0.02880859375
54 0.557373046875 0.63330078125 0.02001953125 0.02880859375
7 0.580322265625 0.633056640625 0.02001953125 0.02880859375
54 0.628662109375 0.633056640625 0.02001953125 0.02880859375
8 0.651123046875 0.6328125 0.02001953125 0.02880859375
54 0.601318359375 0.560302734375 0.02001953125 0.02880859375
7 0.625244140625 0.558349609375 0.02001953125 0.02880859375
54 0.674560546875 0.55908203125 0.02001953125 0.02880859375
8 0.697509765625 0.55810546875 0.02001953125 0.02880859375
54 0.747314453125 0.558837890625 0.02001953125 0.02880859375
54 0.699462890625 0.63330078125 0.02001953125 0.02880859375
9 0.723388671875 0.63232421875 0.02001953125 0.02880859375
9 0.772216796875 0.557373046875 0.02001953125 0.02880859375
52 0.137939453125 0.78662109375 0.02001953125 0.02978515625
37 0.161865234375 0.786865234375 0.02001953125 0.02978515625
46 0.183349609375 0.786865234375 0.02001953125 0.02978515625
50 0.138427734375 0.82666015625 0.02001953125 0.02978515625
61 0.161376953125 0.825927734375 0.02001953125 0.02978515625
52 0.184326171875 0.826416015625 0.02001953125 0.02978515625
61 0.206787109375 0.826171875 0.02001953125 0.02978515625
37 0.207763671875 0.787353515625 0.02001953125 0.02978515625
60 0.253662109375 0.826171875 0.02001953125 0.02978515625
53 0.230224609375 0.78662109375 0.02001953125 0.02978515625
59 0.229248046875 0.8271484375 0.02001953125 0.02978515625
37 0.277587890625 0.82763671875 0.02001953125 0.02978515625
50 0.323486328125 0.826416015625 0.02001953125 0.02978515625
37 0.348876953125 0.825439453125 0.02001953125 0.02978515625
41 0.251220703125 0.787109375 0.02001953125 0.02978515625
37 0.277099609375 0.78759765625 0.02001953125 0.02978515625
53 0.299072265625 0.787353515625 0.02001953125 0.02978515625
46 0.32373046875 0.788330078125 0.02001953125 0.02978515625
65 0.370849609375 0.826171875 0.02001953125 0.02978515625
55 0.395263671875 0.82568359375 0.02001953125 0.02978515625
61 0.369140625 0.7880859375 0.02001953125 0.02978515625
52 0.392822265625 0.78662109375 0.02001953125 0.02978515625
37 0.418701171875 0.787109375 0.02001953125 0.02978515625
46 0.441650390625 0.786865234375 0.02001953125 0.02978515625
37 0.466064453125 0.785888671875 0.02001953125 0.02978515625
59 0.510986328125 0.78564453125 0.02001953125 0.02978515625
37 0.537353515625 0.78515625 0.02001953125 0.02978515625
48 0.5849609375 0.7861328125 0.02001953125 0.02978515625
53 0.606689453125 0.785888671875 0.02001953125 0.02978515625
65 0.631591796875 0.784423828125 0.02001953125 0.02978515625
55 0.654541015625 0.784912109375 0.02001953125 0.02978515625
45 0.431640625 0.374755859375 0.02001953125 0.02978515625
57 0.4091796875 0.413818359375 0.02001953125 0.02978515625
58 0.45654296875 0.410888671875 0.02001953125 0.02978515625
46 0.4794921875 0.37255859375 0.02001953125 0.02978515625
47 0.52783203125 0.37060546875 0.02001953125 0.02978515625
59 0.50390625 0.41015625 0.02001953125 0.02978515625
60 0.5517578125 0.4091796875 0.02001953125 0.02978515625
48 0.57470703125 0.370361328125 0.02001953125 0.02978515625
61 0.599609375 0.408935546875 0.02001953125 0.02978515625
49 0.6240234375 0.367919921875 0.02001953125 0.02978515625
50 0.6728515625 0.36865234375 0.02001953125 0.02978515625
62 0.646728515625 0.40771484375 0.02001953125 0.02978515625
63 0.697509765625 0.40625 0.02001953125 0.02978515625
51 0.72119140625 0.36767578125 0.02001953125 0.02978515625
52 0.76953125 0.365478515625 0.02001953125 0.02978515625