53 0.0703125 0.303466796875 0.0625 0.0859375
53 0.223876953125 0.29833984375 0.0625 0.0859375
46 0.300537109375 0.29296875 0.0625 0.0859375
55 0.449951171875 0.290283203125 0.0625 0.0859375
56 0.526611328125 0.28564453125 0.0625 0.0859375
57 0.598876953125 0.282470703125 0.0625 0.0859375
58 0.6689453125 0.28076171875 0.0625 0.0859375
59 0.73828125 0.280029296875 0.0625 0.0859375
60 0.80908203125 0.27734375 0.0625 0.0859375
61 0.8740234375 0.276611328125 0.05908203125 0.0849609375
46 0.0419921875 0.648681640625 0.0625 0.0859375
47 0.18310546875 0.639892578125 0.0625 0.0859375
48 0.325439453125 0.632080078125 0.0625 0.0859375
49 0.466064453125 0.622802734375 0.05517578125 0.0849609375
59 0.128173828125 0.746826171875 0.05517578125 0.0849609375
60 0.264404296875 0.740478515625 0.05517578125 0.0849609375
61 0.3984375 0.729248046875 0.05517578125 0.0849609375
62 0.5322265625 0.720703125 0.05517578125 0.0849609375
50 0.599609375 0.614013671875 0.05517578125 0.0849609375
51 0.7294921875 0.6064453125 0.05517578125 0.0849609375
63 0.665283203125 0.712890625 0.05517578125 0.0849609375
52 0.86279296875 0.60302734375 0.05517578125 0.0849609375