54 0.107177734375 0.040771484375 0.05615234375 0.08056640625
54 0.348876953125 0.042236328125 0.05615234375 0.0810546875
54 0.59716796875 0.050048828125 0.05615234375 0.08447265625
54 0.841552734375 0.0673828125 0.05615234375 0.08447265625
4 0.190673828125 0.040283203125 0.05615234375 0.07861328125
2 0.428955078125 0.04345703125 0.05615234375 0.08251953125
5 0.680419921875 0.048583984375 0.05615234375 0.08447265625
6 0.925048828125 0.0693359375 0.05615234375 0.08447265625
37 0.086669921875 0.5400390625 0.05615234375 0.08447265625
53 0.168212890625 0.546875 0.05615234375 0.08447265625
46 0.248046875 0.548828125 0.05615234375 0.08447265625
61 0.40478515625 0.562255859375 0.05615234375 0.08447265625
52 0.486328125 0.562744140625 0.05615234375 0.08447265625
37 0.561279296875 0.567626953125 0.05615234375 0.08447265625
46 0.647705078125 0.5712890625 0.05615234375 0.08447265625
37 0.726318359375 0.572998046875 0.05615234375 0.08447265625
59 0.88916015625 0.590087890625 0.05615234375 0.08447265625
37 0.97119140625 0.593994140625 0.05615234375 0.08447265625
50 0.240966796875 0.6787109375 0.05615234375 0.08447265625
37 0.322509765625 0.678955078125 0.05615234375 0.08447265625
65 0.401123046875 0.687255859375 0.05615234375 0.08447265625
55 0.477783203125 0.69091796875 0.05615234375 0.08447265625
37 0.09130859375 0.665283203125 0.05615234375 0.08447265625
60 0.022216796875 0.663818359375 0.04443359375 0.08447265625