60 0.27727666666666667 0.06345666666666668 0.05338999999999999 0.08384666666666667
43 0.21391666666666667 0.06559333333333334 0.05338999999999999 0.07672999999999999
22 0.15020666666666666 0.06772666666666667 0.04698333333333333 0.07672999999999999
40 0.08863 0.06772666666666667 0.05338999999999999 0.08384666666666667
60 0.34241333333333335 0.06274666666666667 0.04698333333333333 0.07672999999999999
43 0.40861666666666663 0.06061333333333333 0.04698333333333333 0.07672999999999999
58 0.47838 0.059903333333333336 0.04698333333333333 0.07672999999999999
59 0.54423 0.06061333333333333 0.05054333333333333 0.07672999999999999
53 0.6841133333333334 0.06025666666666667 0.059796666666666665 0.07602
56 0.96495 0.06310333333333333 0.05338999999999999 0.07744333333333334
55 0.75459 0.059546666666666664 0.059796666666666665 0.07602
59 0.89234 0.062393333333333335 0.05338999999999999 0.07744333333333334
52 0.89127 0.28980999999999996 0.049120000000000004 0.07739333333333334
37 0.07901666666666667 0.27985 0.049120000000000004 0.07739333333333334
38 0.14023666666666665 0.28056 0.049120000000000004 0.07739333333333334
39 0.20359333333333332 0.28056 0.049120000000000004 0.07739333333333334
41 0.26908666666666664 0.27985 0.049120000000000004 0.07739333333333334
43 0.33458 0.28056 0.049120000000000004 0.07739333333333334
45 0.4007833333333333 0.28126999999999996 0.049120000000000004 0.07739333333333334
46 0.4705466666666667 0.28126999999999996 0.049120000000000004 0.07739333333333334
47 0.5374633333333334 0.28056 0.049120000000000004 0.07739333333333334
49 0.68055 0.27842666666666666 0.049120000000000004 0.07739333333333334
48 0.6093633333333333 0.28056 0.049120000000000004 0.07739333333333334
50 0.7467533333333334 0.2862533333333333 0.049120000000000004 0.07739333333333334
51 0.8207899999999999 0.2883866666666667 0.049120000000000004 0.07739333333333334
62 0.07092 0.3851733333333333 0.04573666666666667 0.07590999999999999
63 0.13570000000000002 0.3844633333333334 0.04573666666666667 0.07590999999999999
64 0.19834666666666664 0.38659666666666664 0.04573666666666667 0.07590999999999999
53 0.9589 0.29123333333333334 0.049120000000000004 0.07739333333333334
65 0.26455 0.38873 0.05143 0.07448666666666667
66 0.33075333333333334 0.39015333333333335 0.05143 0.07448666666666667
40 0.46675333333333335 0.39682333333333336 0.05143 0.07448666666666667
40 0.5347533333333333 0.39549 0.05143 0.07448666666666667
40 0.6027533333333334 0.39549 0.05143 0.07448666666666667
54 0.7467533333333334 0.40082666666666666 0.05143 0.07448666666666667
54 0.8880866666666667 0.4034933333333333 0.05143 0.07448666666666667
40 0.06787 0.48891666666666667 0.04573666666666667 0.07590999999999999
63 0.13214333333333333 0.49329333333333336 0.05488333333333333 0.07590999999999999
48 0.1971966666666667 0.49024333333333336 0.05488333333333333 0.07590999999999999
60 0.2612333333333334 0.49329333333333336 0.05488333333333333 0.07590999999999999
47 0.32730333333333334 0.49227666666666664 0.05488333333333333 0.07590999999999999
59 0.46452666666666664 0.5024466666666666 0.05488333333333333 0.07590999999999999
56 0.5336466666666667 0.50143 0.05488333333333333 0.07590999999999999
37 0.6027666666666667 0.5024466666666666 0.05488333333333333 0.07590999999999999
39 0.6718866666666667 0.50143 0.05488333333333333 0.07590999999999999
43 0.7420233333333334 0.5024466666666666 0.05488333333333333 0.07590999999999999
37 0.06075333333333333 0.5946966666666667 0.04573666666666667 0.07590999999999999
38 0.12580666666666668 0.5977466666666666 0.04573666666666667 0.07590999999999999
37 0.2549 0.6007966666666666 0.04573666666666667 0.07590999999999999
38 0.39415666666666666 0.6048666666666667 0.04573666666666667 0.07590999999999999
39 0.5303633333333333 0.6089366666666667 0.04573666666666667 0.07590999999999999
41 0.6686033333333333 0.6140233333333334 0.04573666666666667 0.07590999999999999
43 0.8048099999999999 0.6170733333333334 0.04573666666666667 0.07590999999999999
45 0.9450833333333334 0.6211433333333334 0.04573666666666667 0.07590999999999999
57 0.8698633333333334 0.7309899999999999 0.05387 0.07590999999999999
56 0.7346733333333333 0.7289566666666666 0.05387 0.07590999999999999
55 0.5903333333333334 0.7248866666666666 0.05387 0.07590999999999999
46 0.4602233333333334 0.7208166666666667 0.05387 0.07590999999999999
53 0.38805333333333336 0.7177666666666668 0.05387 0.07590999999999999
42 0.18983999999999998 0.7106466666666666 0.05387 0.07590999999999999
44 0.2548933333333333 0.7106466666666666 0.05387 0.07590999999999999
53 0.06074666666666667 0.7025100000000001 0.05387 0.07590999999999999
65 0.06074666666666667 0.80829 0.05387 0.07590999999999999
66 0.18983999999999998 0.8143933333333333 0.05387 0.07590999999999999
40 0.06278 0.9069499999999999 0.05387 0.07590999999999999
53 0.12681666666666666 0.9079666666666667 0.05387 0.07590999999999999
48 0.18983666666666665 0.9120366666666667 0.05387 0.07590999999999999
53 0.31994666666666666 0.9222066666666666 0.05387 0.07590999999999999
61 0.3860166666666667 0.9201733333333333 0.05387 0.07590999999999999
52 0.4551366666666667 0.9252600000000001 0.05387 0.07590999999999999
38 0.5201899999999999 0.92831 0.05387 0.07590999999999999
43 0.5903266666666667 0.92831 0.05387 0.07590999999999999
58 0.6553800000000001 0.93136 0.05387 0.07590999999999999
59 0.7245 0.9333933333333333 0.05387 0.07590999999999999