54 0.140625 0.13671875 0.03857421875 0.06396484375
54 0.314453125 0.1357421875 0.03759765625 0.06396484375
54 0.490234375 0.13720703125 0.03955078125 0.07177734375
54 0.6669921875 0.1357421875 0.04296875 0.0751953125
54 0.8525390625 0.14111328125 0.03857421875 0.0732421875
4 0.1982421875 0.13623046875 0.03857421875 0.0673828125
2 0.3720703125 0.1328125 0.0419921875 0.0673828125
5 0.548828125 0.1376953125 0.0419921875 0.0732421875
6 0.728515625 0.1376953125 0.04296875 0.0732421875
7 0.90966796875 0.14404296875 0.04541015625 0.07421875
53 0.03564453125 0.50537109375 0.03759765625 0.06640625
41 0.087890625 0.5029296875 0.03955078125 0.06298828125
37 0.14208984375 0.50390625 0.03955078125 0.06298828125
53 0.20068359375 0.50634765625 0.03857421875 0.0673828125
46 0.25732421875 0.50439453125 0.03857421875 0.06396484375
61 0.37060546875 0.51171875 0.03857421875 0.0673828125
52 0.42626953125 0.5107421875 0.03662109375 0.0654296875
37 0.48388671875 0.5126953125 0.04296875 0.0654296875
46 0.541015625 0.51708984375 0.03955078125 0.07177734375
37 0.60009765625 0.51611328125 0.03955078125 0.07177734375
59 0.71142578125 0.51953125 0.03662109375 0.0654296875
37 0.767578125 0.51708984375 0.03515625 0.06298828125
59 0.03564453125 0.58984375 0.03759765625 0.06640625
60 0.091796875 0.59716796875 0.041015625 0.0673828125
37 0.14599609375 0.59521484375 0.041015625 0.06103515625
50 0.2578125 0.59814453125 0.0419921875 0.06298828125
37 0.31591796875 0.59765625 0.03857421875 0.06396484375
65 0.36865234375 0.60107421875 0.03759765625 0.06640625
55 0.4248046875 0.603515625 0.041015625 0.07080078125
48 0.8876953125 0.52587890625 0.044921875 0.0712890625
53 0.9443359375 0.52392578125 0.044921875 0.0712890625