54 0.07666015625 0.04931640625 0.04638671875 0.07373046875
54 0.14404296875 0.253662109375 0.041015625 0.07421875
54 0.34716796875 0.2509765625 0.03857421875 0.0732421875
54 0.5498046875 0.248291015625 0.04443359375 0.072265625
54 0.75244140625 0.24365234375 0.0419921875 0.07470703125
5 0.1396484375 0.047607421875 0.04296875 0.07568359375
6 0.2099609375 0.252197265625 0.0419921875 0.080078125
7 0.412109375 0.24853515625 0.04443359375 0.07470703125
8 0.6162109375 0.248291015625 0.0498046875 0.08447265625
9 0.81982421875 0.244140625 0.048828125 0.087890625
46 0.0244140625 0.686279296875 0.03759765625 0.07177734375
37 0.0859375 0.6796875 0.041015625 0.0673828125
59 0.2216796875 0.682861328125 0.04541015625 0.07470703125
37 0.2890625 0.683349609375 0.04443359375 0.0771484375
48 0.421875 0.67724609375 0.03857421875 0.07421875
53 0.48779296875 0.67529296875 0.04443359375 0.078125
65 0.5556640625 0.675537109375 0.04443359375 0.07568359375
55 0.6240234375 0.675537109375 0.041015625 0.07421875
54 0.27490234375 0.042236328125 0.04638671875 0.07373046875
6 0.33837890625 0.0419921875 0.0419921875 0.080078125