37 0.0703125 0.634521484375 0.0361328125 0.06201171875
59 0.1943359375 0.627685546875 0.04443359375 0.06396484375
37 0.2529296875 0.624755859375 0.03955078125 0.0654296875
48 0.377685546875 0.6201171875 0.04296875 0.06591796875
53 0.440185546875 0.617919921875 0.0439453125 0.06591796875
65 0.500244140625 0.6171875 0.04541015625 0.06787109375
55 0.558837890625 0.615478515625 0.04052734375 0.06689453125
6 0.175048828125 0.236083984375 0.0439453125 0.068359375
7 0.36328125 0.230712890625 0.04248046875 0.07177734375
8 0.549072265625 0.227783203125 0.0439453125 0.068359375
8 0.668701171875 0.032470703125 0.04443359375 0.0576171875
7 0.48046875 0.03466796875 0.04296875 0.0625
6 0.29248046875 0.03662109375 0.041015625 0.06298828125
5 0.10546875 0.042236328125 0.04443359375 0.06689453125
54 0.04296875 0.043701171875 0.04296875 0.06640625
54 0.112060546875 0.240234375 0.04443359375 0.0703125
54 0.302734375 0.231689453125 0.0439453125 0.06884765625
54 0.23095703125 0.037841796875 0.046875 0.064453125
54 0.417236328125 0.03369140625 0.0439453125 0.060546875
54 0.607421875 0.032958984375 0.046875 0.0595703125
54 0.675048828125 0.223876953125 0.04638671875 0.0703125
54 0.488525390625 0.229736328125 0.04638671875 0.0693359375
54 0.79052734375 0.032470703125 0.046875 0.05615234375
9 0.853759765625 0.031494140625 0.04443359375 0.0537109375
9 0.731201171875 0.22314453125 0.04443359375 0.0693359375