59 0.08056640625 0.08056640625 0.056640625 0.07861328125
56 0.15673828125 0.07666015625 0.048828125 0.0732421875
37 0.23388671875 0.0751953125 0.04736328125 0.06982421875
39 0.31396484375 0.07275390625 0.04736328125 0.07177734375
43 0.39208984375 0.07177734375 0.04638671875 0.07421875
39 0.15234375 0.2001953125 0.05078125 0.083984375
41 0.31103515625 0.1962890625 0.048828125 0.0810546875
43 0.47314453125 0.19775390625 0.048828125 0.0888671875
45 0.634765625 0.19384765625 0.0498046875 0.08544921875
46 0.79736328125 0.19677734375 0.04736328125 0.08203125
47 0.95654296875 0.201171875 0.048828125 0.083984375
46 0.06787109375 0.3359375 0.05078125 0.08740234375
55 0.22607421875 0.3291015625 0.0517578125 0.083984375
56 0.39208984375 0.3271484375 0.05517578125 0.08544921875
57 0.556640625 0.32666015625 0.04638671875 0.08642578125
58 0.72265625 0.32373046875 0.05419921875 0.08544921875
59 0.8837890625 0.3251953125 0.05859375 0.0830078125
61 0.05810546875 0.5888671875 0.0498046875 0.08642578125
38 0.14111328125 0.58935546875 0.05322265625 0.08544921875
43 0.22314453125 0.58984375 0.05078125 0.0888671875
58 0.3095703125 0.59033203125 0.05419921875 0.09619140625
59 0.3955078125 0.58837890625 0.05517578125 0.09423828125
54 0.05908203125 0.86328125 0.05078125 0.09521484375
54 0.2255859375 0.86328125 0.05517578125 0.0908203125
54 0.47900390625 0.865234375 0.0576171875 0.09423828125
54 0.7333984375 0.85888671875 0.05322265625 0.09326171875
2 0.1455078125 0.865234375 0.0576171875 0.08544921875
3 0.30712890625 0.8603515625 0.05859375 0.0830078125
4 0.56103515625 0.8603515625 0.0576171875 0.08544921875
5 0.8154296875 0.85546875 0.05517578125 0.0888671875