51 0.0341796875 0.2392578125 0.0283203125 0.04931640625
43 0.07177734375 0.2392578125 0.02978515625 0.04931640625
60 0.1103515625 0.23828125 0.03173828125 0.04931640625
60 0.150390625 0.23583984375 0.03369140625 0.0498046875
43 0.18896484375 0.2353515625 0.03125 0.046875
58 0.22900390625 0.234375 0.03271484375 0.04736328125
59 0.26806640625 0.23291015625 0.03125 0.048828125
53 0.35107421875 0.232421875 0.0322265625 0.048828125
55 0.39306640625 0.23046875 0.03271484375 0.048828125
59 0.478515625 0.2294921875 0.0283203125 0.04736328125
56 0.52294921875 0.22802734375 0.03076171875 0.0478515625
37 0.56689453125 0.2275390625 0.029296875 0.04833984375
39 0.611328125 0.2275390625 0.0302734375 0.0498046875
43 0.65673828125 0.2275390625 0.03466796875 0.0458984375
38 0.0263671875 0.37255859375 0.0302734375 0.048828125
39 0.0654296875 0.37060546875 0.0302734375 0.04541015625
41 0.103515625 0.36962890625 0.03271484375 0.05078125
43 0.14208984375 0.37255859375 0.0341796875 0.05126953125
45 0.1826171875 0.37109375 0.03466796875 0.0517578125
46 0.22216796875 0.37158203125 0.0341796875 0.05078125
47 0.2646484375 0.37060546875 0.03564453125 0.0498046875
48 0.30712890625 0.37060546875 0.02783203125 0.0478515625
49 0.349609375 0.37060546875 0.03271484375 0.044921875
50 0.3896484375 0.37158203125 0.03173828125 0.048828125
51 0.435546875 0.37158203125 0.03369140625 0.0517578125
52 0.4775390625 0.373046875 0.03076171875 0.0537109375
53 0.5205078125 0.373046875 0.03125 0.048828125
42 0.609375 0.37548828125 0.03271484375 0.0546875
44 0.6533203125 0.373046875 0.03515625 0.05126953125
53 0.74365234375 0.37451171875 0.03271484375 0.05224609375
46 0.78857421875 0.37451171875 0.03369140625 0.05078125
55 0.87890625 0.3740234375 0.033203125 0.05126953125
56 0.9228515625 0.3759765625 0.03173828125 0.0498046875
57 0.9677734375 0.3779296875 0.029296875 0.05078125
63 0.0205078125 0.43994140625 0.03125 0.04638671875
64 0.060546875 0.4375 0.03076171875 0.0458984375
65 0.0986328125 0.43798828125 0.02783203125 0.0478515625
66 0.1396484375 0.43798828125 0.0341796875 0.046875
40 0.2216796875 0.44091796875 0.03076171875 0.046875
40 0.263671875 0.44189453125 0.03125 0.04638671875
40 0.30517578125 0.44140625 0.03076171875 0.04736328125
54 0.39111328125 0.44189453125 0.02880859375 0.04541015625
54 0.4765625 0.44287109375 0.02978515625 0.0478515625
54 0.56298828125 0.44482421875 0.033203125 0.04443359375
63 0.01611328125 0.5 0.0322265625 0.048828125
48 0.0546875 0.5029296875 0.03125 0.04638671875
60 0.0966796875 0.501953125 0.03515625 0.046875
47 0.13671875 0.50390625 0.03076171875 0.048828125
59 0.2197265625 0.50537109375 0.03173828125 0.046875
56 0.26318359375 0.5068359375 0.03271484375 0.0478515625
37 0.30322265625 0.50634765625 0.02880859375 0.04736328125
39 0.345703125 0.505859375 0.03271484375 0.044921875
43 0.39013671875 0.505859375 0.0302734375 0.04638671875
38 0.0166015625 0.5703125 0.03271484375 0.044921875
37 0.0927734375 0.5703125 0.02978515625 0.04541015625
38 0.17431640625 0.57373046875 0.03173828125 0.0478515625
39 0.25927734375 0.57373046875 0.033203125 0.04541015625
41 0.34521484375 0.57470703125 0.03173828125 0.05029296875
43 0.43115234375 0.578125 0.03271484375 0.05029296875
45 0.51806640625 0.57958984375 0.0322265625 0.0498046875
46 0.6044921875 0.58154296875 0.033203125 0.0517578125
47 0.6943359375 0.58544921875 0.03271484375 0.05126953125
48 0.78466796875 0.58642578125 0.03466796875 0.0498046875
49 0.87451171875 0.5869140625 0.03076171875 0.0478515625
50 0.96142578125 0.5888671875 0.0302734375 0.04931640625
42 0.0498046875 0.642578125 0.0322265625 0.04931640625
44 0.09130859375 0.640625 0.0302734375 0.04833984375
53 0.1748046875 0.6435546875 0.0302734375 0.05126953125
46 0.2158203125 0.6435546875 0.03173828125 0.0478515625
55 0.29931640625 0.64794921875 0.03271484375 0.052734375
56 0.38720703125 0.6474609375 0.03173828125 0.04638671875
57 0.47412109375 0.6513671875 0.03369140625 0.048828125
58 0.560546875 0.6513671875 0.03369140625 0.05078125
59 0.64794921875 0.6552734375 0.0380859375 0.048828125
60 0.73681640625 0.65771484375 0.03173828125 0.0498046875
61 0.8271484375 0.65966796875 0.03173828125 0.05078125
62 0.91552734375 0.66064453125 0.0302734375 0.05126953125
66 0.0498046875 0.7080078125 0.029296875 0.04736328125
53 0.01318359375 0.77001953125 0.02587890625 0.0498046875
48 0.04931640625 0.7705078125 0.03076171875 0.04638671875
53 0.13330078125 0.7763671875 0.029296875 0.04638671875
61 0.173828125 0.77734375 0.0361328125 0.0498046875
52 0.2138671875 0.7783203125 0.03173828125 0.04833984375
38 0.2548828125 0.77978515625 0.02685546875 0.04541015625
43 0.29931640625 0.78076171875 0.03369140625 0.04638671875
58 0.3408203125 0.7822265625 0.03369140625 0.0517578125
59 0.3837890625 0.78369140625 0.033203125 0.05224609375
54 0.09716796875 0.90673828125 0.0283203125 0.04443359375
54 0.21728515625 0.9130859375 0.03173828125 0.046875
54 0.30322265625 0.916015625 0.02978515625 0.04541015625
54 0.4287109375 0.9228515625 0.03125 0.04541015625
54 0.55712890625 0.927734375 0.03271484375 0.0498046875
54 0.68798828125 0.9287109375 0.03369140625 0.0478515625
54 0.81689453125 0.9306640625 0.03076171875 0.048828125
54 0.94677734375 0.93310546875 0.02978515625 0.0478515625
49 0.015625 0.9033203125 0.03125 0.04541015625
1 0.13427734375 0.9072265625 0.02685546875 0.0439453125
2 0.2568359375 0.9150390625 0.02294921875 0.04638671875
3 0.3427734375 0.91748046875 0.02880859375 0.0458984375
4 0.4697265625 0.9228515625 0.033203125 0.04638671875
5 0.60009765625 0.92724609375 0.0341796875 0.05322265625
6 0.72998046875 0.92919921875 0.033203125 0.04736328125
7 0.859375 0.93115234375 0.02685546875 0.046875
8 0.98779296875 0.93359375 0.0244140625 0.048828125