40 0.104248046875 0.150634765625 0.01806640625 0.029296875
22 0.130615234375 0.151611328125 0.02001953125 0.02978515625
14 0.156982421875 0.151611328125 0.01904296875 0.03173828125
30 0.185302734375 0.151123046875 0.01611328125 0.02978515625
30 0.213134765625 0.151611328125 0.017578125 0.029296875
14 0.239013671875 0.151123046875 0.017578125 0.029296875
28 0.265869140625 0.151123046875 0.017578125 0.02734375
59 0.293212890625 0.152099609375 0.015625 0.029296875
53 0.346435546875 0.152587890625 0.0185546875 0.02880859375
55 0.372802734375 0.152099609375 0.01806640625 0.02685546875
59 0.426513671875 0.153076171875 0.015625 0.02978515625
56 0.452880859375 0.15185546875 0.01904296875 0.0302734375
37 0.478759765625 0.15234375 0.01611328125 0.02978515625
37 0.503173828125 0.1533203125 0.0185546875 0.029296875
43 0.529541015625 0.1533203125 0.0185546875 0.03125
37 0.099609375 0.239501953125 0.01611328125 0.02783203125
38 0.13671875 0.23974609375 0.0185546875 0.03125
39 0.1630859375 0.2392578125 0.0185546875 0.02880859375
41 0.19091796875 0.240234375 0.02001953125 0.029296875
43 0.216796875 0.240234375 0.01904296875 0.02880859375
45 0.24365234375 0.2392578125 0.017578125 0.029296875
46 0.27099609375 0.239501953125 0.0185546875 0.03076171875
47 0.2978515625 0.239990234375 0.01708984375 0.02783203125
48 0.32421875 0.241455078125 0.01611328125 0.02685546875
49 0.35009765625 0.241943359375 0.01806640625 0.03076171875
50 0.3759765625 0.240966796875 0.01708984375 0.03076171875
51 0.40380859375 0.240966796875 0.01904296875 0.03076171875
52 0.427490234375 0.240478515625 0.01904296875 0.029296875
53 0.453125 0.24169921875 0.01708984375 0.02880859375
42 0.5029296875 0.24169921875 0.02001953125 0.02783203125
44 0.529541015625 0.24072265625 0.01611328125 0.02734375
53 0.580322265625 0.24072265625 0.017578125 0.02880859375
46 0.605712890625 0.239990234375 0.015625 0.0302734375
55 0.657470703125 0.240966796875 0.017578125 0.02978515625
56 0.682373046875 0.240966796875 0.01611328125 0.0302734375
57 0.707763671875 0.240966796875 0.015625 0.03076171875
58 0.734130859375 0.240478515625 0.01611328125 0.02978515625
59 0.760009765625 0.23974609375 0.01806640625 0.025390625
60 0.785400390625 0.240234375 0.02001953125 0.02978515625
61 0.810791015625 0.240234375 0.01953125 0.02783203125
62 0.114501953125 0.28369140625 0.0224609375 0.02978515625
63 0.141357421875 0.283203125 0.01953125 0.02978515625
64 0.167724609375 0.28369140625 0.02001953125 0.0302734375
65 0.194580078125 0.28369140625 0.01953125 0.029296875
66 0.221435546875 0.28369140625 0.0185546875 0.0283203125
40 0.273681640625 0.2841796875 0.02001953125 0.02587890625
40 0.300537109375 0.28564453125 0.01904296875 0.02490234375
40 0.325927734375 0.284423828125 0.01806640625 0.02392578125
54 0.378662109375 0.282958984375 0.017578125 0.02880859375
54 0.427978515625 0.284423828125 0.01806640625 0.0283203125
54 0.479248046875 0.2841796875 0.01708984375 0.0283203125
40 0.11865234375 0.324462890625 0.02001953125 0.02978515625
33 0.1455078125 0.323974609375 0.01806640625 0.02783203125
19 0.17041015625 0.32421875 0.0166015625 0.02783203125
30 0.19677734375 0.3232421875 0.01708984375 0.0283203125
47 0.22412109375 0.3232421875 0.017578125 0.02978515625
59 0.27685546875 0.3232421875 0.01611328125 0.02783203125
56 0.30078125 0.32421875 0.01611328125 0.02685546875
37 0.3271484375 0.32421875 0.0185546875 0.02880859375
39 0.352783203125 0.323486328125 0.01708984375 0.02734375
43 0.378173828125 0.322998046875 0.01708984375 0.02783203125
37 0.120849609375 0.364990234375 0.01708984375 0.02734375
38 0.147705078125 0.365966796875 0.0185546875 0.02685546875
37 0.199462890625 0.36474609375 0.017578125 0.025390625
38 0.25341796875 0.36376953125 0.017578125 0.02587890625
39 0.30322265625 0.36328125 0.0166015625 0.025390625
41 0.35498046875 0.36376953125 0.0166015625 0.0263671875
43 0.404296875 0.364013671875 0.017578125 0.025390625
45 0.455078125 0.364501953125 0.01708984375 0.02587890625
46 0.50390625 0.36474609375 0.015625 0.0283203125
47 0.55322265625 0.3642578125 0.0146484375 0.02685546875
48 0.603515625 0.363037109375 0.015625 0.02490234375
49 0.65380859375 0.363525390625 0.01416015625 0.0283203125
50 0.703125 0.36328125 0.01708984375 0.02587890625
51 0.7548828125 0.3623046875 0.02001953125 0.02685546875
52 0.8037109375 0.36279296875 0.01708984375 0.0263671875
53 0.12451171875 0.407470703125 0.0185546875 0.02734375
42 0.177001953125 0.405029296875 0.01806640625 0.02490234375
44 0.203369140625 0.405517578125 0.02001953125 0.02685546875
53 0.254638671875 0.4052734375 0.017578125 0.02685546875
46 0.280517578125 0.4052734375 0.0185546875 0.02783203125
55 0.331298828125 0.4052734375 0.0185546875 0.02978515625
56 0.381591796875 0.405029296875 0.01708984375 0.02587890625
57 0.429931640625 0.405029296875 0.015625 0.02685546875
58 0.479248046875 0.4052734375 0.017578125 0.02392578125
59 0.528076171875 0.40576171875 0.0166015625 0.0263671875
60 0.577392578125 0.404052734375 0.01611328125 0.025390625
61 0.625732421875 0.404541015625 0.0166015625 0.02587890625
62 0.676025390625 0.405029296875 0.013671875 0.02490234375
63 0.726806640625 0.40283203125 0.0166015625 0.02685546875
65 0.1298828125 0.44677734375 0.02001953125 0.0244140625
66 0.181640625 0.445556640625 0.01904296875 0.02734375
40 0.135009765625 0.4833984375 0.017578125 0.025390625
24 0.158447265625 0.48388671875 0.01806640625 0.02587890625
19 0.185302734375 0.482666015625 0.017578125 0.0283203125
53 0.236083984375 0.482177734375 0.0185546875 0.02734375
61 0.260009765625 0.481689453125 0.01904296875 0.0263671875
52 0.284912109375 0.480224609375 0.017578125 0.02587890625
38 0.309814453125 0.48046875 0.017578125 0.02587890625
43 0.334716796875 0.47998046875 0.017578125 0.025390625
58 0.358642578125 0.48046875 0.01611328125 0.02783203125
59 0.383056640625 0.48046875 0.0166015625 0.02587890625
54 0.14453125 0.559326171875 0.0166015625 0.02587890625
54 0.21533203125 0.55712890625 0.01611328125 0.02587890625
54 0.2890625 0.556884765625 0.01513671875 0.02587890625
54 0.3369140625 0.55615234375 0.015625 0.02587890625
54 0.40771484375 0.556884765625 0.01708984375 0.02685546875
54 0.48046875 0.556396484375 0.01513671875 0.02392578125
54 0.55126953125 0.5576171875 0.015625 0.02587890625
54 0.6240234375 0.557373046875 0.015625 0.025390625
54 0.69775390625 0.55908203125 0.01806640625 0.02587890625
54 0.771484375 0.559326171875 0.015625 0.02587890625
54 0.1474609375 0.631591796875 0.01708984375 0.025390625
54 0.2158203125 0.6318359375 0.01708984375 0.0263671875
54 0.28759765625 0.633544921875 0.01708984375 0.0244140625
54 0.3583984375 0.6328125 0.015625 0.02587890625
54 0.431396484375 0.632080078125 0.01611328125 0.02587890625
54 0.502197265625 0.6328125 0.01611328125 0.02587890625
54 0.576416015625 0.6328125 0.01611328125 0.02734375
54 0.648681640625 0.634033203125 0.01708984375 0.0263671875
54 0.722900390625 0.63427734375 0.015625 0.02392578125
54 0.146484375 0.669677734375 0.01611328125 0.0244140625
0 0.16796875 0.55810546875 0.01708984375 0.02734375
1 0.24072265625 0.556884765625 0.0166015625 0.02734375
2 0.3115234375 0.555908203125 0.015625 0.025390625
3 0.35986328125 0.556640625 0.0166015625 0.0244140625
4 0.43017578125 0.556884765625 0.0166015625 0.025390625
5 0.5029296875 0.55712890625 0.015625 0.02587890625
6 0.57470703125 0.558349609375 0.0146484375 0.025390625
7 0.6484375 0.557373046875 0.01416015625 0.0234375
8 0.72216796875 0.55908203125 0.01513671875 0.025390625
9 0.79736328125 0.559814453125 0.015625 0.02587890625
1 0.169921875 0.6318359375 0.01513671875 0.0244140625
3 0.23974609375 0.632080078125 0.015625 0.02587890625
4 0.31103515625 0.632080078125 0.01416015625 0.0234375
2 0.38232421875 0.63330078125 0.015625 0.025390625
5 0.455322265625 0.632080078125 0.01708984375 0.0244140625
6 0.527587890625 0.6328125 0.01708984375 0.02587890625
7 0.599365234375 0.632568359375 0.01708984375 0.0283203125
8 0.671630859375 0.6337890625 0.015625 0.02685546875
9 0.746337890625 0.634765625 0.01513671875 0.0234375
0 0.17041015625 0.670654296875 0.01513671875 0.02587890625
52 0.142333984375 0.783935546875 0.017578125 0.02587890625
37 0.165283203125 0.7841796875 0.01611328125 0.02734375
46 0.189697265625 0.78515625 0.01611328125 0.02880859375
37 0.211181640625 0.78564453125 0.017578125 0.02734375
53 0.235595703125 0.787353515625 0.01611328125 0.02587890625
41 0.259521484375 0.787353515625 0.017578125 0.0263671875
37 0.283935546875 0.787353515625 0.0185546875 0.02685546875
53 0.308837890625 0.787841796875 0.01708984375 0.02587890625
46 0.332763671875 0.78759765625 0.01708984375 0.02734375
61 0.381103515625 0.7880859375 0.0185546875 0.02685546875
52 0.406005859375 0.787353515625 0.0166015625 0.02734375
37 0.430908203125 0.787841796875 0.0166015625 0.02490234375
46 0.454345703125 0.787841796875 0.015625 0.02587890625
37 0.478759765625 0.787841796875 0.01513671875 0.0283203125
59 0.527099609375 0.787109375 0.0166015625 0.02587890625
37 0.5498046875 0.78662109375 0.0146484375 0.025390625
48 0.599365234375 0.788330078125 0.015625 0.0263671875
53 0.623046875 0.787841796875 0.015625 0.0283203125
65 0.646728515625 0.788330078125 0.01904296875 0.02685546875
55 0.6708984375 0.78759765625 0.015625 0.02734375
50 0.142333984375 0.823486328125 0.01513671875 0.0263671875
61 0.166259765625 0.8251953125 0.017578125 0.02587890625
52 0.189697265625 0.82568359375 0.01708984375 0.02734375
61 0.213623046875 0.82470703125 0.01708984375 0.0263671875
59 0.238037109375 0.824951171875 0.0185546875 0.02587890625
60 0.261962890625 0.825439453125 0.015625 0.02734375
37 0.284423828125 0.824951171875 0.0166015625 0.025390625
50 0.333740234375 0.82568359375 0.01708984375 0.02587890625
37 0.358154296875 0.8251953125 0.017578125 0.02587890625
65 0.382080078125 0.826171875 0.01708984375 0.02587890625
55 0.405517578125 0.826416015625 0.0166015625 0.02685546875