53 0.073486328125 0.37890625 0.05615234375 0.083984375
53 0.226806640625 0.382568359375 0.05615234375 0.083984375
46 0.3095703125 0.37841796875 0.05615234375 0.083984375
55 0.464599609375 0.38232421875 0.05615234375 0.083984375
56 0.5439453125 0.381103515625 0.05615234375 0.083984375
57 0.62255859375 0.379638671875 0.05615234375 0.083984375
58 0.697021484375 0.3837890625 0.05615234375 0.083984375
59 0.7783203125 0.3798828125 0.05615234375 0.083984375
60 0.85400390625 0.382080078125 0.05615234375 0.083984375
61 0.9248046875 0.38134765625 0.05615234375 0.083984375
46 0.0244140625 0.73876953125 0.048828125 0.083984375
47 0.167724609375 0.739501953125 0.05615234375 0.083984375
48 0.313232421875 0.736083984375 0.05615234375 0.083984375
49 0.464111328125 0.740234375 0.05615234375 0.083984375
50 0.60986328125 0.7333984375 0.05615234375 0.083984375
51 0.757568359375 0.737548828125 0.05615234375 0.083984375
52 0.901611328125 0.733154296875 0.05615234375 0.083984375
59 0.098876953125 0.84765625 0.052734375 0.076171875
60 0.245849609375 0.85009765625 0.052734375 0.076171875
61 0.391357421875 0.848388671875 0.052734375 0.076171875
62 0.537841796875 0.847412109375 0.052734375 0.076171875
63 0.682373046875 0.8466796875 0.052734375 0.076171875