53 0.23674 0.17359666666666665 0.02000666666666667 0.03626
55 0.2686266666666667 0.17296999999999998 0.020423333333333335 0.03584333333333333
59 0.33155999999999997 0.17026 0.017923333333333333 0.03626
56 0.36219666666666667 0.16963666666666669 0.022506666666666664 0.03667666666666667
37 0.3934566666666666 0.16963666666666669 0.021673333333333333 0.03667666666666667
39 0.42555000000000004 0.16859333333333332 0.02084 0.03542666666666667
43 0.45618333333333333 0.16838666666666668 0.020423333333333335 0.03501
39 0.030426666666666668 0.28029666666666664 0.018340000000000002 0.027926666666666666
41 0.060020000000000004 0.27842 0.02000666666666667 0.02751
43 0.09044333333333333 0.28113 0.02084 0.03376
45 0.12087 0.28008666666666665 0.019173333333333334 0.03584333333333333
46 0.15109 0.27946333333333334 0.01959 0.03459333333333334
47 0.18172333333333332 0.27925333333333335 0.02000666666666667 0.03584333333333333
48 0.21423333333333336 0.27904666666666667 0.02000666666666667 0.03459333333333334
49 0.24424333333333334 0.27779333333333334 0.019173333333333334 0.037930000000000005
50 0.27508666666666665 0.2755033333333333 0.021673333333333333 0.03417666666666667
51 0.30655333333333334 0.27487666666666666 0.02209 0.03459333333333334
53 0.33676999999999996 0.27425333333333335 0.02084 0.03501
52 0.36657333333333336 0.2740433333333333 0.020423333333333335 0.03376
42 0.42700666666666665 0.27196 0.02209 0.03292666666666667
44 0.4591 0.2711266666666667 0.020423333333333335 0.03626
53 0.5201633333333333 0.26966666666666667 0.02000666666666667 0.03251
46 0.5512133333333333 0.26987666666666665 0.017923333333333333 0.03459333333333334
55 0.6133166666666667 0.26737333333333335 0.020423333333333335 0.03626
56 0.6445766666666667 0.2663333333333333 0.020423333333333335 0.03501
57 0.6756266666666667 0.26508333333333334 0.018340000000000002 0.03501
58 0.7064699999999999 0.26508333333333334 0.02000666666666667 0.03584333333333333
59 0.7398133333333333 0.26404 0.02084 0.03376
64 0.03397 0.33218666666666663 0.020423333333333335 0.033343333333333336
65 0.06439666666666667 0.33135333333333333 0.020423333333333335 0.031676666666666665
66 0.09440333333333333 0.33218666666666663 0.02209 0.03251
40 0.15609 0.33093666666666666 0.024589999999999997 0.030843333333333334
40 0.18839333333333333 0.33093666666666666 0.019173333333333334 0.028343333333333335
40 0.2188166666666667 0.3298933333333333 0.02084 0.029593333333333333
54 0.27904666666666667 0.32635 0.01959 0.033343333333333336
54 0.33927333333333337 0.32426666666666665 0.02000666666666667 0.033343333333333336
54 0.40116666666666667 0.32384999999999997 0.021256666666666667 0.033343333333333336
48 0.03709333333333333 0.38032666666666665 0.018340000000000002 0.03376
60 0.06898 0.37991 0.020423333333333335 0.03459333333333334
47 0.09752999999999999 0.3782433333333333 0.02084 0.03376
59 0.15858999999999998 0.3780333333333333 0.018756666666666668 0.031676666666666665
56 0.18880999999999998 0.3763666666666666 0.019173333333333334 0.031676666666666665
37 0.21902666666666668 0.3753266666666667 0.01959 0.03376
39 0.25007666666666667 0.37491 0.02000666666666667 0.03376
43 0.28154666666666667 0.3738666666666666 0.01959 0.03417666666666667
37 0.07299 0.42849333333333334 0.020973333333333333 0.03397666666666667
38 0.13381333333333334 0.42765333333333333 0.021813333333333334 0.03481666666666667
39 0.19149000000000002 0.4257666666666666 0.018876666666666667 0.033556666666666665
41 0.25273333333333337 0.42534666666666665 0.020553333333333333 0.033556666666666665
43 0.3139766666666666 0.42408999999999997 0.021393333333333337 0.035236666666666666
45 0.37522000000000005 0.42241 0.022233333333333334 0.034396666666666666
46 0.4343666666666666 0.42283 0.018036666666666666 0.03607333333333333
47 0.49414 0.41989333333333334 0.020133333333333333 0.034396666666666666
48 0.5539166666666666 0.4182166666666667 0.018876666666666667 0.03272
49 0.61495 0.4177966666666667 0.017616666666666666 0.035236666666666666
50 0.6749333333333333 0.41485999999999995 0.020973333333333333 0.033556666666666665
50 0.7365966666666667 0.41297333333333336 0.021813333333333334 0.03314
42 0.04803 0.4761033333333333 0.021393333333333337 0.030203333333333332
44 0.07655333333333333 0.47673333333333334 0.021393333333333337 0.0323
53 0.13591 0.47589333333333333 0.020133333333333333 0.0323
46 0.16632333333333335 0.47589333333333333 0.019716666666666667 0.03397666666666667
55 0.22567666666666666 0.4733766666666667 0.020133333333333333 0.03314
56 0.2865 0.47191 0.021813333333333334 0.03272
57 0.34585666666666665 0.47149 0.020553333333333333 0.03272
58 0.40605 0.47086 0.019296666666666667 0.03314
59 0.46582666666666667 0.47023000000000004 0.018876666666666667 0.033556666666666665
60 0.5251833333333333 0.4685533333333334 0.020973333333333333 0.033556666666666665
61 0.5843266666666667 0.46624666666666664 0.020133333333333333 0.03397666666666667
62 0.6445233333333333 0.46498666666666666 0.018876666666666667 0.0323
63 0.7055566666666667 0.4631 0.017616666666666666 0.033556666666666665
60 0.7699466666666667 0.26322 0.023069999999999997 0.03565666666666666
61 0.8018266666666667 0.26175333333333334 0.018036666666666666 0.034396666666666666
52 0.7984699999999999 0.41297333333333336 0.019716666666666667 0.0323
53 0.11577666666666667 0.56797 0.020973333333333333 0.03188
61 0.14493 0.56629 0.021393333333333337 0.029363333333333335
52 0.17534 0.5665 0.020133333333333333 0.03062
38 0.20386333333333334 0.56566 0.017616666666666666 0.029783333333333332
43 0.23385666666666668 0.5650333333333333 0.019716666666666667 0.030203333333333332
58 0.2628 0.5633533333333333 0.018036666666666666 0.03188
59 0.2932133333333333 0.5633533333333333 0.020133333333333333 0.03104
54 0.010906666666666667 0.66193 0.018456666666666666 0.03104
54 0.09564 0.6596233333333333 0.017616666666666666 0.02894333333333333
54 0.18373 0.6594133333333333 0.021813333333333334 0.033556666666666665
54 0.23951999999999998 0.6577366666666666 0.017616666666666666 0.03104
54 0.32655999999999996 0.65564 0.018036666666666666 0.02852333333333333
54 0.41339333333333333 0.65396 0.018036666666666666 0.03188
54 0.5006433333333333 0.6522833333333333 0.018036666666666666 0.03188
54 0.5872633333333334 0.6510233333333333 0.017616666666666666 0.030203333333333332
54 0.6764033333333334 0.6501866666666667 0.020553333333333333 0.03188
54 0.013843333333333334 0.7523266666666667 0.018456666666666666 0.03146
54 0.09815666666666667 0.7514899999999999 0.017616666666666666 0.029783333333333332
54 0.18373 0.7502300000000001 0.019296666666666667 0.02894333333333333
54 0.2697233333333333 0.7485533333333333 0.018456666666666666 0.03314
54 0.35781333333333337 0.7454066666666666 0.01678 0.03188
54 0.4438033333333334 0.7443566666666667 0.017616666666666666 0.03146
54 0.5310533333333334 0.74247 0.017616666666666666 0.03272
54 0.6185166666666666 0.7418399999999999 0.01636 0.03146
54 0.7066066666666667 0.7397433333333333 0.019716666666666667 0.03062
54 0.01657 0.79889 0.018876666666666667 0.0323
0 0.0388 0.6608833333333334 0.018036666666666666 0.0323
1 0.12311666666666668 0.6592033333333333 0.018876666666666667 0.028103333333333334
2 0.21120666666666668 0.6592033333333333 0.020553333333333333 0.03397666666666667
3 0.2674166666666667 0.6566866666666666 0.019716666666666667 0.03062
4 0.35445666666666664 0.65543 0.020133333333333333 0.03146
5 0.4419166666666667 0.65375 0.019716666666666667 0.03481666666666667
6 0.5289566666666666 0.6520733333333334 0.017616666666666666 0.0323
7 0.6164166666666666 0.6508133333333334 0.018876666666666667 0.03146
8 0.70367 0.6495566666666667 0.019716666666666667 0.0323
1 0.04111 0.7523266666666667 0.020133333333333333 0.0323
3 0.12542333333333333 0.75086 0.018456666666666666 0.03104
4 0.21183333333333335 0.74939 0.018456666666666666 0.029783333333333332
2 0.29908666666666667 0.7481333333333333 0.017616666666666666 0.03146
5 0.38549666666666665 0.7462466666666666 0.019296666666666667 0.03272
6 0.47212 0.7439366666666667 0.018036666666666666 0.03314
7 0.55958 0.74163 0.018456666666666666 0.03188
8 0.6459900000000001 0.7418399999999999 0.020133333333333333 0.03481666666666667
0 0.04299666666666667 0.7991 0.018036666666666666 0.03188
54 0.7638633333333333 0.6489266666666667 0.020973333333333333 0.029363333333333335
9 0.7345 0.7389033333333334 0.020133333333333333 0.03146
9 0.7936466666666667 0.6485066666666667 0.018456666666666666 0.030203333333333332
52 0.018606666666666667 0.9353633333333334 0.01881666666666667 0.030943333333333333
37 0.04745666666666667 0.93432 0.01798 0.03136
46 0.07652 0.9334833333333332 0.019233333333333335 0.029686666666666667
37 0.10453333333333334 0.9339 0.019233333333333335 0.03136
53 0.13150333333333333 0.9334833333333332 0.019653333333333335 0.03136
41 0.16098 0.9324366666666667 0.018396666666666665 0.030106666666666664
37 0.18920666666666666 0.9318099999999999 0.01798 0.029686666666666667
53 0.21805666666666665 0.9311833333333334 0.01881666666666667 0.02927
46 0.24732666666666667 0.9301366666666666 0.01881666666666667 0.02885
61 0.30523666666666666 0.9293 0.020906666666666667 0.03136
52 0.33325333333333335 0.9295100000000001 0.019233333333333335 0.032613333333333334
37 0.36189333333333334 0.9284666666666667 0.019653333333333335 0.032196666666666665
46 0.3909533333333333 0.9282566666666666 0.01756 0.030943333333333333
37 0.4204333333333333 0.92763 0.01881666666666667 0.03136
59 0.4777166666666667 0.92512 0.01798 0.02885
37 0.50615 0.9253299999999999 0.01798 0.02759666666666667
48 0.5642699999999999 0.92491 0.01798 0.030943333333333333
53 0.5929133333333333 0.9234466666666667 0.019233333333333335 0.03052333333333333
65 0.6213466666666666 0.92324 0.018396666666666665 0.030106666666666664
55 0.6501966666666666 0.9224033333333334 0.019233333333333335 0.030943333333333333
50 0.02258 0.9790599999999999 0.02258 0.029686666666666667
61 0.051013333333333334 0.9794766666666667 0.021743333333333333 0.032196666666666665
52 0.07902666666666668 0.9782233333333333 0.020906666666666667 0.03052333333333333
61 0.10829666666666667 0.9775966666666667 0.019233333333333335 0.030943333333333333
59 0.13610333333333333 0.97697 0.01798 0.03052333333333333
60 0.16516333333333333 0.9773866666666666 0.02007 0.03052333333333333
37 0.19067 0.9757133333333333 0.018396666666666665 0.03136
50 0.24795333333333333 0.9757133333333333 0.01756 0.02885
37 0.27826666666666666 0.9759233333333334 0.01798 0.030106666666666664
65 0.30670000000000003 0.9755066666666666 0.019653333333333335 0.030106666666666664
55 0.3345066666666667 0.9748766666666667 0.01756 0.03136