54 0.16162109375 0.30810546875 0.06298828125 0.10791015625
54 0.448486328125 0.318115234375 0.0517578125 0.1103515625
54 0.72705078125 0.330322265625 0.06396484375 0.1103515625
54 0.914306640625 0.341796875 0.060546875 0.10009765625
54 0.1748046875 0.587646484375 0.056640625 0.0966796875
54 0.438232421875 0.59765625 0.0546875 0.09228515625
54 0.7060546875 0.61474609375 0.06689453125 0.0947265625
54 0.179931640625 0.719970703125 0.048828125 0.09228515625
0 0.25732421875 0.307373046875 0.06494140625 0.10888671875
1 0.540771484375 0.3193359375 0.060546875 0.10107421875
2 0.826171875 0.333251953125 0.06396484375 0.10693359375
1 0.259765625 0.585693359375 0.06005859375 0.0947265625
3 0.529541015625 0.602294921875 0.05908203125 0.095703125
4 0.80126953125 0.6123046875 0.05322265625 0.0869140625
0 0.2626953125 0.724853515625 0.05908203125 0.09130859375