55 0.11865234375 0.3515625 0.05615234375 0.08544921875
56 0.201904296875 0.34912109375 0.05712890625 0.08544921875
57 0.284423828125 0.3466796875 0.0517578125 0.087890625
58 0.367431640625 0.34375 0.05517578125 0.0869140625
59 0.453857421875 0.345703125 0.05078125 0.087890625
60 0.535888671875 0.34521484375 0.060546875 0.09228515625
61 0.618896484375 0.3447265625 0.05615234375 0.09765625
49 0.109619140625 0.76318359375 0.0576171875 0.10009765625
50 0.281982421875 0.75537109375 0.06396484375 0.095703125
51 0.45458984375 0.75439453125 0.06396484375 0.0947265625
52 0.62744140625 0.748779296875 0.060546875 0.0966796875
61 0.029296875 0.8994140625 0.05615234375 0.08544921875
62 0.19189453125 0.89794921875 0.060546875 0.0966796875
63 0.365966796875 0.89501953125 0.05712890625 0.09326171875