40 0.046110000000000005 0.05611000000000001 0.027776666666666665 0.04111
22 0.08083333333333333 0.056666666666666664 0.028333333333333332 0.04111
14 0.11333333333333333 0.056666666666666664 0.022223333333333335 0.03555666666666667
30 0.14639 0.05694333333333334 0.025 0.03944333333333333
30 0.18111000000000002 0.056666666666666664 0.023333333333333334 0.03889
14 0.21472333333333332 0.056389999999999996 0.025 0.03833333333333333
28 0.25 0.05694333333333334 0.023333333333333334 0.040556666666666664
29 0.28611000000000003 0.0575 0.024443333333333334 0.03833333333333333
53 0.355 0.059166666666666666 0.024443333333333334 0.041666666666666664
55 0.39 0.06027666666666667 0.024443333333333334 0.041666666666666664
59 0.46166666666666667 0.06222333333333333 0.024443333333333334 0.04
56 0.49666666666666665 0.06166666666666667 0.024443333333333334 0.042223333333333335
37 0.5302766666666666 0.061943333333333336 0.021666666666666667 0.036109999999999996
39 0.565 0.06305666666666666 0.023333333333333334 0.03833333333333333
43 0.6 0.06416666666666666 0.024443333333333334 0.040556666666666664
37 0.05027666666666667 0.17111 0.022776666666666667 0.03666666666666667
38 0.08416666666666667 0.17139 0.022776666666666667 0.03722333333333333
39 0.11666666666666667 0.17166666666666666 0.022223333333333335 0.03666666666666667
41 0.15166666666666667 0.1725 0.022223333333333335 0.036109999999999996
43 0.18527666666666667 0.1725 0.02389 0.035
45 0.21861000000000003 0.17361000000000001 0.020556666666666668 0.036109999999999996
46 0.2527766666666667 0.17555666666666667 0.023333333333333334 0.03777666666666667
47 0.28722333333333333 0.17611000000000002 0.02111 0.03777666666666667
48 0.3222233333333333 0.17639 0.02111 0.035
49 0.35527666666666663 0.17833333333333334 0.020556666666666668 0.03666666666666667
50 0.3894433333333333 0.17944333333333334 0.023333333333333334 0.03777666666666667
51 0.42472333333333334 0.17889 0.022776666666666667 0.04
52 0.45805666666666667 0.18055666666666664 0.022776666666666667 0.03889
53 0.49222333333333335 0.18166666666666667 0.022223333333333335 0.03777666666666667
42 0.55889 0.18527666666666667 0.024443333333333334 0.03833333333333333
44 0.5941666666666666 0.18583333333333332 0.022776666666666667 0.03944333333333333
53 0.6619433333333333 0.18666666666666668 0.025 0.03666666666666667
46 0.6958333333333333 0.1875 0.020556666666666668 0.036109999999999996
55 0.765 0.19138999999999998 0.022223333333333335 0.03833333333333333
56 0.7997233333333333 0.19027666666666668 0.026109999999999998 0.03944333333333333
57 0.835 0.19166666666666668 0.023333333333333334 0.03666666666666667
58 0.8675 0.1925 0.02389 0.03722333333333333
59 0.9025 0.19277666666666668 0.022776666666666667 0.03666666666666667
60 0.9358333333333333 0.195 0.025 0.03666666666666667
61 0.9691666666666666 0.19666666666666666 0.021666666666666667 0.03777666666666667
62 0.05388999999999999 0.22777666666666668 0.024443333333333334 0.03555666666666667
63 0.08722333333333333 0.22944333333333336 0.023333333333333334 0.03555666666666667
64 0.12027666666666666 0.23055666666666666 0.021666666666666667 0.03666666666666667
65 0.15277666666666667 0.23083333333333333 0.023333333333333334 0.03722333333333333
66 0.18583333333333332 0.23138999999999998 0.02389 0.03722333333333333
40 0.2527766666666667 0.23166666666666666 0.024443333333333334 0.03666666666666667
40 0.28722333333333333 0.23305666666666666 0.024443333333333334 0.036109999999999996
40 0.3225 0.235 0.022776666666666667 0.03666666666666667
54 0.3894433333333333 0.23694333333333334 0.02111 0.03833333333333333
54 0.4569433333333333 0.23972333333333332 0.020556666666666668 0.036109999999999996
54 0.5238900000000001 0.24194333333333334 0.022223333333333335 0.03722333333333333
40 0.053610000000000005 0.2833333333333333 0.027223333333333335 0.03555666666666667
33 0.08833333333333333 0.28361000000000003 0.023333333333333334 0.03722333333333333
19 0.12139000000000001 0.285 0.021666666666666667 0.03777666666666667
30 0.155 0.2852766666666667 0.022223333333333335 0.03833333333333333
18 0.18722333333333332 0.28583333333333333 0.024443333333333334 0.03944333333333333
59 0.25611 0.28722333333333333 0.023333333333333334 0.03666666666666667
56 0.2891666666666667 0.2875 0.022776666666666667 0.03722333333333333
37 0.32361 0.28944333333333333 0.02389 0.03777666666666667
39 0.3566666666666667 0.29 0.022223333333333335 0.03777666666666667
43 0.3894433333333333 0.29 0.023333333333333334 0.03666666666666667
37 0.05722333333333333 0.33666666666666667 0.02111 0.03444333333333333
38 0.09222333333333334 0.3372233333333333 0.023333333333333334 0.03444333333333333
37 0.15861 0.3369433333333334 0.021666666666666667 0.03277666666666667
38 0.22611 0.3394433333333334 0.02555666666666667 0.03555666666666667
39 0.28972333333333333 0.3416666666666667 0.021666666666666667 0.03444333333333333
41 0.3575 0.3452766666666666 0.022776666666666667 0.03944333333333333
43 0.4225 0.3469433333333333 0.021666666666666667 0.03722333333333333
45 0.4880566666666667 0.34889000000000003 0.021666666666666667 0.03666666666666667
46 0.5527766666666667 0.34944333333333333 0.023333333333333334 0.03889
47 0.6191666666666666 0.35194333333333333 0.021666666666666667 0.03722333333333333
48 0.6844433333333333 0.35361 0.024443333333333334 0.036109999999999996
49 0.7516666666666667 0.35722333333333334 0.02111 0.04
50 0.8177766666666666 0.3575 0.024443333333333334 0.035
51 0.885 0.35833333333333334 0.02555666666666667 0.03666666666666667
52 0.94889 0.3619433333333333 0.02555666666666667 0.03389
53 0.06027666666666667 0.39110999999999996 0.02389 0.03666666666666667
42 0.12555666666666668 0.3919433333333333 0.024443333333333334 0.03277666666666667
44 0.15777666666666665 0.3919433333333333 0.024443333333333334 0.035
53 0.22527666666666668 0.3944433333333333 0.021666666666666667 0.03444333333333333
46 0.25861 0.39389 0.022776666666666667 0.03333333333333333
55 0.32389 0.39777666666666667 0.022223333333333335 0.03777666666666667
56 0.38889 0.39916666666666667 0.022223333333333335 0.036109999999999996
57 0.45416666666666666 0.4025 0.021666666666666667 0.03722333333333333
58 0.5180566666666667 0.4025 0.020556666666666668 0.03277666666666667
59 0.5844433333333333 0.4052766666666666 0.024443333333333334 0.036109999999999996
60 0.64639 0.4052766666666666 0.021666666666666667 0.03722333333333333
61 0.7119433333333333 0.4069433333333333 0.022776666666666667 0.03722333333333333
62 0.7766666666666666 0.4094433333333333 0.02 0.03444333333333333
63 0.845 0.4116666666666667 0.023333333333333334 0.03555666666666667
65 0.06277666666666668 0.44360999999999995 0.02555666666666667 0.035
66 0.12944333333333333 0.4444433333333333 0.024443333333333334 0.03555666666666667
40 0.06777666666666667 0.49361 0.02111 0.030556666666666666
24 0.09944333333333333 0.4930566666666667 0.02555666666666667 0.03722333333333333
19 0.13194333333333333 0.49389000000000005 0.022776666666666667 0.03444333333333333
53 0.19638999999999998 0.495 0.021666666666666667 0.03555666666666667
61 0.22944333333333336 0.4955566666666667 0.023333333333333334 0.03555666666666667
52 0.26194333333333336 0.49583333333333335 0.022776666666666667 0.035
38 0.2941666666666667 0.49583333333333335 0.022776666666666667 0.035
43 0.3258333333333333 0.4975 0.020556666666666668 0.03389
58 0.3580566666666667 0.49777666666666665 0.021666666666666667 0.03444333333333333
59 0.39110999999999996 0.49889 0.022223333333333335 0.03777666666666667
54 0.07572 0.5933333333333334 0.020963333333333334 0.03333333333333333
54 0.17001 0.59357 0.020953333333333334 0.03
54 0.26500999999999997 0.5942866666666666 0.01857 0.03428666666666667
54 0.3281033333333333 0.5947633333333333 0.02 0.03333333333333333
54 0.4214366666666666 0.59619 0.018096666666666667 0.03333333333333333
54 0.51239 0.5969033333333333 0.019046666666666667 0.03190333333333333
54 0.6040566666666667 0.5997633333333333 0.01857 0.03190333333333333
54 0.6973900000000001 0.6042866666666666 0.02143 0.03143
54 0.7921533333333334 0.60857 0.019523333333333334 0.03333333333333333
54 0.8876299999999999 0.6119033333333334 0.02190333333333333 0.03047666666666667
54 0.08083333333333333 0.68611 0.019443333333333333 0.03111
54 0.17333333333333334 0.68611 0.02 0.03111
54 0.26555666666666666 0.6880566666666666 0.022223333333333335 0.030556666666666666
54 0.3591666666666667 0.6872233333333334 0.019443333333333333 0.03111
54 0.45027666666666666 0.68611 0.020556666666666668 0.03222333333333333
54 0.5383333333333333 0.6883333333333334 0.01889 0.03111
54 0.6305566666666667 0.6922233333333334 0.02 0.03
54 0.7233333333333334 0.69611 0.02 0.03111
54 0.8155566666666667 0.7013900000000001 0.02111 0.029443333333333332
54 0.08361 0.7327766666666666 0.019443333333333333 0.02889
0 0.1075 0.59361 0.022776666666666667 0.035
1 0.2002766666666667 0.5941666666666666 0.022776666666666667 0.03277666666666667
2 0.2966666666666667 0.59361 0.02111 0.03277666666666667
3 0.35861 0.5944433333333333 0.021666666666666667 0.03222333333333333
4 0.4505566666666667 0.5966666666666667 0.02111 0.03333333333333333
5 0.5433333333333333 0.5977766666666666 0.02 0.03333333333333333
6 0.635 0.6002766666666667 0.01889 0.030556666666666666
7 0.7291666666666666 0.6047233333333334 0.019443333333333333 0.03389
8 0.82389 0.60889 0.01889 0.03333333333333333
9 0.92 0.6125 0.022223333333333335 0.03166666666666667
1 0.10861 0.6847233333333334 0.020556666666666668 0.030556666666666666
3 0.20361 0.68611 0.020556666666666668 0.02889
4 0.29805666666666664 0.6883333333333334 0.020556666666666668 0.03333333333333333
2 0.38916666666666666 0.6877766666666666 0.019443333333333333 0.03111
5 0.47972333333333333 0.6866666666666666 0.020556666666666668 0.03111
6 0.5708333333333333 0.6894433333333333 0.020556666666666668 0.03333333333333333
7 0.66111 0.6930566666666667 0.01889 0.030556666666666666
8 0.7525 0.6977766666666666 0.018333333333333333 0.03222333333333333
9 0.8458333333333333 0.7041666666666667 0.020556666666666668 0.03166666666666667
0 0.11472333333333334 0.7327766666666666 0.018333333333333333 0.03
52 0.09166666666666666 0.86361 0.022223333333333335 0.030556666666666666
37 0.12222333333333334 0.8625 0.022223333333333335 0.030556666666666666
46 0.15222333333333335 0.8619433333333333 0.022223333333333335 0.030556666666666666
37 0.18166666666666667 0.8608333333333333 0.022223333333333335 0.030556666666666666
53 0.21166666666666667 0.8597233333333334 0.022223333333333335 0.030556666666666666
41 0.24166666666666667 0.86028 0.022223333333333335 0.030556666666666666
37 0.27055666666666667 0.8597233333333334 0.022223333333333335 0.030556666666666666
53 0.30111333333333334 0.8586133333333333 0.022223333333333335 0.030556666666666666
46 0.33055666666666667 0.85639 0.022223333333333335 0.030556666666666666
61 0.38777999999999996 0.8575 0.022223333333333335 0.030556666666666666
52 0.41778 0.85861 0.022223333333333335 0.030556666666666666
37 0.4455566666666667 0.85861 0.022223333333333335 0.030556666666666666
46 0.4766666666666667 0.8602766666666667 0.022223333333333335 0.030556666666666666
37 0.505 0.8608333333333333 0.022223333333333335 0.030556666666666666
59 0.5627766666666666 0.8658333333333333 0.022223333333333335 0.030556666666666666
37 0.5916666666666667 0.8658333333333333 0.022223333333333335 0.030556666666666666
48 0.6494433333333333 0.87139 0.022223333333333335 0.030556666666666666
53 0.6805533333333333 0.8730566666666667 0.022223333333333335 0.030556666666666666
65 0.7083299999999999 0.8752800000000001 0.022223333333333335 0.030556666666666666
55 0.7394400000000001 0.8775033333333334 0.022223333333333335 0.030556666666666666
50 0.09722333333333334 0.9030533333333333 0.022223333333333335 0.030556666666666666
61 0.12722333333333333 0.9019433333333333 0.022223333333333335 0.030556666666666666
52 0.15611333333333333 0.9008333333333334 0.022223333333333335 0.030556666666666666
61 0.18611333333333335 0.9008333333333334 0.022223333333333335 0.030556666666666666
60 0.24444666666666667 0.8997233333333333 0.022223333333333335 0.030556666666666666
59 0.21444666666666667 0.8991666666666667 0.022223333333333335 0.030556666666666666
37 0.27444666666666667 0.8980566666666667 0.022223333333333335 0.030556666666666666
50 0.33111333333333337 0.8975 0.022223333333333335 0.030556666666666666
37 0.35889000000000004 0.8980566666666667 0.022223333333333335 0.030556666666666666
65 0.3883333333333333 0.9002800000000001 0.022223333333333335 0.030556666666666666
55 0.41722333333333333 0.9008366666666667 0.022223333333333335 0.030556666666666666