54 0.06103515625 0.08447265625 0.03955078125 0.06640625
54 0.25244140625 0.0810546875 0.03759765625 0.06396484375
54 0.44873046875 0.0732421875 0.03955078125 0.06640625
54 0.650390625 0.06982421875 0.04296875 0.06640625
54 0.84912109375 0.07080078125 0.0419921875 0.0673828125
2 0.12353515625 0.083984375 0.03955078125 0.0673828125
5 0.31591796875 0.0810546875 0.03857421875 0.07080078125
6 0.517578125 0.07080078125 0.0419921875 0.0654296875
7 0.71630859375 0.06884765625 0.041015625 0.06396484375
8 0.91064453125 0.07080078125 0.04296875 0.06982421875
61 0.09326171875 0.4951171875 0.04443359375 0.07177734375
52 0.16796875 0.49267578125 0.048828125 0.07177734375
37 0.2392578125 0.49267578125 0.04541015625 0.06982421875
46 0.31005859375 0.49169921875 0.04638671875 0.07177734375
37 0.3798828125 0.48828125 0.04638671875 0.06982421875
59 0.5205078125 0.4873046875 0.04736328125 0.07177734375
37 0.59033203125 0.48681640625 0.04541015625 0.07080078125
48 0.736328125 0.48779296875 0.04541015625 0.07763671875
53 0.8076171875 0.486328125 0.048828125 0.07861328125
65 0.88037109375 0.48486328125 0.05419921875 0.07666015625
55 0.95068359375 0.482421875 0.04736328125 0.0732421875
65 0.0927734375 0.60888671875 0.0517578125 0.07763671875
55 0.16455078125 0.60791015625 0.04443359375 0.07763671875