43 0.0556640625 0.337890625 0.04931640625 0.091796875
58 0.125 0.338623046875 0.052734375 0.08984375
59 0.1953125 0.33447265625 0.04638671875 0.0849609375
53 0.344482421875 0.340576171875 0.052734375 0.091796875
55 0.418701171875 0.34033203125 0.052734375 0.091796875
59 0.571044921875 0.341552734375 0.05078125 0.08837890625
56 0.6474609375 0.337646484375 0.05712890625 0.0927734375
37 0.725341796875 0.3388671875 0.05712890625 0.0908203125
39 0.803466796875 0.337890625 0.05615234375 0.08984375
43 0.881591796875 0.3369140625 0.05615234375 0.08837890625
45 0.066162109375 0.569580078125 0.04931640625 0.08984375
46 0.131591796875 0.572265625 0.0517578125 0.08642578125
47 0.203369140625 0.572998046875 0.04833984375 0.0849609375
48 0.277099609375 0.5751953125 0.04931640625 0.0830078125
49 0.34619140625 0.578369140625 0.04931640625 0.0849609375
50 0.417724609375 0.57763671875 0.04833984375 0.083984375
51 0.49560546875 0.58056640625 0.05517578125 0.08642578125
52 0.56396484375 0.581787109375 0.04931640625 0.08642578125
53 0.63818359375 0.5849609375 0.052734375 0.08642578125
42 0.790283203125 0.588623046875 0.05712890625 0.08642578125
44 0.869873046875 0.590087890625 0.05859375 0.08740234375
40 0.140380859375 0.6865234375 0.0478515625 0.06298828125
40 0.209228515625 0.689208984375 0.0390625 0.0615234375
40 0.276123046875 0.69482421875 0.0458984375 0.06298828125
54 0.41845703125 0.6904296875 0.05078125 0.0849609375
54 0.561279296875 0.699951171875 0.04638671875 0.08984375
54 0.7099609375 0.707763671875 0.0517578125 0.08837890625
59 0.142333984375 0.783935546875 0.0439453125 0.078125
56 0.211181640625 0.78662109375 0.04833984375 0.07763671875
37 0.277587890625 0.78759765625 0.04736328125 0.0751953125
39 0.34326171875 0.791259765625 0.04248046875 0.0703125
43 0.4150390625 0.798828125 0.04833984375 0.083984375
38 0.0849609375 0.87939453125 0.05517578125 0.07177734375
39 0.21240234375 0.88623046875 0.04345703125 0.0693359375
41 0.345458984375 0.903076171875 0.04931640625 0.083984375
43 0.486572265625 0.910400390625 0.044921875 0.08056640625
45 0.62939453125 0.913330078125 0.04931640625 0.0830078125
46 0.772216796875 0.92626953125 0.04833984375 0.0830078125
47 0.917724609375 0.93505859375 0.04638671875 0.09423828125