53 0.22 0.05694333333333334 0.022223333333333335 0.03944333333333333
61 0.25194333333333335 0.056666666666666664 0.022776666666666667 0.03889
52 0.28389 0.05611000000000001 0.023333333333333334 0.03889
38 0.3175 0.05611000000000001 0.022776666666666667 0.03777666666666667
43 0.3475 0.056389999999999996 0.021666666666666667 0.03722333333333333
58 0.38027666666666665 0.059166666666666666 0.021666666666666667 0.03833333333333333
59 0.41222333333333333 0.06055666666666666 0.02111 0.03777666666666667
54 0.10333333333333333 0.165 0.022223333333333335 0.03555666666666667
54 0.19805666666666666 0.16333333333333333 0.019443333333333333 0.03777666666666667
54 0.29 0.165 0.02 0.03666666666666667
54 0.35222333333333333 0.16611 0.017776666666666666 0.03777666666666667
54 0.44277666666666665 0.16777666666666666 0.02111 0.03666666666666667
54 0.5330566666666667 0.16916666666666666 0.019443333333333333 0.036109999999999996
54 0.6219433333333333 0.17 0.017223333333333334 0.03444333333333333
54 0.7113900000000001 0.17194333333333334 0.018333333333333333 0.035
54 0.79889 0.17389 0.02 0.03444333333333333
54 0.8880566666666667 0.17611000000000002 0.019443333333333333 0.03222333333333333
54 0.11476333333333334 0.26214333333333334 0.02 0.03381
54 0.20571333333333333 0.26309666666666665 0.019046666666666667 0.034763333333333334
54 0.295 0.26452333333333333 0.01857 0.034763333333333334
54 0.38476333333333335 0.26428666666666667 0.018096666666666667 0.03333333333333333
54 0.47238 0.2669033333333333 0.017143333333333333 0.03571333333333333
54 0.5590466666666667 0.26738 0.017143333333333333 0.034763333333333334
54 0.6480966666666667 0.2678566666666667 0.01619 0.03381
54 0.7345233333333334 0.26881 0.01857 0.032856666666666666
54 0.8211900000000001 0.2697633333333333 0.01762 0.03190333333333333
54 0.11952333333333333 0.31023666666666666 0.018096666666666667 0.03190333333333333
0 0.13381 0.16357 0.020953333333333334 0.03571333333333333
1 0.22523666666666667 0.16238 0.020953333333333334 0.03619
2 0.32023666666666667 0.16476333333333334 0.019523333333333334 0.037143333333333334
3 0.38071333333333335 0.16666666666666666 0.020476666666666667 0.037143333333333334
4 0.47238 0.16738 0.019046666666666667 0.03571333333333333
5 0.5628566666666667 0.16952333333333333 0.019046666666666667 0.03619
6 0.6523800000000001 0.16976333333333335 0.02 0.03571333333333333
7 0.7409533333333334 0.17238 0.018096666666666667 0.03333333333333333
8 0.8292866666666667 0.17381 0.01857 0.03428666666666667
9 0.91639 0.17555666666666667 0.018333333333333333 0.03222333333333333
1 0.14305666666666667 0.26194333333333336 0.020556666666666668 0.035
4 0.32444333333333336 0.26361 0.01889 0.03389
3 0.23389 0.26389 0.02 0.03666666666666667
2 0.4127766666666666 0.26444333333333336 0.02 0.03222333333333333
5 0.5008333333333334 0.26638999999999996 0.020556666666666668 0.03722333333333333
6 0.59 0.2672233333333333 0.01889 0.03444333333333333
7 0.6775 0.26805666666666667 0.018333333333333333 0.03277666666666667
8 0.7633333333333333 0.26944333333333337 0.016666666666666666 0.03444333333333333
9 0.8502766666666667 0.26916666666666667 0.019443333333333333 0.03389
0 0.14833333333333334 0.3102766666666667 0.01889 0.03277666666666667
52 0.1225 0.45139 0.021666666666666667 0.03166666666666667
37 0.1525 0.45110999999999996 0.021666666666666667 0.03333333333333333
46 0.18139 0.45110999999999996 0.019443333333333333 0.03222333333333333
37 0.21083333333333334 0.44972333333333336 0.018333333333333333 0.03166666666666667
53 0.23972333333333332 0.45110999999999996 0.020556666666666668 0.03222333333333333
41 0.2697233333333333 0.4505566666666667 0.019443333333333333 0.03111
37 0.30111 0.4505566666666667 0.02111 0.03111
53 0.32777666666666666 0.4505566666666667 0.02111 0.03222333333333333
46 0.3580566666666667 0.4505566666666667 0.020556666666666668 0.03111
61 0.415 0.45110999999999996 0.022223333333333335 0.03222333333333333
52 0.44360999999999995 0.45027666666666666 0.019443333333333333 0.03166666666666667
37 0.4722233333333334 0.45027666666666666 0.02111 0.030556666666666666
46 0.5002766666666666 0.4505566666666667 0.017223333333333334 0.02889
37 0.52639 0.44916666666666666 0.018333333333333333 0.028333333333333332
59 0.5831266666666667 0.4506266666666667 0.01875 0.030416666666666668
37 0.61125 0.4506266666666667 0.02 0.029583333333333333
48 0.6672933333333334 0.45146000000000003 0.01875 0.029583333333333333
53 0.6947933333333334 0.4506266666666667 0.01875 0.029583333333333333
65 0.7225 0.45146000000000003 0.018333333333333333 0.030416666666666668
55 0.7504166666666666 0.45104333333333335 0.0175 0.030416666666666668
50 0.12428666666666667 0.49785666666666667 0.02190333333333333 0.032856666666666666
61 0.15333333333333332 0.49729333333333336 0.021666666666666667 0.032916666666666664
52 0.18333333333333332 0.4970833333333333 0.020833333333333332 0.03333333333333333
61 0.21271 0.49666666666666665 0.020416666666666666 0.0325
59 0.24166666666666667 0.4979166666666667 0.018333333333333333 0.029166666666666667
60 0.27146 0.4981266666666667 0.01875 0.03125
37 0.3 0.4968766666666667 0.018333333333333333 0.030416666666666668
50 0.35896000000000006 0.49666666666666665 0.020416666666666666 0.03
37 0.38771000000000005 0.49646 0.01875 0.029583333333333333
65 0.415 0.4968766666666667 0.018333333333333333 0.030416666666666668
55 0.44396 0.49666666666666665 0.01875 0.03166666666666667