52 0.24755859375 0.49462890625 0.0537109375 0.08203125
37 0.328125 0.49267578125 0.05029296875 0.0810546875
46 0.4111328125 0.4931640625 0.0546875 0.083984375
37 0.49169921875 0.48828125 0.04931640625 0.07666015625
53 0.57568359375 0.49267578125 0.05712890625 0.0810546875
41 0.6611328125 0.4931640625 0.05224609375 0.08203125
37 0.74072265625 0.4931640625 0.0556640625 0.07763671875
53 0.82666015625 0.4970703125 0.05908203125 0.08544921875
46 0.90869140625 0.4951171875 0.05126953125 0.0830078125
50 0.241943359375 0.62548828125 0.05712890625 0.083984375
61 0.326416015625 0.625 0.05712890625 0.08984375
52 0.411376953125 0.62744140625 0.0556640625 0.08984375
61 0.495361328125 0.62646484375 0.05712890625 0.09521484375
59 0.581787109375 0.6298828125 0.05908203125 0.0908203125
60 0.665283203125 0.6318359375 0.06591796875 0.0986328125
37 0.746337890625 0.6328125 0.0615234375 0.091796875