53 0.3916015625 0.04052734375 0.03662109375 0.056640625
61 0.451171875 0.04296875 0.03857421875 0.06201171875
52 0.50830078125 0.04443359375 0.0390625 0.0615234375
38 0.56787109375 0.04443359375 0.0361328125 0.05908203125
43 0.62646484375 0.04638671875 0.03515625 0.06103515625
58 0.685546875 0.04833984375 0.03515625 0.0576171875
59 0.74267578125 0.05078125 0.03369140625 0.05419921875
54 0.1494140625 0.2255859375 0.03857421875 0.05712890625
54 0.3310546875 0.22900390625 0.0361328125 0.05859375
54 0.5078125 0.23193359375 0.0341796875 0.0615234375
54 0.626953125 0.23486328125 0.03369140625 0.06103515625
54 0.798828125 0.23876953125 0.0390625 0.06005859375
54 0.97119140625 0.2431640625 0.0341796875 0.0595703125
54 0.146484375 0.412109375 0.03759765625 0.06005859375
54 0.32470703125 0.41552734375 0.0390625 0.0595703125
54 0.5048828125 0.41748046875 0.0390625 0.05712890625
54 0.68505859375 0.41845703125 0.0341796875 0.0576171875
54 0.85986328125 0.421875 0.03759765625 0.0595703125
54 0.14599609375 0.5107421875 0.03662109375 0.05859375
0 0.21142578125 0.22509765625 0.03857421875 0.05517578125
1 0.38720703125 0.2275390625 0.03515625 0.05859375
2 0.56787109375 0.2314453125 0.0361328125 0.0595703125
3 0.68408203125 0.23486328125 0.03857421875 0.05908203125
4 0.85595703125 0.23974609375 0.0361328125 0.05859375
1 0.203125 0.41015625 0.03515625 0.0576171875
39 0.38720703125 0.41455078125 0.0390625 0.05908203125
3 0.38720703125 0.41455078125 0.0390625 0.05908203125
4 0.56640625 0.416015625 0.03564453125 0.05419921875
2 0.74267578125 0.41845703125 0.03515625 0.0576171875
5 0.91552734375 0.4208984375 0.0390625 0.05712890625
0 0.20703125 0.50927734375 0.0361328125 0.06103515625
52 0.13916015625 0.79541015625 0.03857421875 0.0615234375
37 0.19873046875 0.794921875 0.03564453125 0.05712890625
46 0.25927734375 0.796875 0.03759765625 0.0615234375
37 0.31982421875 0.79638671875 0.0380859375 0.06103515625
53 0.37890625 0.798828125 0.0361328125 0.05908203125
41 0.4384765625 0.798828125 0.0400390625 0.0595703125
37 0.501953125 0.798828125 0.0400390625 0.06005859375
53 0.56103515625 0.80126953125 0.0380859375 0.06591796875
46 0.62109375 0.80078125 0.03564453125 0.0625
61 0.73974609375 0.802734375 0.0380859375 0.0634765625
52 0.80029296875 0.80224609375 0.0400390625 0.06201171875
37 0.857421875 0.80126953125 0.0400390625 0.0625
46 0.9169921875 0.80322265625 0.03759765625 0.06396484375
37 0.9755859375 0.7998046875 0.033203125 0.05712890625
50 0.13720703125 0.8916015625 0.0380859375 0.05908203125
61 0.20166015625 0.8935546875 0.0400390625 0.0625
52 0.2587890625 0.89599609375 0.03857421875 0.0634765625
61 0.31982421875 0.896484375 0.0380859375 0.06494140625
59 0.38134765625 0.89599609375 0.04052734375 0.0615234375
60 0.44091796875 0.8984375 0.0400390625 0.064453125
37 0.5029296875 0.8984375 0.03759765625 0.06005859375
50 0.62060546875 0.8994140625 0.03662109375 0.06201171875
37 0.681640625 0.8984375 0.03759765625 0.06396484375
65 0.7421875 0.90087890625 0.0380859375 0.06396484375
55 0.79736328125 0.900390625 0.03857421875 0.06591796875
53 0.21484375 0.0390625 0.03759765625 0.05322265625