54 0.13134765625 0.131103515625 0.04638671875 0.0771484375
54 0.31982421875 0.11767578125 0.04638671875 0.0771484375
54 0.5322265625 0.105224609375 0.04638671875 0.0771484375
54 0.7587890625 0.1005859375 0.04638671875 0.0771484375
54 0.1279296875 0.238525390625 0.04638671875 0.0771484375
1 0.18994140625 0.129150390625 0.04638671875 0.0771484375
3 0.39208984375 0.114013671875 0.04638671875 0.0771484375
4 0.60888671875 0.098876953125 0.04638671875 0.0771484375
2 0.82763671875 0.09326171875 0.04638671875 0.0771484375
0 0.18896484375 0.236083984375 0.04638671875 0.0771484375
52 0.12353515625 0.562255859375 0.04052734375 0.072265625
37 0.185546875 0.56298828125 0.04052734375 0.072265625
46 0.2529296875 0.56298828125 0.04052734375 0.072265625
37 0.3154296875 0.5634765625 0.04052734375 0.072265625
53 0.38818359375 0.565673828125 0.04638671875 0.07275390625
41 0.45654296875 0.564208984375 0.04638671875 0.07275390625
37 0.52392578125 0.56396484375 0.04638671875 0.07275390625
53 0.59765625 0.5654296875 0.04638671875 0.07275390625
46 0.671875 0.56640625 0.04638671875 0.07275390625
61 0.8232421875 0.57568359375 0.04638671875 0.07275390625
52 0.90185546875 0.573486328125 0.05224609375 0.07763671875
37 0.9736328125 0.573974609375 0.05224609375 0.07763671875
50 0.12353515625 0.671142578125 0.04052734375 0.072265625
61 0.18798828125 0.673828125 0.04052734375 0.072265625
52 0.251953125 0.67333984375 0.04052734375 0.072265625
61 0.3203125 0.67578125 0.04052734375 0.072265625
59 0.388671875 0.677490234375 0.04052734375 0.072265625
60 0.4580078125 0.679443359375 0.04052734375 0.072265625
37 0.52294921875 0.6806640625 0.04052734375 0.072265625
50 0.6669921875 0.6875 0.04052734375 0.072265625
37 0.7412109375 0.68701171875 0.04052734375 0.072265625
65 0.8212890625 0.69091796875 0.048828125 0.080078125
55 0.8955078125 0.689697265625 0.048828125 0.080078125