53 0.016357421875 0.205078125 0.0224609375 0.041015625
55 0.052978515625 0.2041015625 0.0234375 0.04052734375
59 0.125732421875 0.202880859375 0.02294921875 0.0390625
56 0.163818359375 0.20361328125 0.0234375 0.04150390625
37 0.199462890625 0.201904296875 0.021484375 0.0400390625
39 0.235595703125 0.201904296875 0.02197265625 0.0380859375
43 0.272705078125 0.203125 0.02392578125 0.04052734375
49 0.017822265625 0.32470703125 0.02392578125 0.04248046875
50 0.054931640625 0.32373046875 0.02734375 0.04248046875
51 0.090576171875 0.323974609375 0.025390625 0.0419921875
52 0.126220703125 0.323974609375 0.02587890625 0.04248046875
53 0.163330078125 0.3232421875 0.0244140625 0.04248046875
42 0.234619140625 0.323486328125 0.02880859375 0.03857421875
44 0.273193359375 0.3232421875 0.02392578125 0.041015625
53 0.347412109375 0.323486328125 0.02294921875 0.0419921875
46 0.385009765625 0.3232421875 0.02294921875 0.041015625
55 0.456787109375 0.325439453125 0.02294921875 0.0439453125
56 0.493408203125 0.32470703125 0.0234375 0.04345703125
57 0.529541015625 0.32421875 0.02197265625 0.04296875
58 0.56640625 0.326416015625 0.02490234375 0.046875
59 0.6015625 0.325439453125 0.0224609375 0.04248046875
60 0.63818359375 0.326171875 0.02490234375 0.04345703125
61 0.673828125 0.324951171875 0.0224609375 0.0439453125
54 0.054443359375 0.38427734375 0.02197265625 0.04248046875
54 0.126708984375 0.383544921875 0.0224609375 0.04150390625
54 0.201416015625 0.383056640625 0.0224609375 0.0390625
39 0.018798828125 0.43896484375 0.02392578125 0.0390625
43 0.055419921875 0.43798828125 0.0224609375 0.0380859375
41 0.01806640625 0.5 0.02392578125 0.0400390625
43 0.091796875 0.499755859375 0.0234375 0.04150390625
45 0.166015625 0.4990234375 0.02587890625 0.04345703125
46 0.2392578125 0.499267578125 0.02490234375 0.04541015625
47 0.31396484375 0.498291015625 0.0224609375 0.04296875
48 0.38623046875 0.4990234375 0.02392578125 0.0419921875
49 0.45947265625 0.499267578125 0.0234375 0.0439453125
50 0.53125 0.498046875 0.02587890625 0.0419921875
51 0.60205078125 0.497314453125 0.0244140625 0.04052734375
52 0.6728515625 0.4970703125 0.025390625 0.0400390625
56 0.05615234375 0.55908203125 0.0244140625 0.04296875
57 0.1298828125 0.56005859375 0.025390625 0.04541015625
58 0.20263671875 0.559326171875 0.0224609375 0.04443359375
59 0.2763671875 0.55859375 0.025390625 0.04345703125
60 0.3505859375 0.559814453125 0.02294921875 0.04296875
61 0.42236328125 0.55810546875 0.0234375 0.0419921875
62 0.494140625 0.556640625 0.02197265625 0.0439453125
63 0.56640625 0.557373046875 0.02294921875 0.04248046875
58 0.0263671875 0.67333984375 0.02880859375 0.0380859375
59 0.06005859375 0.6748046875 0.02392578125 0.04052734375
54 0.097900390625 0.791259765625 0.02392578125 0.041015625
54 0.207275390625 0.790283203125 0.02490234375 0.04345703125
54 0.316650390625 0.788818359375 0.0224609375 0.0439453125
54 0.4248046875 0.7861328125 0.021484375 0.04150390625
54 0.53125 0.78515625 0.02197265625 0.0419921875
54 0.638671875 0.78369140625 0.021484375 0.04150390625
54 0.03173828125 0.90185546875 0.021484375 0.04345703125
54 0.1396484375 0.900390625 0.0205078125 0.0390625
54 0.24609375 0.8974609375 0.021484375 0.037109375
54 0.35595703125 0.896728515625 0.021484375 0.03857421875
54 0.462890625 0.894775390625 0.02392578125 0.041015625
54 0.56884765625 0.891357421875 0.02392578125 0.041015625
4 0.1328125 0.7890625 0.0244140625 0.041015625
5 0.243408203125 0.790283203125 0.0244140625 0.0439453125
6 0.3525390625 0.787353515625 0.02294921875 0.04345703125
7 0.46044921875 0.785400390625 0.021484375 0.041015625
8 0.56640625 0.783447265625 0.0244140625 0.04248046875
9 0.6748046875 0.78271484375 0.02392578125 0.0419921875
38 0.06787109375 0.901123046875 0.02734375 0.04296875
5 0.1748046875 0.899169921875 0.025390625 0.04296875
6 0.28173828125 0.89794921875 0.02392578125 0.0390625
7 0.3896484375 0.8955078125 0.0234375 0.041015625
8 0.49609375 0.894775390625 0.02294921875 0.04248046875
9 0.603515625 0.892333984375 0.0234375 0.04052734375