58 0.267333984375 0.238525390625 0.04052734375 0.05810546875
41 0.02392578125 0.16796875 0.04052734375 0.05810546875
43 0.115234375 0.165283203125 0.04052734375 0.05810546875
45 0.21533203125 0.1630859375 0.04052734375 0.05810546875
46 0.308349609375 0.15869140625 0.04052734375 0.05810546875
47 0.402587890625 0.155517578125 0.04052734375 0.05810546875
48 0.496826171875 0.15087890625 0.04052734375 0.05810546875
60 0.451904296875 0.234130859375 0.04052734375 0.05810546875
59 0.360595703125 0.234375 0.04052734375 0.05810546875
57 0.173095703125 0.243408203125 0.04052734375 0.05810546875
56 0.078857421875 0.24462890625 0.04052734375 0.05810546875
63 0.731201171875 0.218017578125 0.04052734375 0.05810546875
61 0.54296875 0.230224609375 0.04052734375 0.05810546875
49 0.5888671875 0.146240234375 0.04052734375 0.05810546875
50 0.68408203125 0.144775390625 0.04052734375 0.05810546875
51 0.77978515625 0.14111328125 0.04052734375 0.05810546875
62 0.640380859375 0.22412109375 0.04052734375 0.05810546875
52 0.871826171875 0.135498046875 0.04052734375 0.05810546875
28 0.055419921875 0.39404296875 0.04052734375 0.05810546875
29 0.099365234375 0.392333984375 0.04052734375 0.05810546875
54 0.030517578125 0.53857421875 0.0361328125 0.05419921875
54 0.162841796875 0.5341796875 0.0361328125 0.05419921875
3 0.074462890625 0.535888671875 0.0361328125 0.05419921875
4 0.204345703125 0.531005859375 0.0361328125 0.05419921875
54 0.09326171875 0.666748046875 0.0361328125 0.05419921875
2 0.13330078125 0.669677734375 0.0361328125 0.05419921875
54 0.224365234375 0.6591796875 0.03564453125 0.05029296875
5 0.264892578125 0.658935546875 0.03564453125 0.05029296875
54 0.297607421875 0.526611328125 0.03564453125 0.05029296875
54 0.427490234375 0.518798828125 0.03564453125 0.05029296875
54 0.350830078125 0.651123046875 0.03564453125 0.05029296875
54 0.4765625 0.6474609375 0.03564453125 0.05029296875
5 0.341064453125 0.52587890625 0.0361328125 0.05419921875
6 0.390869140625 0.65283203125 0.0361328125 0.05419921875
6 0.468994140625 0.51904296875 0.0361328125 0.05419921875
7 0.598876953125 0.515380859375 0.0361328125 0.05419921875
54 0.555419921875 0.517578125 0.03564453125 0.05029296875
54 0.686767578125 0.513916015625 0.03564453125 0.05029296875
8 0.64599609375 0.6474609375 0.0361328125 0.05419921875
54 0.603515625 0.646728515625 0.03564453125 0.05029296875
8 0.732666015625 0.51220703125 0.0361328125 0.05419921875
54 0.733642578125 0.64453125 0.03564453125 0.05029296875
54 0.822021484375 0.510498046875 0.03564453125 0.05029296875
9 0.867919921875 0.50927734375 0.03564453125 0.05029296875
9 0.776611328125 0.642333984375 0.03564453125 0.05029296875
7 0.51904296875 0.649169921875 0.0361328125 0.05419921875
53 0.050537109375 0.907470703125 0.03271484375 0.04443359375
46 0.090087890625 0.90771484375 0.03271484375 0.04443359375
61 0.167724609375 0.9052734375 0.03271484375 0.04443359375
37 0.245361328125 0.905029296875 0.03271484375 0.04443359375
52 0.207275390625 0.90380859375 0.03271484375 0.04443359375
50 0.099609375 0.965087890625 0.03271484375 0.04443359375
37 0.1376953125 0.965087890625 0.03271484375 0.04443359375
65 0.17431640625 0.9638671875 0.03271484375 0.04443359375
55 0.21435546875 0.963134765625 0.03271484375 0.04443359375
46 0.286865234375 0.9052734375 0.03271484375 0.04443359375
37 0.327392578125 0.903564453125 0.03271484375 0.04443359375
59 0.407470703125 0.903564453125 0.03271484375 0.04443359375
37 0.447998046875 0.9033203125 0.03271484375 0.04443359375
48 0.529541015625 0.905517578125 0.03271484375 0.04443359375
53 0.571533203125 0.9033203125 0.03271484375 0.04443359375
65 0.611572265625 0.903564453125 0.03271484375 0.04443359375
55 0.653076171875 0.90283203125 0.03271484375 0.04443359375