43 0.02978515625 0.229736328125 0.05322265625 0.0859375
45 0.181640625 0.22216796875 0.0517578125 0.08447265625
46 0.34130859375 0.21875 0.04638671875 0.08251953125
47 0.4990234375 0.220703125 0.048828125 0.0869140625
48 0.658203125 0.21728515625 0.0517578125 0.0869140625
49 0.81494140625 0.222412109375 0.0517578125 0.0869140625
50 0.9677734375 0.218505859375 0.05517578125 0.08349609375
57 0.09912109375 0.3486328125 0.05078125 0.0859375
58 0.2587890625 0.3447265625 0.05322265625 0.08447265625
59 0.4208984375 0.345703125 0.05517578125 0.09130859375
60 0.57958984375 0.34228515625 0.05859375 0.08447265625
61 0.7392578125 0.3427734375 0.06103515625 0.087890625
62 0.900390625 0.343994140625 0.05859375 0.0869140625
54 0.2607421875 0.875 0.0517578125 0.08935546875
54 0.51123046875 0.8701171875 0.05517578125 0.09033203125
54 0.76123046875 0.86767578125 0.0576171875 0.095703125
5 0.34326171875 0.87158203125 0.05078125 0.0859375
6 0.58935546875 0.8671875 0.056640625 0.09033203125
7 0.8388671875 0.8662109375 0.05517578125 0.09375