40 0.19166666666666668 0.14666666666666667 0.021666666666666667 0.03833333333333333
22 0.22 0.14666666666666667 0.021666666666666667 0.03833333333333333
43 0.25083333333333335 0.145 0.021666666666666667 0.03833333333333333
60 0.2833333333333333 0.14583333333333334 0.021666666666666667 0.03833333333333333
60 0.315 0.14666666666666667 0.021666666666666667 0.03833333333333333
43 0.345 0.145 0.021666666666666667 0.03833333333333333
58 0.37583333333333335 0.14583333333333334 0.021666666666666667 0.03833333333333333
59 0.4066666666666667 0.14666666666666667 0.021666666666666667 0.03833333333333333
53 0.47 0.1475 0.021666666666666667 0.03833333333333333
55 0.5008333333333334 0.14916666666666667 0.021666666666666667 0.03833333333333333
59 0.5658333333333333 0.14916666666666667 0.021666666666666667 0.03833333333333333
56 0.595 0.14833333333333334 0.021666666666666667 0.03833333333333333
37 0.6266666666666667 0.14833333333333334 0.021666666666666667 0.03833333333333333
39 0.6608333333333334 0.15 0.021666666666666667 0.03833333333333333
43 0.6925 0.15083333333333335 0.021666666666666667 0.03833333333333333
37 0.1925 0.2475 0.021666666666666667 0.03833333333333333
38 0.2225 0.2475 0.021666666666666667 0.03833333333333333
39 0.25516666666666665 0.24883333333333332 0.021666666666666667 0.03833333333333333
41 0.2831666666666667 0.2515 0.021666666666666667 0.03833333333333333
43 0.31316666666666665 0.2495 0.021666666666666667 0.03833333333333333
45 0.3458333333333333 0.25016666666666665 0.021666666666666667 0.03833333333333333
46 0.3765 0.25283333333333335 0.021666666666666667 0.03833333333333333
47 0.4058333333333333 0.2515 0.021666666666666667 0.03833333333333333
48 0.4365 0.25083333333333335 0.021666666666666667 0.03833333333333333
49 0.4678333333333333 0.25083333333333335 0.021666666666666667 0.03833333333333333
50 0.49783333333333335 0.25283333333333335 0.021666666666666667 0.03833333333333333
51 0.5285 0.25483333333333336 0.021666666666666667 0.03833333333333333
52 0.5605 0.2555 0.021666666666666667 0.03833333333333333
53 0.5918333333333333 0.2555 0.021666666666666667 0.03833333333333333
42 0.6551666666666667 0.2575 0.021666666666666667 0.03833333333333333
44 0.6865 0.2575 0.021666666666666667 0.03833333333333333
53 0.7485 0.25816666666666666 0.021666666666666667 0.03833333333333333
46 0.7811666666666667 0.26016666666666666 0.021666666666666667 0.03833333333333333
55 0.8438333333333333 0.26016666666666666 0.021666666666666667 0.03833333333333333
56 0.8758333333333334 0.26016666666666666 0.021666666666666667 0.03833333333333333
57 0.9098333333333334 0.2615 0.021666666666666667 0.03833333333333333
58 0.9398333333333333 0.26216666666666666 0.021666666666666667 0.03833333333333333
59 0.9731666666666666 0.2628333333333333 0.021666666666666667 0.03833333333333333
62 0.1945 0.29883333333333334 0.021666666666666667 0.03833333333333333
63 0.2245 0.3001666666666667 0.021666666666666667 0.03833333333333333
64 0.25516666666666665 0.2995 0.021666666666666667 0.03833333333333333
65 0.2845 0.2995 0.021666666666666667 0.03833333333333333
66 0.31516666666666665 0.30216666666666664 0.021666666666666667 0.03833333333333333
40 0.37716666666666665 0.3035 0.021666666666666667 0.03833333333333333
40 0.4071666666666667 0.30283333333333334 0.021666666666666667 0.03833333333333333
40 0.43983333333333335 0.3035 0.021666666666666667 0.03833333333333333
54 0.4985 0.3075 0.021666666666666667 0.03833333333333333
54 0.5591666666666667 0.30683333333333335 0.021666666666666667 0.03833333333333333
54 0.6211666666666666 0.3095 0.021666666666666667 0.03833333333333333
40 0.1945 0.3475 0.021666666666666667 0.03833333333333333
33 0.2265 0.3481666666666667 0.021666666666666667 0.03833333333333333
48 0.2545 0.3475 0.021666666666666667 0.03833333333333333
60 0.2851666666666667 0.3481666666666667 0.021666666666666667 0.03833333333333333
47 0.31516666666666665 0.3481666666666667 0.021666666666666667 0.03833333333333333
59 0.3765 0.3501666666666667 0.021666666666666667 0.03833333333333333
56 0.4071666666666667 0.3515 0.021666666666666667 0.03833333333333333
37 0.43716666666666665 0.35283333333333333 0.021666666666666667 0.03833333333333333
39 0.4685 0.3535 0.021666666666666667 0.03833333333333333
43 0.49783333333333335 0.35483333333333333 0.021666666666666667 0.03833333333333333
37 0.1965 0.3975 0.021666666666666667 0.03833333333333333
38 0.22583333333333333 0.39666666666666667 0.021666666666666667 0.03833333333333333
37 0.2865 0.3983333333333333 0.021666666666666667 0.03833333333333333
38 0.3466666666666667 0.4008333333333333 0.021666666666666667 0.03833333333333333
39 0.4068333333333333 0.4021666666666667 0.021666666666666667 0.03833333333333333
41 0.4656666666666667 0.4048333333333333 0.021666666666666667 0.03833333333333333
43 0.5265 0.4061666666666667 0.021666666666666667 0.03833333333333333
45 0.5866666666666667 0.4043333333333333 0.021666666666666667 0.03833333333333333
46 0.6481666666666667 0.4086666666666667 0.021666666666666667 0.03833333333333333
47 0.7091666666666666 0.4065 0.021666666666666667 0.03833333333333333
48 0.7706666666666667 0.41 0.021666666666666667 0.03833333333333333
49 0.832 0.4116666666666667 0.021666666666666667 0.03833333333333333
50 0.892 0.41283333333333333 0.021666666666666667 0.03833333333333333
51 0.9551666666666667 0.414 0.021666666666666667 0.03833333333333333
53 0.1985 0.443 0.021666666666666667 0.03833333333333333
42 0.25766666666666665 0.44666666666666666 0.021666666666666667 0.03833333333333333
44 0.2881666666666667 0.44666666666666666 0.021666666666666667 0.03833333333333333
53 0.3485 0.449 0.021666666666666667 0.03833333333333333
46 0.37783333333333335 0.4493333333333333 0.021666666666666667 0.03833333333333333
55 0.43716666666666665 0.451 0.021666666666666667 0.03833333333333333
56 0.495 0.451 0.021666666666666667 0.03833333333333333
57 0.5556666666666666 0.45566666666666666 0.021666666666666667 0.03833333333333333
58 0.614 0.45466666666666666 0.021666666666666667 0.03833333333333333
59 0.6731666666666667 0.45616666666666666 0.021666666666666667 0.03833333333333333
60 0.7365 0.457 0.021666666666666667 0.03833333333333333
61 0.7965 0.45866666666666667 0.021666666666666667 0.03833333333333333
62 0.8578333333333333 0.4613333333333333 0.021666666666666667 0.03833333333333333
63 0.9203333333333333 0.46266666666666667 0.021666666666666667 0.03833333333333333
65 0.20033333333333334 0.49033333333333334 0.021666666666666667 0.03833333333333333
66 0.261 0.493 0.021666666666666667 0.035
40 0.2045 0.535 0.021666666666666667 0.03833333333333333
24 0.232 0.5366666666666666 0.021666666666666667 0.03833333333333333
48 0.26066666666666666 0.5358333333333334 0.021666666666666667 0.03833333333333333
53 0.31933333333333336 0.5371666666666667 0.021666666666666667 0.03833333333333333
61 0.3481666666666667 0.5378333333333334 0.021666666666666667 0.03833333333333333
52 0.378 0.538 0.021666666666666667 0.03833333333333333
38 0.4058333333333333 0.5375 0.021666666666666667 0.03833333333333333
43 0.43566666666666665 0.5378333333333334 0.021666666666666667 0.03833333333333333
58 0.464 0.5396666666666666 0.021666666666666667 0.03833333333333333
59 0.494 0.5403333333333333 0.021666666666666667 0.03833333333333333
54 0.20666666666666667 0.6272233333333334 0.02 0.03222333333333333
54 0.205 0.7172233333333333 0.02 0.03222333333333333
54 0.20333333333333334 0.7633333333333333 0.02 0.03222333333333333
54 0.2916666666666667 0.6294433333333334 0.02 0.03222333333333333
54 0.28944333333333333 0.72 0.02 0.03222333333333333
54 0.3774433333333333 0.6313333333333333 0.02 0.03222333333333333
54 0.3754433333333333 0.7226666666666667 0.02 0.03222333333333333
54 0.4354433333333333 0.6326666666666667 0.02 0.03222333333333333
54 0.4614433333333333 0.7253333333333334 0.02 0.03222333333333333
54 0.5214433333333333 0.636 0.02 0.03222333333333333
54 0.54811 0.7253333333333334 0.02 0.03222333333333333
54 0.6087766666666666 0.6373333333333333 0.02 0.03222333333333333
54 0.63411 0.7286666666666667 0.02 0.03222333333333333
54 0.6967766666666666 0.64 0.02 0.03222333333333333
54 0.7234433333333333 0.7286666666666667 0.02 0.03222333333333333
54 0.78411 0.644 0.02 0.03222333333333333
54 0.81011 0.7353333333333333 0.02 0.03222333333333333
54 0.8747766666666666 0.648 0.02 0.03222333333333333
54 0.9634433333333333 0.65 0.02 0.03222333333333333
54 0.90011 0.736 0.02 0.03222333333333333
0 0.23466666666666666 0.6272233333333334 0.02 0.03222333333333333
0 0.232 0.7625566666666667 0.02 0.03222333333333333
1 0.32 0.6285566666666667 0.02 0.03222333333333333
2 0.4053333333333333 0.6312233333333334 0.02 0.03222333333333333
3 0.4633333333333333 0.6325566666666667 0.02 0.03222333333333333
4 0.55 0.6338900000000001 0.02 0.03222333333333333
5 0.638 0.6372233333333334 0.02 0.03222333333333333
6 0.726 0.6392233333333334 0.02 0.03222333333333333
7 0.8146666666666667 0.6445566666666667 0.02 0.03222333333333333
8 0.9053333333333333 0.6458900000000001 0.02 0.03222333333333333
9 0.9273333333333333 0.7372233333333333 0.02 0.03222333333333333
8 0.8406666666666667 0.7352233333333333 0.02 0.03222333333333333
7 0.7506666666666667 0.7305566666666667 0.02 0.03222333333333333
6 0.6633333333333333 0.7285566666666667 0.02 0.03222333333333333
5 0.576 0.7252233333333333 0.02 0.03222333333333333
2 0.49 0.7252233333333333 0.02 0.03222333333333333
4 0.404 0.7212233333333333 0.02 0.03222333333333333
3 0.31866666666666665 0.7205566666666667 0.02 0.03222333333333333
52 0.2025 0.8972233333333334 0.020556666666666668 0.03333333333333333
1 0.23266666666666666 0.7165566666666667 0.02 0.03222333333333333
37 0.22916666666666666 0.8983333333333333 0.020556666666666668 0.03333333333333333
46 0.25861 0.8994433333333333 0.020556666666666668 0.03333333333333333
37 0.28583333333333333 0.9 0.020556666666666668 0.03333333333333333
53 0.31416666666666665 0.9005566666666667 0.020556666666666668 0.03333333333333333
41 0.3425 0.9011133333333334 0.020556666666666668 0.03333333333333333
37 0.37083333333333335 0.9016700000000001 0.020556666666666668 0.03333333333333333
53 0.4008333333333333 0.9033366666666668 0.020556666666666668 0.03333333333333333
46 0.4280566666666667 0.90278 0.020556666666666668 0.03333333333333333
61 0.48528 0.9066700000000001 0.020556666666666668 0.03333333333333333
61 0.48528 0.9066700000000001 0.020556666666666668 0.03333333333333333
37 0.54284 0.9085933333333334 0.020556666666666668 0.03333333333333333
52 0.51477 0.9081866666666667 0.020556666666666668 0.03333333333333333
46 0.57236 0.9079733333333334 0.020556666666666668 0.03333333333333333
37 0.6011366666666667 0.9097466666666666 0.020556666666666668 0.03333333333333333
37 0.3705833333333333 0.94738 0.020556666666666668 0.03333333333333333
61 0.2868866666666667 0.9427633333333333 0.020556666666666668 0.03333333333333333
50 0.20146 0.9427633333333333 0.020556666666666668 0.03333333333333333
52 0.25745 0.9427633333333333 0.020556666666666668 0.03333333333333333
59 0.31459333333333334 0.9444933333333333 0.020556666666666668 0.03333333333333333
60 0.34402999999999995 0.94507 0.020556666666666668 0.03333333333333333
61 0.2308966666666667 0.9439166666666666 0.020556666666666668 0.03333333333333333
50 0.4271466666666667 0.9485333333333333 0.020556666666666668 0.03333333333333333
37 0.45600999999999997 0.9485333333333333 0.020556666666666668 0.03333333333333333
65 0.48544666666666664 0.9485333333333333 0.020556666666666668 0.03333333333333333
55 0.51373 0.95084 0.020556666666666668 0.03333333333333333
37 0.6888733333333333 0.9108999999999999 0.020556666666666668 0.03333333333333333
59 0.6594366666666667 0.9097466666666666 0.020556666666666668 0.03333333333333333
48 0.7454400000000001 0.9120533333333333 0.020556666666666668 0.03333333333333333
53 0.7748766666666667 0.9126299999999999 0.020556666666666668 0.03333333333333333
65 0.8020066666666666 0.91436 0.020556666666666668 0.03333333333333333
55 0.8314433333333333 0.91436 0.020556666666666668 0.03333333333333333