46 0.07239999999999999 0.5054066666666667 0.06147 0.09681666666666666
37 0.14843666666666666 0.5040733333333334 0.06147 0.09681666666666666
41 0.3138533333333333 0.5014066666666667 0.06147 0.09681666666666666
53 0.22847666666666666 0.5014066666666667 0.06147 0.09681666666666666
37 0.39923000000000003 0.5000733333333334 0.06147 0.09681666666666666
53 0.4739333333333333 0.5000733333333334 0.06147 0.09681666666666666
46 0.55664 0.49874 0.06147 0.09681666666666666
52 0.06306333333333333 0.6320333333333333 0.06147 0.09681666666666666
61 0.14443666666666666 0.6333666666666666 0.06147 0.09681666666666666
59 0.22380999999999998 0.6366999999999999 0.06547333333333333 0.09548333333333332
60 0.30385 0.6353666666666666 0.06547333333333333 0.09548333333333332
37 0.39189333333333337 0.6326999999999999 0.06547333333333333 0.09548333333333332
50 0.55464 0.6340333333333333 0.06547333333333333 0.09548333333333332
37 0.64135 0.6326999999999999 0.06547333333333333 0.09548333333333332
65 0.7260599999999999 0.6380333333333333 0.06680666666666667 0.10614666666666667
61 0.7233933333333333 0.5020766666666667 0.06680666666666667 0.10614666666666667
52 0.8034333333333334 0.5020766666666667 0.06680666666666667 0.10614666666666667
37 0.88614 0.5020766666666667 0.06680666666666667 0.10614666666666667
46 0.9665966666666667 0.5047433333333333 0.06680666666666667 0.10614666666666667
55 0.8118533333333333 0.6406999999999999 0.06680666666666667 0.10614666666666667