60 0.28466796875 0.0595703125 0.05517578125 0.08447265625
43 0.22119140625 0.060546875 0.05517578125 0.07763671875
22 0.15771484375 0.061767578125 0.048828125 0.07763671875
40 0.09619140625 0.060791015625 0.05517578125 0.08447265625
60 0.349609375 0.060302734375 0.048828125 0.07763671875
43 0.416015625 0.05908203125 0.048828125 0.07763671875
58 0.48583984375 0.059814453125 0.048828125 0.07763671875
59 0.5517578125 0.061279296875 0.05224609375 0.07763671875
53 0.691162109375 0.063232421875 0.0615234375 0.07666015625
56 0.971923828125 0.0712890625 0.05517578125 0.078125
55 0.761474609375 0.06396484375 0.0615234375 0.07666015625
59 0.899658203125 0.0693359375 0.05517578125 0.078125
52 0.89306640625 0.296875 0.05078125 0.078125
37 0.08154296875 0.2724609375 0.05078125 0.078125
38 0.142333984375 0.2744140625 0.05078125 0.078125
39 0.205810546875 0.275634765625 0.05078125 0.078125
41 0.271240234375 0.27587890625 0.05078125 0.078125
43 0.336669921875 0.27783203125 0.05078125 0.078125
45 0.403076171875 0.279541015625 0.05078125 0.078125
46 0.472900390625 0.28076171875 0.05078125 0.078125
47 0.539794921875 0.281494140625 0.05078125 0.078125
49 0.682861328125 0.281494140625 0.05078125 0.078125
48 0.611572265625 0.28271484375 0.05078125 0.078125
50 0.74853515625 0.29052734375 0.05078125 0.078125
51 0.82275390625 0.294189453125 0.05078125 0.078125
62 0.070556640625 0.377685546875 0.04736328125 0.07666015625
63 0.135498046875 0.3779296875 0.04736328125 0.07666015625
64 0.197998046875 0.38134765625 0.04736328125 0.07666015625
53 0.9609375 0.299072265625 0.05078125 0.078125
65 0.264404296875 0.384521484375 0.05322265625 0.0751953125
66 0.330322265625 0.38720703125 0.05322265625 0.0751953125
40 0.46630859375 0.396484375 0.05322265625 0.0751953125
40 0.5341796875 0.396240234375 0.05322265625 0.0751953125
40 0.60205078125 0.397216796875 0.05322265625 0.0751953125
54 0.745849609375 0.4052734375 0.05322265625 0.0751953125
54 0.887451171875 0.41015625 0.05322265625 0.0751953125
40 0.0654296875 0.481201171875 0.04736328125 0.07666015625
63 0.129638671875 0.48681640625 0.056640625 0.07666015625
48 0.194580078125 0.48486328125 0.056640625 0.07666015625
60 0.258544921875 0.489013671875 0.056640625 0.07666015625
47 0.324462890625 0.4892578125 0.056640625 0.07666015625
59 0.46142578125 0.501708984375 0.056640625 0.07666015625
56 0.53076171875 0.501953125 0.056640625 0.07666015625
37 0.599609375 0.504150390625 0.056640625 0.07666015625
39 0.6689453125 0.50439453125 0.056640625 0.07666015625
43 0.7392578125 0.506591796875 0.056640625 0.07666015625
37 0.0556640625 0.587158203125 0.04736328125 0.07666015625
38 0.120849609375 0.591064453125 0.04736328125 0.07666015625
37 0.249755859375 0.59619140625 0.04736328125 0.07666015625
38 0.388916015625 0.60302734375 0.04736328125 0.07666015625
39 0.524658203125 0.609375 0.04736328125 0.07666015625
41 0.662841796875 0.6171875 0.04736328125 0.07666015625
43 0.798828125 0.62255859375 0.04736328125 0.07666015625
45 0.939453125 0.62890625 0.04736328125 0.07666015625
57 0.861083984375 0.7373046875 0.0556640625 0.07666015625
56 0.7265625 0.733154296875 0.0556640625 0.07666015625
55 0.582275390625 0.7265625 0.0556640625 0.07666015625
46 0.452392578125 0.719970703125 0.0556640625 0.07666015625
53 0.38037109375 0.7158203125 0.0556640625 0.07666015625
42 0.18212890625 0.705078125 0.0556640625 0.07666015625
44 0.2470703125 0.7060546875 0.0556640625 0.07666015625
53 0.052978515625 0.69482421875 0.0556640625 0.07666015625
65 0.050537109375 0.80029296875 0.0556640625 0.07666015625
66 0.179931640625 0.80908203125 0.0556640625 0.07666015625
40 0.05078125 0.899169921875 0.0556640625 0.07666015625
53 0.11474609375 0.901611328125 0.0556640625 0.07666015625
48 0.177490234375 0.90673828125 0.0556640625 0.07666015625
53 0.30712890625 0.919189453125 0.0556640625 0.07666015625
61 0.37353515625 0.91845703125 0.0556640625 0.07666015625
52 0.4423828125 0.924560546875 0.0556640625 0.07666015625
38 0.507080078125 0.928466796875 0.0556640625 0.07666015625
43 0.577392578125 0.9296875 0.0556640625 0.07666015625
58 0.642333984375 0.933837890625 0.0556640625 0.07666015625
59 0.711669921875 0.9375 0.0556640625 0.07666015625