37 0.0908203125 0.229736328125 0.04638671875 0.07568359375
38 0.15283203125 0.228759765625 0.04638671875 0.07568359375
39 0.2158203125 0.22216796875 0.04638671875 0.07568359375
41 0.28076171875 0.21826171875 0.04638671875 0.07568359375
43 0.345947265625 0.213623046875 0.04638671875 0.07568359375
45 0.413818359375 0.21044921875 0.04638671875 0.07568359375
46 0.484130859375 0.207763671875 0.04638671875 0.07568359375
47 0.552490234375 0.205078125 0.04638671875 0.07568359375
48 0.625732421875 0.201904296875 0.04638671875 0.07568359375
49 0.702392578125 0.200439453125 0.04638671875 0.07568359375
50 0.768798828125 0.201416015625 0.04638671875 0.07568359375
51 0.839111328125 0.19677734375 0.04638671875 0.07568359375
52 0.91552734375 0.193359375 0.04638671875 0.07568359375
62 0.08935546875 0.341064453125 0.04638671875 0.07568359375
63 0.15283203125 0.338623046875 0.04638671875 0.07568359375
64 0.21630859375 0.333984375 0.04638671875 0.07568359375
65 0.28271484375 0.331298828125 0.04638671875 0.07568359375
66 0.35107421875 0.328369140625 0.04638671875 0.07568359375
40 0.4912109375 0.327880859375 0.04638671875 0.07568359375
40 0.55810546875 0.32666015625 0.04638671875 0.07568359375
40 0.629150390625 0.322021484375 0.04638671875 0.07568359375
54 0.774169921875 0.3193359375 0.04638671875 0.07568359375
54 0.919189453125 0.3134765625 0.04638671875 0.07568359375
40 0.09814453125 0.443115234375 0.04638671875 0.07568359375
33 0.158203125 0.43994140625 0.04638671875 0.07568359375
48 0.219482421875 0.4375 0.04638671875 0.07568359375
60 0.287841796875 0.437744140625 0.04638671875 0.07568359375
47 0.351318359375 0.436767578125 0.04638671875 0.07568359375
59 0.489501953125 0.436279296875 0.04638671875 0.07568359375
56 0.557861328125 0.4296875 0.04638671875 0.07568359375
37 0.624755859375 0.430419921875 0.04638671875 0.07568359375
39 0.702880859375 0.428955078125 0.04638671875 0.07568359375
43 0.774658203125 0.4228515625 0.04638671875 0.07568359375
37 0.101806640625 0.5478515625 0.04638671875 0.07568359375
38 0.163330078125 0.54833984375 0.04638671875 0.07568359375
37 0.291748046875 0.544677734375 0.04638671875 0.07568359375
38 0.423095703125 0.5439453125 0.04638671875 0.07568359375
39 0.561767578125 0.54296875 0.04638671875 0.07568359375
41 0.701416015625 0.54248046875 0.04638671875 0.07568359375
43 0.844970703125 0.539794921875 0.04638671875 0.07568359375
53 0.103759765625 0.65576171875 0.04638671875 0.07568359375
42 0.230224609375 0.653564453125 0.04638671875 0.07568359375
44 0.295166015625 0.652587890625 0.04638671875 0.07568359375
53 0.427001953125 0.652099609375 0.04638671875 0.07568359375
46 0.495361328125 0.65087890625 0.04638671875 0.07568359375
55 0.630126953125 0.655517578125 0.04638671875 0.07568359375
56 0.771728515625 0.654541015625 0.04638671875 0.07568359375
57 0.916748046875 0.65673828125 0.04638671875 0.07568359375
65 0.11376953125 0.75927734375 0.04638671875 0.07568359375
66 0.2333984375 0.753662109375 0.04638671875 0.07568359375
40 0.12353515625 0.845947265625 0.04638671875 0.07568359375
24 0.181640625 0.844970703125 0.04638671875 0.07568359375
48 0.241943359375 0.846923828125 0.04638671875 0.07568359375
53 0.37060546875 0.858154296875 0.04638671875 0.0791015625
61 0.431884765625 0.855224609375 0.04638671875 0.0791015625
52 0.4990234375 0.859375 0.04638671875 0.0791015625
38 0.5654296875 0.861328125 0.04638671875 0.0791015625
58 0.7021484375 0.8623046875 0.04638671875 0.0791015625
43 0.6337890625 0.860107421875 0.04638671875 0.0791015625
59 0.77197265625 0.864501953125 0.04638671875 0.0791015625