54 0.1689453125 0.20849609375 0.03955078125 0.06982421875
54 0.35498046875 0.2119140625 0.03857421875 0.0703125
54 0.54443359375 0.21142578125 0.033203125 0.0673828125
54 0.728515625 0.2109375 0.03955078125 0.06591796875
54 0.91357421875 0.21435546875 0.037109375 0.06396484375
5 0.22705078125 0.20751953125 0.041015625 0.06494140625
6 0.4169921875 0.2109375 0.03759765625 0.06982421875
7 0.6044921875 0.21044921875 0.0380859375 0.06640625
8 0.78955078125 0.2109375 0.03564453125 0.0654296875
9 0.97509765625 0.21240234375 0.03955078125 0.0625
61 0.0537109375 0.60302734375 0.04248046875 0.0634765625
52 0.11279296875 0.60400390625 0.03857421875 0.06396484375
37 0.17431640625 0.60595703125 0.03955078125 0.0673828125
46 0.236328125 0.60546875 0.0390625 0.06689453125
37 0.294921875 0.603515625 0.03466796875 0.06396484375
59 0.41796875 0.603515625 0.0390625 0.06396484375
37 0.478515625 0.60400390625 0.03857421875 0.0625
48 0.59912109375 0.6044921875 0.0390625 0.05908203125
53 0.65966796875 0.60400390625 0.03759765625 0.06201171875
65 0.71875 0.60595703125 0.03955078125 0.06494140625
55 0.77978515625 0.6044921875 0.03759765625 0.06103515625
65 0.05810546875 0.6982421875 0.0419921875 0.06494140625
55 0.1181640625 0.69873046875 0.041015625 0.0634765625