40 0.220703125 0.173095703125 0.02294921875 0.03564453125
51 0.25341796875 0.17529296875 0.0283203125 0.03564453125
43 0.2861328125 0.173583984375 0.02392578125 0.03564453125
30 0.318359375 0.17724609375 0.0224609375 0.04150390625
30 0.3515625 0.17626953125 0.02197265625 0.0380859375
14 0.3837890625 0.176025390625 0.02197265625 0.0390625
28 0.41796875 0.17724609375 0.021484375 0.0400390625
29 0.45166015625 0.177490234375 0.02099609375 0.03955078125
53 0.515625 0.1806640625 0.0205078125 0.03955078125
55 0.54931640625 0.180419921875 0.0205078125 0.03662109375
59 0.615234375 0.181396484375 0.021484375 0.03662109375
56 0.64794921875 0.181396484375 0.02197265625 0.037109375
37 0.68310546875 0.1826171875 0.0244140625 0.03857421875
39 0.7158203125 0.183349609375 0.02001953125 0.03759765625
43 0.748046875 0.18359375 0.02197265625 0.03955078125
37 0.22509765625 0.283935546875 0.02001953125 0.03662109375
38 0.2578125 0.28271484375 0.02197265625 0.0341796875
39 0.2900390625 0.282958984375 0.02001953125 0.033203125
41 0.322265625 0.283203125 0.0205078125 0.03515625
43 0.3525390625 0.283203125 0.0205078125 0.0341796875
45 0.38525390625 0.284912109375 0.02099609375 0.037109375
46 0.41796875 0.28662109375 0.021484375 0.0341796875
47 0.44970703125 0.288818359375 0.0205078125 0.0361328125
48 0.482421875 0.289306640625 0.01953125 0.03564453125
49 0.51416015625 0.2890625 0.0185546875 0.0361328125
50 0.548828125 0.290771484375 0.02294921875 0.03759765625
51 0.580078125 0.291015625 0.02392578125 0.037109375
52 0.61083984375 0.291748046875 0.0234375 0.03564453125
53 0.64208984375 0.292236328125 0.0205078125 0.03515625
42 0.70654296875 0.293701171875 0.0234375 0.03662109375
44 0.73876953125 0.29443359375 0.02197265625 0.03515625
53 0.80419921875 0.296630859375 0.01953125 0.0390625
46 0.83740234375 0.29638671875 0.01806640625 0.03662109375
62 0.2275390625 0.334716796875 0.02392578125 0.033203125
63 0.259765625 0.33642578125 0.02099609375 0.0361328125
64 0.2919921875 0.336669921875 0.02197265625 0.0361328125
65 0.32373046875 0.3369140625 0.02099609375 0.03564453125
66 0.3544921875 0.3388671875 0.02099609375 0.03515625
40 0.41845703125 0.33935546875 0.0224609375 0.0341796875
40 0.4501953125 0.341552734375 0.0205078125 0.03515625
40 0.482421875 0.341064453125 0.01806640625 0.0341796875
54 0.5439453125 0.343505859375 0.01953125 0.03271484375
54 0.60791015625 0.3447265625 0.02099609375 0.03466796875
54 0.67138671875 0.345703125 0.02099609375 0.03271484375
40 0.22998046875 0.386474609375 0.0224609375 0.0341796875
63 0.263671875 0.3876953125 0.0205078125 0.03662109375
19 0.29345703125 0.387939453125 0.01953125 0.03662109375
30 0.3251953125 0.38818359375 0.01953125 0.037109375
18 0.3564453125 0.38818359375 0.021484375 0.03564453125
59 0.4189453125 0.3896484375 0.01953125 0.03466796875
56 0.4501953125 0.389892578125 0.02001953125 0.033203125
37 0.48291015625 0.39111328125 0.0205078125 0.03271484375
39 0.51318359375 0.390625 0.0185546875 0.03369140625
43 0.5439453125 0.391357421875 0.01953125 0.03369140625
37 0.3271484375 0.4365234375 0.021484375 0.03369140625
38 0.390625 0.436767578125 0.02294921875 0.03369140625
39 0.4501953125 0.438720703125 0.021484375 0.033203125
41 0.51123046875 0.44189453125 0.0185546875 0.03564453125
43 0.572265625 0.44287109375 0.0205078125 0.037109375
45 0.634765625 0.443603515625 0.01953125 0.0341796875
46 0.697265625 0.444580078125 0.01953125 0.03515625
47 0.75927734375 0.44580078125 0.017578125 0.0341796875
48 0.82275390625 0.4482421875 0.02001953125 0.03173828125
53 0.2373046875 0.484375 0.02197265625 0.03271484375
42 0.296875 0.484130859375 0.02294921875 0.0322265625
44 0.328125 0.48388671875 0.0205078125 0.03125
53 0.38916015625 0.485107421875 0.02099609375 0.0341796875
46 0.41943359375 0.48583984375 0.02099609375 0.03271484375
55 0.47998046875 0.488525390625 0.02099609375 0.03271484375
56 0.5400390625 0.489501953125 0.0185546875 0.03271484375
57 0.599609375 0.49169921875 0.02197265625 0.03662109375
58 0.66162109375 0.4921875 0.0205078125 0.03369140625
59 0.724609375 0.494384765625 0.02099609375 0.0322265625
60 0.78662109375 0.497314453125 0.02197265625 0.03466796875
61 0.84912109375 0.49853515625 0.0205078125 0.03271484375
65 0.2392578125 0.5302734375 0.02392578125 0.03125
66 0.2998046875 0.530029296875 0.0234375 0.03125
40 0.24365234375 0.572265625 0.0205078125 0.03076171875
53 0.2724609375 0.57373046875 0.02001953125 0.0322265625
48 0.302734375 0.573974609375 0.01953125 0.03076171875
53 0.36181640625 0.574462890625 0.01904296875 0.033203125
61 0.390625 0.574951171875 0.01953125 0.03125
52 0.4189453125 0.57568359375 0.01953125 0.03173828125
38 0.44970703125 0.576904296875 0.01953125 0.03173828125
43 0.4794921875 0.576416015625 0.017578125 0.03125
58 0.5087890625 0.57763671875 0.01953125 0.0322265625
59 0.53759765625 0.579833984375 0.01953125 0.03369140625
54 0.2470703125 0.6611328125 0.0185546875 0.0302734375
54 0.3330078125 0.6640625 0.01708984375 0.029296875
54 0.42041015625 0.66748046875 0.0166015625 0.03125
54 0.47802734375 0.670166015625 0.01708984375 0.03125
54 0.56494140625 0.673583984375 0.0166015625 0.03076171875
54 0.65380859375 0.67724609375 0.01806640625 0.03125
54 0.744140625 0.681640625 0.01806640625 0.029296875
54 0.8330078125 0.68408203125 0.01953125 0.03125
54 0.24560546875 0.7529296875 0.01806640625 0.03076171875
54 0.33154296875 0.7568359375 0.01904296875 0.03076171875
54 0.4169921875 0.75927734375 0.01953125 0.03125
54 0.5048828125 0.76220703125 0.01708984375 0.03076171875
54 0.59228515625 0.765625 0.01708984375 0.0302734375
54 0.6796875 0.76953125 0.017578125 0.03125
54 0.77001953125 0.77294921875 0.017578125 0.03125
54 0.24560546875 0.798828125 0.01904296875 0.03125
54 0.921875 0.68798828125 0.0205078125 0.0302734375
54 0.85888671875 0.7744140625 0.0166015625 0.0302734375
54 0.94677734375 0.778076171875 0.01953125 0.0322265625
0 0.2763671875 0.660400390625 0.01904296875 0.029296875
1 0.36181640625 0.664306640625 0.01953125 0.029296875
2 0.44921875 0.667236328125 0.01904296875 0.03173828125
3 0.5068359375 0.6708984375 0.01904296875 0.03173828125
4 0.59423828125 0.673828125 0.01953125 0.0322265625
5 0.68310546875 0.677734375 0.01904296875 0.0322265625
6 0.7734375 0.68115234375 0.02099609375 0.033203125
7 0.8642578125 0.685791015625 0.0205078125 0.033203125
8 0.9541015625 0.689697265625 0.0224609375 0.03173828125
1 0.27392578125 0.752197265625 0.01953125 0.029296875
2 0.36083984375 0.756591796875 0.01904296875 0.0322265625
4 0.4482421875 0.760009765625 0.01953125 0.03173828125
2 0.53564453125 0.762939453125 0.0205078125 0.03125
5 0.62158203125 0.764892578125 0.02197265625 0.033203125
6 0.71044921875 0.769287109375 0.0205078125 0.0322265625
7 0.798828125 0.772216796875 0.0205078125 0.03369140625
8 0.888671875 0.775634765625 0.01953125 0.033203125
9 0.9775390625 0.779541015625 0.01708984375 0.0302734375
0 0.27294921875 0.799560546875 0.0166015625 0.029296875
55 0.90234375 0.29833984375 0.02294921875 0.0390625
56 0.9345703125 0.29833984375 0.02392578125 0.0390625
57 0.96875 0.299560546875 0.02392578125 0.0380859375
37 0.2314453125 0.4345703125 0.01953125 0.03564453125
38 0.2646484375 0.4345703125 0.0205078125 0.03564453125
49 0.88623046875 0.449951171875 0.0224609375 0.03466796875
50 0.94921875 0.451416015625 0.021484375 0.03662109375
62 0.91162109375 0.50048828125 0.021484375 0.03466796875
63 0.9755859375 0.504638671875 0.0205078125 0.03466796875
52 0.2431640625 0.9345703125 0.01904296875 0.03173828125
37 0.27099609375 0.93505859375 0.01904296875 0.03173828125
46 0.2998046875 0.935791015625 0.01904296875 0.03173828125
37 0.328125 0.9365234375 0.01904296875 0.03173828125
53 0.357421875 0.938720703125 0.01904296875 0.03173828125
41 0.38525390625 0.940185546875 0.01904296875 0.03173828125
37 0.41455078125 0.94091796875 0.01904296875 0.03173828125
53 0.443359375 0.941650390625 0.01904296875 0.03173828125
46 0.4716796875 0.943603515625 0.01904296875 0.03173828125
61 0.52978515625 0.945068359375 0.01904296875 0.03173828125
52 0.55810546875 0.946533203125 0.01904296875 0.03173828125
37 0.5869140625 0.947265625 0.01904296875 0.03173828125
46 0.61669921875 0.949462890625 0.01904296875 0.03173828125
37 0.64599609375 0.948486328125 0.01904296875 0.03173828125
59 0.70361328125 0.951416015625 0.01904296875 0.03173828125
37 0.7333984375 0.951904296875 0.01904296875 0.03173828125
50 0.24267578125 0.97900390625 0.01904296875 0.03173828125
61 0.27099609375 0.97998046875 0.01904296875 0.03173828125
52 0.29931640625 0.981689453125 0.01904296875 0.03173828125
61 0.328125 0.98193359375 0.01904296875 0.03173828125
59 0.357421875 0.983154296875 0.01904296875 0.03173828125
60 0.3857421875 0.983642578125 0.01904296875 0.03173828125
37 0.4140625 0.984619140625 0.01904296875 0.03076171875
50 0.47119140625 0.9853515625 0.01904296875 0.029296875
37 0.4990234375 0.9853515625 0.01904296875 0.029296875
65 0.5283203125 0.9873046875 0.01904296875 0.025390625
55 0.556640625 0.987548828125 0.01904296875 0.02490234375
48 0.791015625 0.953857421875 0.01904296875 0.03173828125
53 0.81982421875 0.9541015625 0.01904296875 0.03173828125
65 0.84814453125 0.955078125 0.01904296875 0.03173828125
55 0.87646484375 0.955810546875 0.01904296875 0.03173828125