45 0.08740234375 0.20654296875 0.0498046875 0.07763671875
46 0.15380859375 0.205078125 0.0498046875 0.07666015625
47 0.2265625 0.20556640625 0.04638671875 0.07763671875
48 0.29443359375 0.20654296875 0.04638671875 0.0751953125
49 0.3642578125 0.20703125 0.05078125 0.07861328125
50 0.43603515625 0.208984375 0.0517578125 0.0751953125
51 0.50830078125 0.21044921875 0.0498046875 0.07861328125
52 0.57275390625 0.21142578125 0.04736328125 0.07861328125
53 0.64013671875 0.21142578125 0.04638671875 0.07861328125
42 0.77392578125 0.21728515625 0.0498046875 0.07421875
44 0.83544921875 0.21826171875 0.04443359375 0.07177734375
53 0.96337890625 0.224609375 0.04638671875 0.0751953125
66 0.02490234375 0.3173828125 0.0498046875 0.07177734375
40 0.15869140625 0.31787109375 0.05322265625 0.06884765625
40 0.23681640625 0.31982421875 0.04638671875 0.0751953125
40 0.2998046875 0.32080078125 0.04443359375 0.06982421875
54 0.43701171875 0.32177734375 0.04541015625 0.07421875
54 0.5693359375 0.32421875 0.04736328125 0.0732421875
54 0.7001953125 0.32666015625 0.0419921875 0.07080078125
47 0.02880859375 0.42333984375 0.04638671875 0.0751953125
59 0.16552734375 0.4228515625 0.048828125 0.07177734375
56 0.23046875 0.42333984375 0.04296875 0.0751953125
37 0.2998046875 0.421875 0.0419921875 0.07421875
39 0.36669921875 0.42333984375 0.04638671875 0.07080078125
43 0.43505859375 0.42041015625 0.04541015625 0.0673828125
38 0.10546875 0.52880859375 0.048828125 0.06884765625
39 0.23486328125 0.5244140625 0.04541015625 0.06640625
41 0.37109375 0.52880859375 0.04638671875 0.0732421875
43 0.49853515625 0.52783203125 0.04296875 0.07080078125
45 0.6279296875 0.529296875 0.04638671875 0.07177734375
46 0.75390625 0.52880859375 0.04541015625 0.06884765625
47 0.87841796875 0.53125 0.03857421875 0.07080078125
53 0.111328125 0.63134765625 0.05078125 0.07080078125
46 0.177734375 0.63037109375 0.04638671875 0.07177734375
55 0.306640625 0.62939453125 0.04638671875 0.07177734375
56 0.43701171875 0.6259765625 0.04736328125 0.06982421875
57 0.560546875 0.62890625 0.04541015625 0.06640625
58 0.68701171875 0.6259765625 0.04296875 0.0673828125
59 0.81298828125 0.6318359375 0.04541015625 0.06982421875
60 0.931640625 0.63134765625 0.04541015625 0.06396484375
53 0.06201171875 0.81591796875 0.048828125 0.0654296875
61 0.1279296875 0.81298828125 0.048828125 0.06298828125
52 0.1884765625 0.81298828125 0.04541015625 0.06103515625
38 0.24951171875 0.81396484375 0.04296875 0.06103515625
43 0.310546875 0.81494140625 0.04296875 0.06103515625
58 0.375 0.81396484375 0.041015625 0.0654296875
59 0.4365234375 0.8115234375 0.0419921875 0.05859375