54 0.16889 0.20833333333333334 0.04 0.07
54 0.355 0.21194333333333334 0.03889 0.07055666666666666
54 0.5444433333333333 0.21166666666666667 0.03333333333333333 0.06777666666666667
54 0.7283333333333334 0.21083333333333334 0.04 0.06611
54 0.9136099999999999 0.21444333333333335 0.03722333333333333 0.06444333333333334
5 0.22722333333333333 0.2075 0.04111 0.065
6 0.41722333333333333 0.21111000000000002 0.03777666666666667 0.07
7 0.6047233333333334 0.21055666666666664 0.03833333333333333 0.06666666666666667
8 0.7897233333333333 0.21111000000000002 0.036109999999999996 0.06555666666666667
9 0.975 0.2125 0.04 0.06277666666666668
61 0.053610000000000005 0.6030566666666667 0.04277666666666667 0.06389
52 0.11277666666666666 0.60389 0.03889 0.06444333333333334
37 0.17444333333333334 0.6061099999999999 0.04 0.06777666666666667
46 0.23639 0.6052766666666667 0.03944333333333333 0.06722333333333333
37 0.29472333333333334 0.6033333333333334 0.035 0.06444333333333334
59 0.4180566666666667 0.6033333333333334 0.03944333333333333 0.06444333333333334
37 0.47833333333333333 0.6041666666666666 0.03889 0.06277666666666668
48 0.5991666666666666 0.6047233333333334 0.03944333333333333 0.059443333333333334
53 0.6594433333333333 0.60389 0.03777666666666667 0.06222333333333333
65 0.71889 0.6058333333333333 0.04 0.065
55 0.78 0.6044433333333333 0.03777666666666667 0.061110000000000005
65 0.058333333333333334 0.6980566666666667 0.042223333333333335 0.065
55 0.11833333333333333 0.69861 0.04111 0.06389