60 0.03497 0.14501 0.03785666666666666 0.07443
43 0.10394666666666666 0.14019666666666666 0.04234666666666667 0.07379000000000001
58 0.17292333333333332 0.14116 0.04427333333333333 0.07571333333333333
59 0.24478666666666668 0.14019666666666666 0.04299 0.07507333333333334
53 0.38723 0.13666999999999999 0.04299 0.07828
55 0.4597333333333333 0.13634666666666667 0.04555666666666666 0.07763666666666666
59 0.6079533333333333 0.13506666666666667 0.04555666666666666 0.07379000000000001
56 0.6794966666666666 0.13410333333333332 0.04234666666666667 0.07571333333333333
37 0.7542466666666666 0.13314 0.04684000000000001 0.07635666666666667
39 0.82996 0.13410333333333332 0.04555666666666666 0.07186333333333333
43 0.90054 0.13666999999999999 0.04170666666666667 0.07058
43 0.04523666666666667 0.37215000000000004 0.04042333333333333 0.06929666666666666
45 0.11293 0.37279333333333337 0.043629999999999995 0.06929666666666666
46 0.18286666666666668 0.37279333333333337 0.04234666666666667 0.07314666666666667
47 0.2518433333333333 0.37151 0.04427333333333333 0.07186333333333333
48 0.3221033333333333 0.3705466666666667 0.041063333333333334 0.06994
49 0.39557000000000003 0.3747166666666667 0.04042333333333333 0.07828
50 0.46358333333333335 0.3747166666666667 0.04299 0.07571333333333333
51 0.5338433333333333 0.37407666666666667 0.03721666666666667 0.07186333333333333
52 0.60314 0.37535999999999997 0.04491333333333334 0.07443
53 0.6740433333333333 0.3747166666666667 0.04299 0.07058
42 0.8164866666666667 0.37503666666666663 0.04684000000000001 0.07379000000000001
44 0.8896333333333334 0.376 0.04170666666666667 0.07443
66 0.05389666666666667 0.48732333333333333 0.04619666666666667 0.06994
40 0.18992666666666666 0.48828666666666665 0.04748 0.06929666666666666
40 0.2566566666666667 0.48700333333333334 0.04619666666666667 0.06673
40 0.32531 0.48957 0.05133 0.06287999999999999
54 0.4642266666666667 0.48828666666666665 0.04042333333333333 0.06929666666666666
54 0.6012166666666667 0.48732333333333333 0.043629999999999995 0.07122333333333333
54 0.7404499999999999 0.49213666666666667 0.04491333333333334 0.06801333333333333
47 0.060956666666666666 0.5922333333333334 0.03978 0.07058
59 0.19505666666666666 0.5903066666666666 0.043629999999999995 0.06673
56 0.25954333333333335 0.58774 0.04427333333333333 0.06801333333333333
37 0.3272366666666667 0.5871 0.043629999999999995 0.06416333333333334
39 0.3981366666666667 0.5871 0.03914 0.06416333333333334
43 0.46486666666666665 0.5858166666666667 0.04042333333333333 0.06159666666666666
38 0.13346 0.68944 0.0385 0.059673333333333335
39 0.26403333333333334 0.6871966666666667 0.04427333333333333 0.05774666666666667
41 0.39749666666666666 0.6907233333333334 0.04042333333333333 0.06352333333333333
43 0.52903 0.69329 0.04427333333333333 0.06480666666666667
45 0.66602 0.69682 0.04234666666666667 0.06673
46 0.8004433333333333 0.6987433333333334 0.04427333333333333 0.06287999999999999
47 0.9374333333333333 0.7009899999999999 0.03978 0.06994
53 0.01862 0.7876133333333334 0.03724 0.05839
53 0.14311 0.79018 0.0385 0.06352333333333333
46 0.20599333333333333 0.7898566666666668 0.03593333333333333 0.06287999999999999
55 0.33432 0.7933866666666666 0.041063333333333334 0.06352333333333333
56 0.46457333333333334 0.7940266666666667 0.041063333333333334 0.06609000000000001
57 0.5954666666666667 0.79852 0.041063333333333334 0.06352333333333333
58 0.7289266666666667 0.79916 0.03978 0.06480666666666667
59 0.8614266666666668 0.8036533333333333 0.04427333333333333 0.06737333333333334
53 0.09528333333333334 0.96246 0.04299 0.05646333333333333
61 0.15944666666666665 0.9643833333333334 0.04812333333333334 0.06287999999999999
52 0.21687333333333333 0.9679133333333333 0.041063333333333334 0.05839
38 0.27477666666666667 0.9682399999999999 0.0385 0.06352333333333333