54 0.0439453125 0.22119140625 0.04296875 0.07763671875
54 0.25830078125 0.2138671875 0.04541015625 0.07421875
54 0.46044921875 0.2138671875 0.04541015625 0.07421875
54 0.65966796875 0.216796875 0.04736328125 0.0732421875
6 0.10986328125 0.21728515625 0.0419921875 0.07177734375
7 0.3193359375 0.21435546875 0.04541015625 0.0751953125
8 0.52392578125 0.212890625 0.04296875 0.07421875
9 0.72705078125 0.2138671875 0.04541015625 0.06982421875
59 0.154296875 0.62255859375 0.03759765625 0.06103515625
37 0.21435546875 0.62255859375 0.03955078125 0.06103515625
48 0.34130859375 0.62109375 0.03759765625 0.06201171875
53 0.400390625 0.62109375 0.041015625 0.06396484375
65 0.46142578125 0.6201171875 0.04541015625 0.06396484375
55 0.521484375 0.61865234375 0.041015625 0.06201171875