53 0.12416666666666666 0.2725 0.045 0.075
46 0.18583333333333332 0.27416666666666667 0.045 0.075
55 0.3175 0.2758333333333333 0.045 0.075
56 0.3825 0.27416666666666667 0.045 0.075
57 0.44916666666666666 0.27416666666666667 0.045 0.075
58 0.5125 0.27416666666666667 0.045 0.075
59 0.5791666666666667 0.27416666666666667 0.045 0.075
60 0.6491666666666667 0.27416666666666667 0.045 0.075
61 0.7141666666666666 0.2758333333333333 0.045 0.075
47 0.050833333333333335 0.5858333333333333 0.045 0.075
48 0.1775 0.5891666666666666 0.045 0.075
49 0.3125 0.5891666666666666 0.045 0.075
50 0.44583333333333336 0.5908333333333333 0.045 0.075
51 0.5725 0.5925 0.045 0.075
52 0.7125 0.5941666666666666 0.045 0.075
60 0.11083333333333334 0.6958333333333333 0.045 0.075
61 0.24416666666666667 0.6975 0.045 0.075
62 0.37416666666666665 0.6975 0.045 0.075
63 0.5125 0.6991666666666667 0.045 0.075