40 0.14928666666666668 0.09881000000000001 0.01857 0.03
22 0.175 0.09833333333333333 0.01857 0.03
43 0.19928666666666667 0.09785666666666666 0.01857 0.03
60 0.22405 0.09642666666666666 0.01857 0.03
60 0.2497633333333333 0.09499666666666667 0.01857 0.03
43 0.27357333333333334 0.09261666666666668 0.01857 0.03
58 0.29833666666666664 0.09309333333333332 0.01857 0.03
59 0.32405 0.09166333333333333 0.01857 0.03
53 0.3759533333333333 0.09023333333333333 0.01857 0.03
55 0.40309666666666666 0.08975666666666667 0.01857 0.03
59 0.4559533333333333 0.08832666666666668 0.01857 0.03
56 0.4830966666666667 0.08737333333333333 0.01857 0.03
37 0.5097633333333333 0.08594333333333333 0.01857 0.03
39 0.5373833333333333 0.08356333333333334 0.01857 0.03
43 0.5635733333333334 0.08451666666666667 0.01857 0.03
37 0.14452333333333334 0.17976333333333333 0.017616666666666666 0.02809666666666667
38 0.16976 0.17976333333333333 0.017616666666666666 0.02809666666666667
39 0.19404666666666667 0.17881 0.017616666666666666 0.02809666666666667
41 0.21975999999999998 0.17737999999999998 0.017616666666666666 0.02809666666666667
43 0.24452333333333334 0.17690333333333336 0.017616666666666666 0.02809666666666667
45 0.2692866666666667 0.17547333333333331 0.017616666666666666 0.02809666666666667
46 0.295 0.17595 0.017616666666666666 0.02809666666666667
47 0.32119000000000003 0.17499666666666666 0.017616666666666666 0.02809666666666667
48 0.34785666666666665 0.17404333333333333 0.017616666666666666 0.02809666666666667
49 0.37357 0.17451999999999998 0.017616666666666666 0.02809666666666667
50 0.39976 0.17451999999999998 0.017616666666666666 0.02809666666666667
51 0.4264266666666667 0.17356666666666667 0.017616666666666666 0.02809666666666667
52 0.45309333333333335 0.17356666666666667 0.017616666666666666 0.02809666666666667
53 0.47975999999999996 0.17309 0.017616666666666666 0.02809666666666667
42 0.5349966666666667 0.17213666666666666 0.017616666666666666 0.02809666666666667
44 0.5626166666666667 0.17309 0.017616666666666666 0.02809666666666667
53 0.61738 0.17309 0.017616666666666666 0.02809666666666667
46 0.6454766666666667 0.17309 0.017616666666666666 0.02809666666666667
55 0.6997633333333333 0.17547 0.017616666666666666 0.02809666666666667
56 0.7269066666666666 0.17642333333333332 0.017616666666666666 0.02809666666666667
57 0.7559533333333334 0.17737666666666665 0.017616666666666666 0.02809666666666667
58 0.7826200000000001 0.17880666666666664 0.017616666666666666 0.02809666666666667
60 0.8373799999999999 0.18071333333333334 0.017616666666666666 0.02809666666666667
59 0.8111900000000001 0.18023666666666668 0.017616666666666666 0.02809666666666667
61 0.8640466666666666 0.18166666666666667 0.017616666666666666 0.02809666666666667
62 0.14119 0.2221433333333333 0.017616666666666666 0.02809666666666667
63 0.16547666666666666 0.22071333333333332 0.017616666666666666 0.02809666666666667
64 0.19024000000000002 0.2202366666666667 0.017616666666666666 0.02809666666666667
65 0.21547666666666665 0.2202366666666667 0.017616666666666666 0.02809666666666667
66 0.24071333333333333 0.2202366666666667 0.017616666666666666 0.02809666666666667
40 0.29357 0.2202366666666667 0.017616666666666666 0.02809666666666667
40 0.32023666666666667 0.21975999999999998 0.017616666666666666 0.02809666666666667
40 0.34595 0.22071333333333332 0.017616666666666666 0.02809666666666667
54 0.3992833333333333 0.21880999999999998 0.017616666666666666 0.02809666666666667
54 0.45214000000000004 0.21880999999999998 0.017616666666666666 0.02809666666666667
54 0.5069033333333334 0.22071333333333332 0.017616666666666666 0.02809666666666667
33 0.1630933333333333 0.26166666666666666 0.017616666666666666 0.02809666666666667
40 0.13738 0.26119000000000003 0.017616666666666666 0.02809666666666667
48 0.18833333333333332 0.25928 0.017616666666666666 0.02809666666666667
60 0.21261666666666668 0.25976 0.017616666666666666 0.02809666666666667
47 0.23928666666666668 0.25880666666666663 0.017616666666666666 0.02809666666666667
59 0.29119 0.25957 0.017616666666666666 0.02809666666666667
56 0.3175733333333333 0.25975666666666664 0.017616666666666666 0.02809666666666667
37 0.34319 0.25909666666666664 0.017616666666666666 0.02809666666666667
39 0.37138000000000004 0.25881 0.017616666666666666 0.02809666666666667
43 0.39719 0.2589033333333333 0.017616666666666666 0.02809666666666667
37 0.13452333333333333 0.30176333333333333 0.017616666666666666 0.02809666666666667
38 0.15909333333333334 0.3010966666666667 0.017616666666666666 0.02809666666666667
37 0.21052333333333334 0.2997633333333333 0.017616666666666666 0.02809666666666667
38 0.26242666666666664 0.3010966666666667 0.017616666666666666 0.02809666666666667
39 0.31738 0.30147666666666667 0.017616666666666666 0.02809666666666667
41 0.3704266666666667 0.3020466666666667 0.017616666666666666 0.02809666666666667
43 0.42318999999999996 0.30357 0.017616666666666666 0.02809666666666667
45 0.47728666666666664 0.30480666666666667 0.017616666666666666 0.02809666666666667
46 0.5316666666666666 0.30461666666666665 0.017616666666666666 0.02809666666666667
47 0.5865233333333333 0.30566333333333334 0.017616666666666666 0.02809666666666667
48 0.6418566666666666 0.3073766666666667 0.017616666666666666 0.02809666666666667
49 0.69757 0.30851999999999996 0.017616666666666666 0.02809666666666667
50 0.7517600000000001 0.3098533333333333 0.017616666666666666 0.02809666666666667
51 0.80576 0.31223333333333336 0.017616666666666666 0.02809666666666667
52 0.8624266666666668 0.31356666666666666 0.017616666666666666 0.02809666666666667
53 0.13242666666666666 0.3444233333333333 0.017616666666666666 0.02809666666666667
42 0.18366333333333335 0.34480333333333335 0.017616666666666666 0.02809666666666667
44 0.20861666666666667 0.34509 0.017616666666666666 0.02809666666666667
53 0.26271333333333335 0.34509 0.017616666666666666 0.02809666666666667
46 0.28880999999999996 0.34575666666666666 0.017616666666666666 0.02809666666666667
55 0.34109666666666666 0.3481366666666667 0.017616666666666666 0.02943
56 0.3949066666666667 0.34775666666666666 0.017616666666666666 0.02809666666666667
57 0.4492866666666666 0.34971 0.017616666666666666 0.028763333333333335
58 0.5032866666666667 0.3508066666666667 0.017616666666666666 0.02809666666666667
59 0.55719 0.35157 0.017616666666666666 0.02809666666666667
60 0.6120466666666667 0.35338 0.017616666666666666 0.02809666666666667
61 0.6673800000000001 0.3536666666666667 0.017616666666666666 0.02809666666666667
62 0.7225233333333334 0.35481 0.017616666666666666 0.02809666666666667
63 0.7794766666666666 0.3560466666666667 0.017616666666666666 0.02809666666666667
65 0.13014333333333333 0.3869033333333333 0.017616666666666666 0.02809666666666667
66 0.18137999999999999 0.3882366666666667 0.017616666666666666 0.02809666666666667
40 0.13071333333333332 0.4305233333333333 0.017616666666666666 0.02809666666666667
24 0.15471333333333334 0.42918999999999996 0.017616666666666666 0.02809666666666667
48 0.18004666666666666 0.4285233333333333 0.017616666666666666 0.02809666666666667
53 0.23404666666666665 0.4297566666666667 0.017616666666666666 0.02809666666666667
61 0.26071333333333335 0.431 0.017616666666666666 0.02809666666666667
52 0.28642666666666666 0.4315666666666667 0.017616666666666666 0.02809666666666667
38 0.31309333333333333 0.43109666666666663 0.017616666666666666 0.02809666666666667
43 0.33919 0.43023666666666666 0.017616666666666666 0.02809666666666667
58 0.36728666666666665 0.4334733333333334 0.017616666666666666 0.02809666666666667
59 0.39385666666666663 0.43357 0.017616666666666666 0.02809666666666667
54 0.12728333333333333 0.5154766666666667 0.017616666666666666 0.02809666666666667
54 0.12661666666666668 0.5994766666666667 0.017616666666666666 0.02809666666666667
54 0.12395 0.6421433333333334 0.017616666666666666 0.02809666666666667
54 0.20795 0.5161433333333334 0.017616666666666666 0.02809666666666667
54 0.20461666666666667 0.6021433333333334 0.017616666666666666 0.02809666666666667
54 0.2866166666666667 0.5194766666666667 0.017616666666666666 0.02809666666666667
54 0.28395 0.6041433333333334 0.017616666666666666 0.02809666666666667
54 0.3392833333333333 0.5201433333333334 0.017616666666666666 0.02809666666666667
54 0.3652833333333333 0.6054766666666667 0.017616666666666666 0.02809666666666667
54 0.4192833333333333 0.52281 0.017616666666666666 0.02809666666666667
54 0.44461666666666666 0.6074766666666667 0.017616666666666666 0.02809666666666667
54 0.4992833333333333 0.5254766666666667 0.017616666666666666 0.02809666666666667
54 0.5239499999999999 0.6101433333333334 0.017616666666666666 0.02809666666666667
54 0.5806166666666667 0.5274766666666667 0.017616666666666666 0.02809666666666667
54 0.6066166666666666 0.6114766666666667 0.017616666666666666 0.02809666666666667
54 0.6632833333333333 0.52881 0.017616666666666666 0.02809666666666667
54 0.6892833333333332 0.6154766666666667 0.017616666666666666 0.02809666666666667
54 0.7466166666666666 0.5314766666666667 0.017616666666666666 0.02809666666666667
54 0.7706166666666666 0.61681 0.017616666666666666 0.02809666666666667
54 0.8306166666666667 0.5341433333333333 0.017616666666666666 0.02809666666666667
0 0.15528333333333333 0.51481 0.017616666666666666 0.02809666666666667
1 0.23261666666666667 0.5154766666666667 0.017616666666666666 0.02809666666666667
2 0.31061666666666665 0.5174766666666667 0.017616666666666666 0.02809666666666667
3 0.36661666666666665 0.51881 0.017616666666666666 0.02809666666666667
4 0.44661666666666666 0.52081 0.017616666666666666 0.02809666666666667
5 0.5259499999999999 0.5241433333333334 0.017616666666666666 0.02809666666666667
6 0.6072833333333333 0.52681 0.017616666666666666 0.02809666666666667
7 0.6906166666666667 0.52881 0.017616666666666666 0.02809666666666667
8 0.7732833333333333 0.5301433333333333 0.017616666666666666 0.02809666666666667
9 0.8586166666666666 0.5314766666666667 0.017616666666666666 0.02809666666666667
1 0.15128333333333335 0.5981433333333334 0.017616666666666666 0.02809666666666667
0 0.15128333333333335 0.6421433333333334 0.017616666666666666 0.02809666666666667
3 0.23061666666666666 0.6021433333333334 0.017616666666666666 0.02809666666666667
4 0.31128333333333336 0.6021433333333334 0.017616666666666666 0.02809666666666667
2 0.38994999999999996 0.6048100000000001 0.017616666666666666 0.02809666666666667
5 0.4706166666666666 0.6061433333333334 0.017616666666666666 0.02809666666666667
6 0.5519499999999999 0.6081433333333334 0.017616666666666666 0.02809666666666667
7 0.6332833333333333 0.6114766666666667 0.017616666666666666 0.02809666666666667
8 0.7166166666666667 0.61481 0.017616666666666666 0.02809666666666667
9 0.8006166666666666 0.61681 0.017616666666666666 0.02809666666666667
52 0.11975999999999999 0.7713433333333334 0.022060000000000003 0.030319999999999996
37 0.14452333333333334 0.77093 0.017616666666666666 0.029763333333333336
46 0.17381 0.77159 0.017616666666666666 0.02809666666666667
37 0.20035666666666668 0.77093 0.017616666666666666 0.02809666666666667
53 0.22771333333333332 0.7734233333333334 0.017616666666666666 0.02809666666666667
41 0.25376 0.77288 0.017616666666666666 0.02809666666666667
37 0.27952333333333335 0.7725966666666667 0.017616666666666666 0.02809666666666667
53 0.30854666666666664 0.7742566666666667 0.017616666666666666 0.02809666666666667
46 0.3346433333333333 0.77409 0.017616666666666666 0.02809666666666667
61 0.38738000000000006 0.777 0.017616666666666666 0.02809666666666667
52 0.41326 0.7777333333333333 0.017616666666666666 0.02809666666666667
37 0.4428566666666666 0.7775966666666666 0.017616666666666666 0.02809666666666667
46 0.46881 0.77909 0.017616666666666666 0.02809666666666667
37 0.4945233333333333 0.77843 0.017616666666666666 0.02809666666666667
59 0.5488566666666667 0.7799033333333334 0.017616666666666666 0.02809666666666667
37 0.57619 0.7792633333333333 0.017616666666666666 0.02809666666666667
48 0.6318566666666666 0.7832100000000001 0.017616666666666666 0.02809666666666667
53 0.6577133333333334 0.78509 0.017616666666666666 0.02809666666666667
65 0.68431 0.78607 0.017616666666666666 0.02809666666666667
55 0.71193 0.78647 0.017616666666666666 0.02943
50 0.11592666666666666 0.81402 0.017616666666666666 0.02809666666666667
61 0.14488 0.8161666666666667 0.017616666666666666 0.02809666666666667
52 0.17226 0.8171766666666668 0.022060000000000003 0.030319999999999996
61 0.19738 0.817 0.017616666666666666 0.02809666666666667
59 0.22552333333333335 0.81907 0.017616666666666666 0.02809666666666667
60 0.25288 0.81838 0.017616666666666666 0.02809666666666667
37 0.27952333333333335 0.8175966666666666 0.017616666666666666 0.029763333333333336
50 0.33259333333333335 0.8198533333333333 0.017616666666666666 0.02809666666666667
37 0.36118999999999996 0.8200966666666667 0.017616666666666666 0.029763333333333336
65 0.38681000000000004 0.82107 0.017616666666666666 0.02809666666666667
55 0.41442999999999997 0.8223033333333333 0.017616666666666666 0.02943