52 0.072265625 0.126708984375 0.03759765625 0.0537109375
53 0.11669921875 0.126953125 0.03271484375 0.0546875
42 0.208984375 0.131103515625 0.03759765625 0.0546875
44 0.26123046875 0.130615234375 0.03759765625 0.05224609375
53 0.357421875 0.134765625 0.0361328125 0.05712890625
46 0.40673828125 0.135986328125 0.03076171875 0.06005859375
55 0.5048828125 0.140625 0.03759765625 0.0615234375
56 0.55224609375 0.13671875 0.03271484375 0.06005859375
57 0.60009765625 0.141357421875 0.03076171875 0.0615234375
58 0.64990234375 0.1396484375 0.0341796875 0.0615234375
59 0.69921875 0.1396484375 0.03759765625 0.05908203125
60 0.74658203125 0.144287109375 0.0361328125 0.0556640625
61 0.79541015625 0.143798828125 0.0341796875 0.0556640625
54 0.072021484375 0.207275390625 0.03173828125 0.05029296875
54 0.16552734375 0.2109375 0.03515625 0.0556640625
45 0.1201171875 0.361083984375 0.0361328125 0.06005859375
46 0.21142578125 0.362060546875 0.0341796875 0.0615234375
47 0.308837890625 0.36669921875 0.03173828125 0.0625
48 0.401611328125 0.371826171875 0.03759765625 0.0625
49 0.496826171875 0.37548828125 0.0341796875 0.064453125
50 0.593505859375 0.375244140625 0.0361328125 0.0556640625
51 0.691650390625 0.3720703125 0.03955078125 0.0537109375
52 0.783447265625 0.37451171875 0.03173828125 0.0546875
57 0.0751953125 0.43359375 0.0341796875 0.0537109375
58 0.1669921875 0.43701171875 0.03515625 0.0478515625
59 0.25927734375 0.443115234375 0.03271484375 0.05224609375
60 0.353515625 0.445556640625 0.03271484375 0.05908203125
61 0.44775390625 0.4482421875 0.0361328125 0.05908203125
62 0.54248046875 0.449951171875 0.03271484375 0.0615234375
63 0.636962890625 0.45361328125 0.03271484375 0.0556640625
54 0.0400390625 0.722412109375 0.02978515625 0.04833984375
54 0.171142578125 0.728759765625 0.03125 0.0498046875
54 0.304931640625 0.732421875 0.02685546875 0.04833984375
54 0.442626953125 0.7392578125 0.029296875 0.05029296875
54 0.581298828125 0.7431640625 0.0302734375 0.05029296875
54 0.71923828125 0.74853515625 0.0322265625 0.05029296875
54 0.08349609375 0.8603515625 0.03125 0.0478515625
54 0.2158203125 0.8671875 0.0263671875 0.04638671875
54 0.351318359375 0.873046875 0.0283203125 0.04833984375
54 0.486083984375 0.878173828125 0.0322265625 0.04736328125
54 0.622314453125 0.885009765625 0.03173828125 0.05029296875
4 0.08203125 0.72314453125 0.03076171875 0.0478515625
5 0.214111328125 0.728515625 0.03173828125 0.05029296875
6 0.350341796875 0.733642578125 0.03369140625 0.04931640625
7 0.488037109375 0.739013671875 0.02978515625 0.04736328125
8 0.625244140625 0.744873046875 0.03076171875 0.0517578125
9 0.76708984375 0.750244140625 0.02978515625 0.04736328125
5 0.1298828125 0.8603515625 0.03173828125 0.04638671875
6 0.25927734375 0.867919921875 0.029296875 0.04345703125
7 0.393310546875 0.872802734375 0.02978515625 0.046875
8 0.529052734375 0.87890625 0.029296875 0.05126953125
0 0.6669921875 0.88720703125 0.0302734375 0.04833984375