59 0.1044921875 0.37841796875 0.05859375 0.099609375
56 0.173828125 0.38134765625 0.05859375 0.099609375
37 0.24560546875 0.3798828125 0.05859375 0.099609375
39 0.3203125 0.38525390625 0.05859375 0.099609375
43 0.392578125 0.38916015625 0.05859375 0.099609375
51 0.04296875 0.60791015625 0.05859375 0.099609375
52 0.1123046875 0.6171875 0.05859375 0.099609375
53 0.181640625 0.6171875 0.05859375 0.099609375
42 0.31787109375 0.62255859375 0.05859375 0.099609375
44 0.39501953125 0.62255859375 0.05859375 0.099609375
54 0.115234375 0.72509765625 0.05859375 0.099609375
54 0.24853515625 0.73193359375 0.05859375 0.099609375
43 0.0576171875 0.935546875 0.05859375 0.099609375
45 0.18994140625 0.9384765625 0.05859375 0.099609375
46 0.3232421875 0.9462890625 0.05859375 0.099609375
47 0.46337890625 0.9501953125 0.05859375 0.099609375
48 0.60205078125 0.95458984375 0.05078125 0.09033203125
49 0.74462890625 0.95458984375 0.05078125 0.09033203125
53 0.5380859375 0.62060546875 0.05859375 0.09423828125
46 0.60888671875 0.62060546875 0.05859375 0.09423828125
55 0.75390625 0.62890625 0.05859375 0.09423828125
56 0.82861328125 0.62890625 0.05859375 0.09423828125
57 0.9033203125 0.62890625 0.05859375 0.09423828125
58 0.970703125 0.6328125 0.05859375 0.09423828125
50 0.88330078125 0.95458984375 0.05078125 0.09033203125