62 0.044921875 0.13818359375 0.06103515625 0.09423828125
63 0.13427734375 0.14111328125 0.06396484375 0.099609375
64 0.22265625 0.1416015625 0.05859375 0.10302734375
65 0.31103515625 0.14404296875 0.0576171875 0.0986328125
66 0.40185546875 0.14453125 0.06103515625 0.10205078125
40 0.576171875 0.15283203125 0.06298828125 0.0986328125
40 0.6650390625 0.154296875 0.06103515625 0.10205078125
40 0.75341796875 0.15576171875 0.0576171875 0.10400390625
54 0.92578125 0.17041015625 0.05517578125 0.091796875
40 0.05322265625 0.283203125 0.0595703125 0.0908203125
33 0.13818359375 0.28125 0.056640625 0.09326171875
48 0.22412109375 0.27978515625 0.05859375 0.09326171875
60 0.3115234375 0.28515625 0.0517578125 0.091796875
47 0.39892578125 0.28369140625 0.05517578125 0.091796875
59 0.57373046875 0.2919921875 0.06103515625 0.0908203125
56 0.65869140625 0.29443359375 0.0595703125 0.0908203125
37 0.74560546875 0.29443359375 0.05322265625 0.0888671875
39 0.830078125 0.296875 0.05078125 0.083984375
43 0.91455078125 0.298828125 0.04638671875 0.08203125
37 0.05908203125 0.4228515625 0.06201171875 0.08984375
38 0.14501953125 0.419921875 0.06103515625 0.0908203125
37 0.31591796875 0.421875 0.056640625 0.08740234375
38 0.48388671875 0.423828125 0.0517578125 0.08544921875
39 0.6484375 0.42626953125 0.0517578125 0.0810546875
41 0.81396484375 0.43505859375 0.0517578125 0.08544921875
43 0.97119140625 0.4384765625 0.048828125 0.0830078125
53 0.0654296875 0.54931640625 0.0576171875 0.08740234375
44 0.31591796875 0.5498046875 0.05859375 0.08203125
42 0.2333984375 0.5498046875 0.05517578125 0.083984375
53 0.4775390625 0.55224609375 0.048828125 0.08203125
46 0.55908203125 0.5517578125 0.05078125 0.0810546875
55 0.71533203125 0.56103515625 0.05078125 0.08203125
56 0.87255859375 0.5654296875 0.05859375 0.07958984375
65 0.0791015625 0.66943359375 0.0576171875 0.07861328125
66 0.2373046875 0.669921875 0.056640625 0.07763671875
40 0.091796875 0.77880859375 0.0517578125 0.0732421875
24 0.16162109375 0.779296875 0.056640625 0.07421875
19 0.23828125 0.779296875 0.0517578125 0.07666015625
53 0.39453125 0.77734375 0.05078125 0.07421875
61 0.46826171875 0.77783203125 0.0498046875 0.0751953125
52 0.54443359375 0.77734375 0.048828125 0.07666015625
38 0.62109375 0.7783203125 0.05078125 0.07666015625
43 0.69384765625 0.7822265625 0.04736328125 0.0732421875
58 0.76953125 0.78271484375 0.0498046875 0.07861328125
59 0.84130859375 0.78564453125 0.05078125 0.06884765625