54 0.03466796875 0.47412109375 0.03076171875 0.0498046875
54 0.1650390625 0.47265625 0.03173828125 0.0498046875
54 0.43115234375 0.47314453125 0.03076171875 0.05078125
54 0.564453125 0.47412109375 0.033203125 0.0498046875
54 0.6982421875 0.47265625 0.03173828125 0.0498046875
54 0.83447265625 0.474609375 0.033203125 0.05078125
54 0.74169921875 0.611328125 0.0341796875 0.048828125
54 0.609375 0.609375 0.02734375 0.04541015625
54 0.4775390625 0.6103515625 0.033203125 0.0498046875
54 0.34521484375 0.60986328125 0.0341796875 0.05517578125
54 0.21337890625 0.609375 0.03515625 0.0517578125
4 0.20849609375 0.47265625 0.03173828125 0.0517578125
5 0.34326171875 0.47265625 0.03076171875 0.0517578125
7 0.60888671875 0.4755859375 0.03076171875 0.05322265625
8 0.7421875 0.4755859375 0.03076171875 0.05078125
5 0.25732421875 0.609375 0.0341796875 0.0498046875
6 0.38818359375 0.60888671875 0.03173828125 0.05322265625
7 0.5205078125 0.609375 0.02978515625 0.0517578125
8 0.65185546875 0.609375 0.03173828125 0.0517578125
9 0.78515625 0.61328125 0.0341796875 0.048828125
3 0.078125 0.47412109375 0.03173828125 0.0517578125
54 0.29736328125 0.47412109375 0.03173828125 0.0498046875
6 0.47314453125 0.474609375 0.03076171875 0.05078125
9 0.8798828125 0.474609375 0.033203125 0.05078125
2 0.125 0.6103515625 0.03173828125 0.0517578125
54 0.08203125 0.61181640625 0.03076171875 0.0498046875
59 0.11572265625 0.328125 0.03076171875 0.05419921875
58 0.06982421875 0.326171875 0.03076171875 0.05419921875
43 0.0244140625 0.3271484375 0.03076171875 0.05419921875
41 0.0556640625 0.10498046875 0.03076171875 0.05419921875
43 0.1455078125 0.10400390625 0.03076171875 0.05419921875
45 0.23876953125 0.099609375 0.03076171875 0.05419921875
46 0.33203125 0.099609375 0.03076171875 0.05419921875
47 0.4267578125 0.1005859375 0.03076171875 0.05419921875
48 0.51904296875 0.099609375 0.03076171875 0.05419921875
49 0.61328125 0.1005859375 0.03076171875 0.05419921875
50 0.70458984375 0.099609375 0.03076171875 0.05419921875
51 0.80126953125 0.1015625 0.03076171875 0.05419921875
52 0.89208984375 0.1025390625 0.03076171875 0.05419921875
55 0.015625 0.1826171875 0.03076171875 0.05419921875
56 0.1044921875 0.1806640625 0.03076171875 0.05419921875
57 0.19775390625 0.181640625 0.03076171875 0.05419921875
58 0.28662109375 0.1806640625 0.03076171875 0.05419921875
59 0.37890625 0.17822265625 0.03076171875 0.05419921875
60 0.47314453125 0.17822265625 0.03076171875 0.05419921875
61 0.5654296875 0.17724609375 0.03076171875 0.05419921875
62 0.65771484375 0.1806640625 0.03076171875 0.05419921875
63 0.75244140625 0.1806640625 0.03076171875 0.05419921875