43 0.03 0.22944333333333336 0.05333333333333334 0.08555666666666667
45 0.18166666666666667 0.22111 0.05222333333333333 0.08444333333333334
46 0.34111 0.21666666666666667 0.04666666666666667 0.08222333333333333
47 0.49889 0.21777666666666667 0.048889999999999996 0.08666666666666667
48 0.6583333333333333 0.21333333333333335 0.05222333333333333 0.08666666666666667
49 0.815 0.21777666666666667 0.05222333333333333 0.08666666666666667
50 0.9677766666666666 0.21277666666666667 0.055556666666666664 0.08333333333333333
57 0.09889 0.34833333333333333 0.05111 0.08555666666666667
58 0.25889 0.3433333333333333 0.05333333333333334 0.08444333333333334
59 0.42111 0.3433333333333333 0.055556666666666664 0.09111
60 0.5794433333333333 0.33888999999999997 0.05889 0.08444333333333334
61 0.7394433333333333 0.3383333333333333 0.061110000000000005 0.08777666666666666
62 0.9005566666666667 0.33888999999999997 0.05889 0.08666666666666667
54 0.26055666666666666 0.8733333333333333 0.05222333333333333 0.08889000000000001
54 0.51111 0.8672233333333333 0.055556666666666664 0.09
54 0.76111 0.8633333333333333 0.05777666666666667 0.09555666666666668
5 0.3433333333333333 0.8694433333333333 0.05111 0.08555666666666667
6 0.5894433333333333 0.86389 0.056666666666666664 0.09
7 0.83889 0.8611099999999999 0.055556666666666664 0.09333333333333334