54 0.239013671875 0.18994140625 0.07568359375 0.0986328125
0 0.33447265625 0.18701171875 0.07568359375 0.0986328125
54 0.229736328125 0.4775390625 0.07568359375 0.0986328125
54 0.229248046875 0.62548828125 0.07568359375 0.0986328125
54 0.50732421875 0.48291015625 0.07568359375 0.0986328125
54 0.512451171875 0.1923828125 0.07568359375 0.0986328125
54 0.781982421875 0.20263671875 0.078125 0.10791015625
54 0.7880859375 0.48681640625 0.08203125 0.11181640625
54 0.955322265625 0.205078125 0.078125 0.10791015625
4 0.88232421875 0.48486328125 0.07275390625 0.10791015625
3 0.601806640625 0.48095703125 0.07275390625 0.10791015625
1 0.321533203125 0.474609375 0.07275390625 0.10791015625
1 0.608154296875 0.19384765625 0.07568359375 0.0986328125
2 0.869873046875 0.20068359375 0.07568359375 0.0986328125
0 0.323974609375 0.62109375 0.07275390625 0.10791015625