39 0.6689453125 0.10009765625 0.0341796875 0.056640625
43 0.72314453125 0.1015625 0.03369140625 0.05419921875
41 0.66552734375 0.1953125 0.03466796875 0.06396484375
43 0.7705078125 0.197265625 0.037109375 0.0634765625
45 0.87890625 0.19677734375 0.03662109375 0.0625
46 0.9833984375 0.1982421875 0.03076171875 0.0615234375
55 0.60986328125 0.27734375 0.03466796875 0.05712890625
56 0.712890625 0.2783203125 0.0390625 0.05810546875
57 0.8154296875 0.28125 0.03662109375 0.05810546875
58 0.9208984375 0.28271484375 0.03759765625 0.05859375
48 0.30126953125 0.10302734375 0.03515625 0.0625
60 0.353515625 0.10107421875 0.037109375 0.05908203125
47 0.404296875 0.10107421875 0.0361328125 0.05908203125
59 0.51123046875 0.10302734375 0.0361328125 0.05859375
56 0.56494140625 0.10302734375 0.03955078125 0.05908203125
37 0.6171875 0.1025390625 0.03515625 0.0576171875
37 0.35791015625 0.1923828125 0.04150390625 0.06494140625
38 0.45751953125 0.1943359375 0.03564453125 0.0625
39 0.5615234375 0.19384765625 0.03515625 0.06494140625
46 0.50732421875 0.27490234375 0.03515625 0.05224609375
53 0.45703125 0.2744140625 0.03515625 0.05224609375
44 0.359375 0.2734375 0.03515625 0.05224609375
53 0.4111328125 0.4287109375 0.0302734375 0.044921875
61 0.45849609375 0.42919921875 0.0302734375 0.044921875
52 0.50537109375 0.42919921875 0.03125 0.04833984375
38 0.55224609375 0.4287109375 0.0302734375 0.044921875
43 0.6025390625 0.4296875 0.0302734375 0.044921875
58 0.650390625 0.43212890625 0.0302734375 0.052734375
59 0.70166015625 0.4345703125 0.0341796875 0.0517578125
54 0.3671875 0.5732421875 0.03271484375 0.04736328125
54 0.501953125 0.58203125 0.0302734375 0.05078125
54 0.59619140625 0.5849609375 0.03076171875 0.05078125
54 0.74267578125 0.59521484375 0.033203125 0.052734375
54 0.89501953125 0.6005859375 0.03173828125 0.05517578125
54 0.93212890625 0.75390625 0.0361328125 0.052734375
54 0.7861328125 0.74560546875 0.03515625 0.04833984375
54 0.6396484375 0.73681640625 0.03173828125 0.05322265625
54 0.49609375 0.728515625 0.03173828125 0.05419921875
54 0.35888671875 0.71923828125 0.0302734375 0.04931640625
1 0.41015625 0.57421875 0.0283203125 0.04931640625
2 0.5458984375 0.5830078125 0.029296875 0.05078125
3 0.64453125 0.5859375 0.03173828125 0.046875
4 0.79150390625 0.59423828125 0.033203125 0.0517578125
5 0.94287109375 0.60107421875 0.03076171875 0.05419921875
3 0.40625 0.72216796875 0.03076171875 0.04833984375
4 0.546875 0.72900390625 0.033203125 0.0517578125
2 0.68798828125 0.73681640625 0.03271484375 0.052734375
5 0.83544921875 0.74462890625 0.0341796875 0.04833984375
6 0.982421875 0.751953125 0.03271484375 0.05029296875
33 0.2490234375 0.10546875 0.03515625 0.0625
40 0.19970703125 0.10498046875 0.03515625 0.0625
38 0.25390625 0.19287109375 0.03564453125 0.0625
37 0.20458984375 0.19287109375 0.04150390625 0.06494140625
42 0.30859375 0.27294921875 0.03515625 0.05224609375
53 0.2099609375 0.27099609375 0.03515625 0.05224609375
48 0.3173828125 0.4228515625 0.0302734375 0.044921875
24 0.2705078125 0.4248046875 0.0302734375 0.04833984375
40 0.22900390625 0.423828125 0.0302734375 0.04833984375
65 0.21875 0.349609375 0.0302734375 0.04833984375
66 0.31494140625 0.3515625 0.0341796875 0.05517578125
54 0.2314453125 0.568359375 0.03271484375 0.04736328125
0 0.27587890625 0.5693359375 0.0283203125 0.04931640625
54 0.22802734375 0.78369140625 0.03271484375 0.04736328125
0 0.27001953125 0.7841796875 0.0283203125 0.04931640625
54 0.22802734375 0.7119140625 0.03271484375 0.04736328125
1 0.27099609375 0.7109375 0.0283203125 0.04931640625