37 0.06982421875 0.1376953125 0.01904296875 0.03076171875
38 0.1015625 0.13720703125 0.01708984375 0.0283203125
39 0.134765625 0.1376953125 0.01708984375 0.02734375
41 0.1630859375 0.13720703125 0.0185546875 0.02685546875
43 0.19384765625 0.14013671875 0.0185546875 0.02734375
45 0.22607421875 0.138671875 0.01904296875 0.03125
46 0.25732421875 0.14111328125 0.021484375 0.03125
47 0.28857421875 0.14111328125 0.02001953125 0.0341796875
48 0.32177734375 0.14208984375 0.021484375 0.03271484375
49 0.349609375 0.142578125 0.0224609375 0.03271484375
50 0.3818359375 0.14404296875 0.02001953125 0.03125
51 0.41455078125 0.14306640625 0.021484375 0.03515625
52 0.44677734375 0.1435546875 0.021484375 0.03271484375
53 0.47607421875 0.14599609375 0.02001953125 0.03369140625
42 0.541015625 0.1455078125 0.0185546875 0.03125
44 0.5703125 0.146484375 0.02099609375 0.03564453125
53 0.6337890625 0.1484375 0.021484375 0.0341796875
46 0.666015625 0.1484375 0.01904296875 0.03369140625
55 0.72900390625 0.14990234375 0.021484375 0.0322265625
56 0.76171875 0.14990234375 0.02001953125 0.03369140625
57 0.7939453125 0.14990234375 0.01904296875 0.03515625
58 0.82421875 0.15087890625 0.02392578125 0.03564453125
59 0.85791015625 0.15087890625 0.0224609375 0.03271484375
60 0.890625 0.15185546875 0.02001953125 0.03125
61 0.9208984375 0.154296875 0.01904296875 0.03076171875
62 0.06787109375 0.18798828125 0.02099609375 0.03125
63 0.09912109375 0.1884765625 0.02099609375 0.029296875
64 0.130859375 0.1875 0.01806640625 0.03125
65 0.16015625 0.1884765625 0.01904296875 0.0322265625
66 0.19189453125 0.18994140625 0.017578125 0.03125
54 0.38134765625 0.19384765625 0.0185546875 0.0302734375
54 0.44384765625 0.193359375 0.0185546875 0.0302734375
54 0.50634765625 0.19677734375 0.0185546875 0.0302734375
40 0.25439453125 0.1904296875 0.0185546875 0.0302734375
40 0.2861328125 0.19091796875 0.0185546875 0.0302734375
40 0.3193359375 0.1923828125 0.0185546875 0.0302734375
40 0.064453125 0.234375 0.0185546875 0.0302734375
33 0.0966796875 0.2353515625 0.02001953125 0.0302734375
19 0.12646484375 0.23486328125 0.02001953125 0.02978515625
30 0.15771484375 0.23583984375 0.02197265625 0.03271484375
18 0.189453125 0.236328125 0.01953125 0.0322265625
59 0.25244140625 0.23828125 0.02001953125 0.03271484375
56 0.2841796875 0.23828125 0.02001953125 0.029296875
37 0.31396484375 0.23876953125 0.0205078125 0.02978515625
39 0.34765625 0.23779296875 0.017578125 0.02783203125
43 0.37841796875 0.23828125 0.017578125 0.02880859375
37 0.06005859375 0.2841796875 0.0166015625 0.0263671875
38 0.091796875 0.28173828125 0.02001953125 0.02734375
37 0.15380859375 0.28369140625 0.01904296875 0.02587890625
38 0.21826171875 0.28662109375 0.0205078125 0.03076171875
39 0.28125 0.2861328125 0.01953125 0.0283203125
41 0.3447265625 0.2890625 0.0185546875 0.029296875
43 0.40771484375 0.2890625 0.02001953125 0.02880859375
45 0.4716796875 0.2919921875 0.0185546875 0.033203125
46 0.53564453125 0.29296875 0.0185546875 0.029296875
47 0.59912109375 0.29345703125 0.017578125 0.02880859375
48 0.66455078125 0.294921875 0.02001953125 0.03125
49 0.72900390625 0.2978515625 0.01806640625 0.03369140625
50 0.7939453125 0.29931640625 0.02001953125 0.03076171875
51 0.85791015625 0.30078125 0.02197265625 0.0341796875
52 0.92236328125 0.302734375 0.02490234375 0.03466796875
63 0.826171875 0.35302734375 0.02001953125 0.03076171875
62 0.75927734375 0.35107421875 0.02099609375 0.03369140625
61 0.69482421875 0.3505859375 0.0224609375 0.033203125
60 0.62939453125 0.3486328125 0.02001953125 0.0322265625
59 0.56640625 0.34765625 0.0205078125 0.03076171875
58 0.50146484375 0.34619140625 0.02099609375 0.03173828125
53 0.05810546875 0.33544921875 0.0234375 0.03125
42 0.123046875 0.33642578125 0.02001953125 0.03271484375
44 0.15234375 0.3388671875 0.02001953125 0.03515625
53 0.2158203125 0.33935546875 0.01806640625 0.033203125
46 0.2470703125 0.3388671875 0.02001953125 0.0341796875
55 0.31103515625 0.34130859375 0.017578125 0.0322265625
56 0.375 0.34326171875 0.01806640625 0.0341796875
57 0.43896484375 0.34521484375 0.0205078125 0.03271484375
65 0.0556640625 0.3857421875 0.02001953125 0.03125
66 0.11865234375 0.3876953125 0.0205078125 0.033203125
53 0.17919921875 0.4384765625 0.02001953125 0.03515625
61 0.21142578125 0.4384765625 0.0205078125 0.0361328125
52 0.24267578125 0.43896484375 0.01953125 0.03564453125
38 0.275390625 0.43994140625 0.0205078125 0.0341796875
43 0.30908203125 0.44140625 0.0205078125 0.037109375
58 0.33984375 0.4423828125 0.01953125 0.03515625
59 0.373046875 0.44384765625 0.01953125 0.033203125
54 0.0478515625 0.5400390625 0.02001953125 0.03271484375
54 0.14306640625 0.54296875 0.02001953125 0.03271484375
54 0.23974609375 0.5439453125 0.02001953125 0.03271484375
54 0.30517578125 0.54638671875 0.02001953125 0.03271484375
54 0.4013671875 0.5478515625 0.02001953125 0.03271484375
54 0.49658203125 0.55126953125 0.02001953125 0.03271484375
54 0.04345703125 0.6416015625 0.02001953125 0.03271484375
54 0.13623046875 0.64306640625 0.02099609375 0.03271484375
54 0.23388671875 0.64697265625 0.02099609375 0.03271484375
54 0.3330078125 0.64794921875 0.02099609375 0.03271484375
54 0.4306640625 0.650390625 0.02099609375 0.03271484375
54 0.5263671875 0.65283203125 0.02099609375 0.03271484375
54 0.0400390625 0.6943359375 0.02099609375 0.03271484375
54 0.59375 0.5517578125 0.02099609375 0.03271484375
54 0.69091796875 0.55517578125 0.02099609375 0.03271484375
54 0.791015625 0.5595703125 0.02099609375 0.03271484375
54 0.89013671875 0.5615234375 0.02099609375 0.03271484375
54 0.6259765625 0.65576171875 0.02099609375 0.03271484375
54 0.72509765625 0.65869140625 0.02099609375 0.03271484375
54 0.8232421875 0.66259765625 0.02099609375 0.03271484375
0 0.07958984375 0.54052734375 0.02197265625 0.033203125
1 0.17529296875 0.541015625 0.021484375 0.03369140625
2 0.27197265625 0.5439453125 0.02197265625 0.03466796875
3 0.337890625 0.54638671875 0.02099609375 0.03173828125
4 0.4326171875 0.54833984375 0.0205078125 0.033203125
1 0.07275390625 0.64013671875 0.0205078125 0.03076171875
3 0.169921875 0.6435546875 0.02099609375 0.03173828125
4 0.26708984375 0.6474609375 0.0205078125 0.03271484375
2 0.36474609375 0.64697265625 0.01953125 0.033203125
5 0.4619140625 0.65087890625 0.02001953125 0.03466796875
0 0.0732421875 0.6943359375 0.02099609375 0.03515625
5 0.52880859375 0.54931640625 0.01904296875 0.033203125
6 0.6259765625 0.55322265625 0.0205078125 0.033203125
7 0.7236328125 0.5546875 0.01953125 0.03125
8 0.8232421875 0.55908203125 0.0205078125 0.033203125
9 0.92138671875 0.5615234375 0.01953125 0.0302734375
6 0.56005859375 0.65283203125 0.0185546875 0.0302734375
7 0.658203125 0.6552734375 0.0205078125 0.033203125
8 0.7568359375 0.6591796875 0.02001953125 0.033203125
9 0.85595703125 0.662109375 0.0205078125 0.03466796875
53 0.25732421875 0.85791015625 0.021484375 0.03564453125
46 0.29052734375 0.85986328125 0.01904296875 0.03271484375
61 0.35693359375 0.86328125 0.02197265625 0.037109375
52 0.39013671875 0.86328125 0.021484375 0.03515625
37 0.42236328125 0.865234375 0.02001953125 0.03515625
46 0.45654296875 0.86572265625 0.02001953125 0.037109375
37 0.4892578125 0.8662109375 0.0205078125 0.03564453125
59 0.55517578125 0.8681640625 0.02197265625 0.033203125
37 0.58935546875 0.86865234375 0.01904296875 0.02978515625
48 0.65673828125 0.873046875 0.02001953125 0.03759765625
53 0.689453125 0.87255859375 0.021484375 0.03662109375
65 0.72216796875 0.8740234375 0.0224609375 0.0361328125
55 0.75537109375 0.87451171875 0.02197265625 0.03564453125
50 0.2890625 0.91552734375 0.02099609375 0.03466796875
37 0.32275390625 0.916015625 0.02197265625 0.03369140625
65 0.35498046875 0.91796875 0.02294921875 0.03662109375
55 0.38818359375 0.91796875 0.0205078125 0.03564453125
52 0.03173828125 0.85009765625 0.021484375 0.03564453125
37 0.0634765625 0.85009765625 0.021484375 0.03564453125
46 0.09619140625 0.8525390625 0.021484375 0.03564453125
37 0.12646484375 0.8525390625 0.021484375 0.03564453125
53 0.16015625 0.85546875 0.021484375 0.03564453125
41 0.19384765625 0.85595703125 0.021484375 0.03564453125
37 0.224609375 0.85693359375 0.021484375 0.03564453125
50 0.02978515625 0.9033203125 0.021484375 0.03564453125
61 0.06201171875 0.90673828125 0.021484375 0.03564453125
52 0.09326171875 0.90625 0.021484375 0.03564453125
61 0.1259765625 0.9072265625 0.021484375 0.03564453125
59 0.15771484375 0.90869140625 0.021484375 0.03564453125
60 0.1904296875 0.91015625 0.021484375 0.03564453125
37 0.22119140625 0.9111328125 0.021484375 0.03564453125