60 0.302734375 0.080810546875 0.04541015625 0.0673828125
40 0.11865234375 0.0849609375 0.04541015625 0.0673828125
22 0.18017578125 0.084716796875 0.04541015625 0.0673828125
43 0.23974609375 0.0810546875 0.04541015625 0.0673828125
60 0.36328125 0.077392578125 0.04541015625 0.0673828125
43 0.42529296875 0.075927734375 0.04541015625 0.0673828125
58 0.4853515625 0.079345703125 0.04541015625 0.0673828125
59 0.54833984375 0.076416015625 0.04541015625 0.0673828125
53 0.6708984375 0.076171875 0.04541015625 0.0673828125
55 0.73193359375 0.07666015625 0.04541015625 0.0673828125
59 0.853759765625 0.080078125 0.04541015625 0.0673828125
56 0.915771484375 0.07861328125 0.04541015625 0.0673828125
37 0.973876953125 0.079345703125 0.0400390625 0.0654296875
37 0.118408203125 0.27587890625 0.04541015625 0.0673828125
38 0.178955078125 0.277099609375 0.04541015625 0.0673828125
39 0.242431640625 0.2763671875 0.04541015625 0.0673828125
41 0.303955078125 0.277099609375 0.04541015625 0.0673828125
43 0.360107421875 0.276611328125 0.04541015625 0.0673828125
45 0.424072265625 0.275634765625 0.04541015625 0.0673828125
62 0.11865234375 0.37939453125 0.04541015625 0.0673828125
64 0.23974609375 0.379638671875 0.04541015625 0.0673828125
63 0.17919921875 0.377685546875 0.04541015625 0.0673828125
65 0.30126953125 0.377197265625 0.04541015625 0.0673828125
66 0.3623046875 0.379638671875 0.04541015625 0.0673828125
40 0.118408203125 0.4775390625 0.04541015625 0.0673828125
33 0.177001953125 0.474853515625 0.04541015625 0.0673828125
48 0.237060546875 0.471435546875 0.04541015625 0.0673828125
47 0.362060546875 0.473876953125 0.04541015625 0.0673828125
37 0.115478515625 0.573974609375 0.04541015625 0.0673828125
38 0.172119140625 0.576171875 0.04541015625 0.0673828125
37 0.299072265625 0.5712890625 0.04541015625 0.0673828125
38 0.421630859375 0.57080078125 0.04541015625 0.0673828125
53 0.1142578125 0.675537109375 0.04541015625 0.0673828125
42 0.2373046875 0.671630859375 0.04541015625 0.0673828125
44 0.299072265625 0.67529296875 0.0478515625 0.068359375
65 0.116943359375 0.775634765625 0.0478515625 0.068359375
66 0.239013671875 0.777099609375 0.0478515625 0.068359375
40 0.117919921875 0.869873046875 0.0478515625 0.068359375
24 0.177001953125 0.87060546875 0.0478515625 0.068359375
48 0.241455078125 0.864990234375 0.0478515625 0.068359375
53 0.36328125 0.872314453125 0.0478515625 0.068359375
61 0.42138671875 0.8720703125 0.0478515625 0.068359375
52 0.4873046875 0.871826171875 0.0478515625 0.068359375
38 0.54638671875 0.8720703125 0.0478515625 0.068359375
53 0.422119140625 0.67578125 0.0478515625 0.068359375
46 0.487060546875 0.673095703125 0.0478515625 0.068359375
43 0.60986328125 0.872314453125 0.0478515625 0.068359375
58 0.67333984375 0.873046875 0.0478515625 0.068359375
59 0.73583984375 0.871826171875 0.0478515625 0.068359375
55 0.609619140625 0.675537109375 0.0478515625 0.068359375
56 0.734619140625 0.677001953125 0.0478515625 0.068359375
57 0.859130859375 0.675537109375 0.0478515625 0.068359375
43 0.798828125 0.57275390625 0.0478515625 0.068359375
58 0.97802734375 0.676513671875 0.0439453125 0.068359375
41 0.67333984375 0.57421875 0.0478515625 0.068359375
39 0.54541015625 0.57373046875 0.0478515625 0.068359375
59 0.485107421875 0.47412109375 0.0498046875 0.068359375
56 0.547119140625 0.47314453125 0.0498046875 0.068359375
37 0.610595703125 0.4716796875 0.0498046875 0.068359375
39 0.673095703125 0.4716796875 0.0498046875 0.068359375
46 0.488037109375 0.277587890625 0.04541015625 0.0673828125
47 0.548583984375 0.27490234375 0.04541015625 0.0673828125
48 0.611083984375 0.275634765625 0.04541015625 0.0673828125
40 0.485107421875 0.381591796875 0.04541015625 0.0673828125
40 0.551025390625 0.378173828125 0.04541015625 0.0673828125
40 0.611572265625 0.378662109375 0.04541015625 0.0673828125
54 0.737060546875 0.381591796875 0.04541015625 0.0673828125
54 0.862548828125 0.380126953125 0.04541015625 0.0673828125
53 0.921875 0.279296875 0.04541015625 0.0673828125
52 0.859130859375 0.27490234375 0.04541015625 0.0673828125
51 0.798828125 0.27685546875 0.04541015625 0.0673828125
50 0.735107421875 0.27685546875 0.04541015625 0.0673828125
49 0.672607421875 0.275390625 0.04541015625 0.0673828125
60 0.298095703125 0.474609375 0.04541015625 0.0673828125
43 0.736572265625 0.46923828125 0.0498046875 0.068359375
45 0.92236328125 0.572265625 0.0478515625 0.068359375