54 0.08694333333333333 0.2520833333333333 0.028333333333333332 0.04083333333333333
54 0.19708333333333333 0.25111 0.0275 0.045
54 0.30805666666666665 0.25 0.03166666666666667 0.043333333333333335
54 0.4218066666666667 0.25083333333333335 0.029166666666666667 0.043333333333333335
54 0.08611333333333332 0.3081933333333334 0.02666666666666667 0.03916666666666667
1 0.12 0.25139 0.025 0.043333333333333335
3 0.23430666666666666 0.2506966666666667 0.0275 0.04416666666666667
4 0.34639000000000003 0.24986333333333335 0.02666666666666667 0.0425
2 0.4561133333333333 0.24958666666666665 0.025 0.0425
0 0.12097333333333334 0.30680666666666667 0.0275 0.03916666666666667
52 0.0725 0.48541666666666666 0.028333333333333332 0.04416666666666667
46 0.37875 0.485 0.029166666666666667 0.043333333333333335
53 0.3408333333333333 0.485 0.028333333333333332 0.04666666666666667
37 0.30041666666666667 0.4845833333333333 0.024166666666666666 0.0425
41 0.26416666666666666 0.485 0.023333333333333334 0.041666666666666664
53 0.22625 0.4841666666666667 0.0275 0.043333333333333335
37 0.185 0.48541666666666666 0.025 0.0475
46 0.1475 0.48625 0.025 0.0475
37 0.11166666666666666 0.48583333333333334 0.025 0.045
61 0.4558333333333333 0.48625 0.028333333333333332 0.04583333333333333
52 0.4920833333333333 0.485 0.029166666666666667 0.04666666666666667
37 0.53125 0.48583333333333334 0.025833333333333333 0.045
50 0.06916666666666667 0.5466666666666666 0.02666666666666667 0.043333333333333335
61 0.10666666666666667 0.5466666666666666 0.028333333333333332 0.04666666666666667
52 0.14625 0.54625 0.030833333333333334 0.04583333333333333
61 0.18333333333333332 0.5466666666666666 0.028333333333333332 0.04666666666666667
59 0.22333333333333333 0.5479166666666667 0.02666666666666667 0.04583333333333333
60 0.26166666666666666 0.5483333333333333 0.028333333333333332 0.045
37 0.2995833333333333 0.5483333333333333 0.0275 0.045
50 0.37625 0.5475 0.029166666666666667 0.04833333333333333
37 0.41541666666666666 0.5491666666666667 0.029166666666666667 0.04833333333333333
65 0.455 0.54875 0.03166666666666667 0.0475
55 0.49291666666666667 0.5483333333333333 0.029166666666666667 0.04833333333333333
46 0.5695833333333333 0.4875 0.029166666666666667 0.043333333333333335
37 0.6079166666666667 0.4875 0.025833333333333333 0.045
59 0.6883333333333334 0.48541666666666666 0.02666666666666667 0.0425
37 0.72375 0.4866666666666667 0.025833333333333333 0.045
48 0.8029166666666666 0.48833333333333334 0.025833333333333333 0.045
53 0.8420833333333333 0.4866666666666667 0.025833333333333333 0.045
65 0.8804166666666666 0.4891666666666667 0.025833333333333333 0.045
55 0.91875 0.48833333333333334 0.025833333333333333 0.045
54 0.5334733333333334 0.24916666666666668 0.029166666666666667 0.043333333333333335
5 0.5709733333333333 0.25 0.029166666666666667 0.043333333333333335
6 0.6818066666666667 0.25 0.029166666666666667 0.043333333333333335
7 0.7951400000000001 0.25166666666666665 0.029166666666666667 0.043333333333333335
8 0.9043066666666667 0.25416666666666665 0.029166666666666667 0.043333333333333335
8 0.9734733333333334 0.1425 0.029166666666666667 0.043333333333333335
7 0.8634733333333333 0.14083333333333334 0.029166666666666667 0.043333333333333335
6 0.7543066666666667 0.14083333333333334 0.029166666666666667 0.043333333333333335
5 0.64264 0.14166666666666666 0.029166666666666667 0.043333333333333335
4 0.5330566666666667 0.1398633333333333 0.02666666666666667 0.0425
3 0.42347333333333337 0.1398633333333333 0.0275 0.04416666666666667
2 0.3494466666666666 0.13792 0.025 0.0425
1 0.24 0.13805666666666666 0.025 0.043333333333333335
0 0.13180666666666668 0.13680666666666666 0.0275 0.03916666666666667
54 0.09444333333333332 0.13875 0.028333333333333332 0.04083333333333333
54 0.20430666666666666 0.14 0.029166666666666667 0.043333333333333335
54 0.3134733333333333 0.14083333333333334 0.029166666666666667 0.043333333333333335
54 0.38597333333333333 0.14 0.029166666666666667 0.043333333333333335
54 0.4959733333333334 0.14166666666666666 0.029166666666666667 0.043333333333333335
54 0.6084733333333333 0.14 0.029166666666666667 0.043333333333333335
54 0.64514 0.24916666666666668 0.029166666666666667 0.043333333333333335
54 0.75764 0.25333333333333335 0.029166666666666667 0.043333333333333335
54 0.71514 0.14166666666666666 0.029166666666666667 0.043333333333333335
54 0.8268066666666667 0.14083333333333334 0.029166666666666667 0.043333333333333335
54 0.93764 0.1425 0.029166666666666667 0.043333333333333335
54 0.9784733333333333 0.25333333333333335 0.029166666666666667 0.043333333333333335
54 0.8709733333333334 0.25583333333333336 0.029166666666666667 0.043333333333333335
40 0.09930666666666667 0.02764 0.0275 0.03916666666666667
24 0.13514 0.02764 0.0275 0.03916666666666667
48 0.17180666666666666 0.026806666666666666 0.0275 0.03916666666666667
53 0.24347333333333332 0.028473333333333333 0.0275 0.03916666666666667
61 0.27930666666666665 0.025973333333333334 0.0275 0.03916666666666667
52 0.31597333333333333 0.025973333333333334 0.0275 0.03916666666666667
38 0.35097333333333336 0.025973333333333334 0.0275 0.03916666666666667
43 0.38764000000000004 0.026806666666666666 0.0275 0.03916666666666667
58 0.42514 0.02764 0.0275 0.03916666666666667
59 0.4618066666666667 0.026806666666666666 0.0275 0.03916666666666667