22 0.294677734375 0.15283203125 0.0712890625 0.103515625
40 0.211669921875 0.1484375 0.0712890625 0.11328125
43 0.387939453125 0.157958984375 0.0712890625 0.11328125
60 0.477294921875 0.157470703125 0.0712890625 0.11328125
60 0.568115234375 0.160888671875 0.0712890625 0.11328125
43 0.65576171875 0.165771484375 0.0712890625 0.11328125
58 0.74365234375 0.170166015625 0.0712890625 0.11328125
59 0.8359375 0.173828125 0.0712890625 0.11328125
37 0.220458984375 0.433837890625 0.0712890625 0.11328125
38 0.3017578125 0.438720703125 0.0712890625 0.11328125
39 0.388427734375 0.444580078125 0.0712890625 0.11328125
41 0.468505859375 0.449462890625 0.0712890625 0.11328125
43 0.555419921875 0.452392578125 0.0712890625 0.11328125
45 0.63623046875 0.457275390625 0.0712890625 0.11328125
46 0.72021484375 0.465576171875 0.0712890625 0.11328125
47 0.80712890625 0.466552734375 0.0712890625 0.11328125
48 0.892578125 0.470947265625 0.0712890625 0.11328125
62 0.226806640625 0.560791015625 0.07373046875 0.103515625
63 0.30517578125 0.563720703125 0.068359375 0.0927734375
64 0.383056640625 0.56884765625 0.0654296875 0.10302734375
65 0.464599609375 0.57177734375 0.0732421875 0.09326171875
66 0.541748046875 0.576171875 0.056640625 0.09423828125
40 0.22314453125 0.671142578125 0.07373046875 0.103515625
33 0.307373046875 0.678955078125 0.056640625 0.09130859375
48 0.382568359375 0.68408203125 0.0634765625 0.0927734375
60 0.461669921875 0.6845703125 0.0654296875 0.09765625
47 0.538818359375 0.6923828125 0.05712890625 0.08935546875
59 0.699951171875 0.702880859375 0.06396484375 0.08837890625
56 0.778564453125 0.70458984375 0.06396484375 0.08837890625
37 0.859619140625 0.708984375 0.06396484375 0.08837890625
39 0.94091796875 0.715087890625 0.06396484375 0.08837890625
41 0.919677734375 0.83447265625 0.06396484375 0.08837890625
38 0.765625 0.822509765625 0.060546875 0.0849609375
38 0.609130859375 0.810546875 0.060546875 0.0849609375
37 0.463623046875 0.80517578125 0.06396484375 0.08837890625
38 0.310546875 0.793212890625 0.05712890625 0.07958984375
37 0.23046875 0.79248046875 0.05712890625 0.08642578125
53 0.455810546875 0.9052734375 0.05908203125 0.07958984375
53 0.603759765625 0.912353515625 0.06396484375 0.080078125
46 0.67578125 0.91943359375 0.06396484375 0.080078125
55 0.81982421875 0.93212890625 0.06396484375 0.080078125
40 0.7021484375 0.585693359375 0.06396484375 0.08837890625
40 0.7890625 0.593017578125 0.06396484375 0.08837890625
40 0.86767578125 0.597412109375 0.06396484375 0.08837890625
42 0.382568359375 0.8984375 0.05908203125 0.07958984375