60 0.0517578125 0.052001953125 0.0263671875 0.0439453125
60 0.08935546875 0.0517578125 0.0263671875 0.0439453125
43 0.01318359375 0.052734375 0.0263671875 0.0439453125
43 0.1259765625 0.049560546875 0.0263671875 0.0439453125
58 0.16259765625 0.04931640625 0.0263671875 0.0439453125
59 0.1982421875 0.048583984375 0.0263671875 0.0439453125
53 0.27392578125 0.045166015625 0.0263671875 0.0439453125
55 0.3134765625 0.047119140625 0.0263671875 0.0439453125
59 0.38818359375 0.047607421875 0.0263671875 0.0439453125
56 0.42578125 0.04638671875 0.0263671875 0.0439453125
37 0.46337890625 0.046142578125 0.0263671875 0.0439453125
39 0.50341796875 0.0439453125 0.0263671875 0.0439453125
43 0.53759765625 0.043701171875 0.0263671875 0.0439453125
39 0.01318359375 0.1728515625 0.0263671875 0.0439453125
41 0.04931640625 0.171630859375 0.0263671875 0.0439453125
43 0.0849609375 0.1708984375 0.0263671875 0.0439453125
45 0.125 0.169677734375 0.0263671875 0.0439453125
46 0.16162109375 0.16943359375 0.0263671875 0.0439453125
47 0.19921875 0.168212890625 0.0263671875 0.0439453125
48 0.2392578125 0.16796875 0.0263671875 0.0439453125
49 0.27734375 0.167236328125 0.0263671875 0.0439453125
50 0.31591796875 0.1669921875 0.0263671875 0.0439453125
51 0.35107421875 0.16845703125 0.0263671875 0.0439453125
52 0.38916015625 0.167236328125 0.0263671875 0.0439453125
53 0.427734375 0.16650390625 0.0263671875 0.0439453125
42 0.50146484375 0.166015625 0.0263671875 0.0439453125
44 0.541015625 0.164794921875 0.0263671875 0.0439453125
53 0.615234375 0.165283203125 0.0263671875 0.0439453125
46 0.65185546875 0.1640625 0.0263671875 0.0439453125
55 0.728515625 0.166259765625 0.0263671875 0.0439453125
56 0.7666015625 0.1669921875 0.0263671875 0.0439453125
57 0.80517578125 0.164794921875 0.0263671875 0.0439453125
58 0.841796875 0.16455078125 0.0263671875 0.0439453125
59 0.87939453125 0.164306640625 0.0263671875 0.0439453125
60 0.916015625 0.1640625 0.0263671875 0.0439453125
61 0.955078125 0.163330078125 0.0263671875 0.0439453125
64 0.01318359375 0.23193359375 0.0263671875 0.0439453125
65 0.04736328125 0.231689453125 0.0263671875 0.0439453125
66 0.0849609375 0.2333984375 0.0263671875 0.0439453125
39 0.1640625 0.23046875 0.0263671875 0.0439453125
39 0.20263671875 0.229248046875 0.0263671875 0.0439453125
39 0.24072265625 0.22998046875 0.0263671875 0.0439453125
54 0.31396484375 0.228759765625 0.0263671875 0.0439453125
54 0.38818359375 0.229248046875 0.0263671875 0.0439453125
54 0.466796875 0.229248046875 0.0263671875 0.0439453125
60 0.046875 0.290771484375 0.0263671875 0.0439453125
47 0.0849609375 0.29052734375 0.0263671875 0.0439453125
59 0.16015625 0.291015625 0.0263671875 0.0439453125
56 0.19921875 0.288330078125 0.0263671875 0.0439453125
37 0.23583984375 0.2880859375 0.0263671875 0.0439453125
39 0.27490234375 0.286865234375 0.0263671875 0.0439453125
43 0.3134765625 0.287841796875 0.0263671875 0.0439453125
37 0.044921875 0.349365234375 0.0263671875 0.0439453125
38 0.12158203125 0.348876953125 0.0263671875 0.0439453125
39 0.19921875 0.348388671875 0.0263671875 0.0439453125
41 0.27587890625 0.346435546875 0.0263671875 0.0439453125
43 0.3515625 0.3466796875 0.0263671875 0.0439453125
45 0.427734375 0.34619140625 0.0263671875 0.0439453125
46 0.50439453125 0.3466796875 0.0263671875 0.0439453125
47 0.5810546875 0.34619140625 0.0263671875 0.0439453125
48 0.654296875 0.3447265625 0.0263671875 0.0439453125
49 0.72900390625 0.346435546875 0.0263671875 0.0439453125
50 0.80322265625 0.345947265625 0.0263671875 0.0439453125
51 0.87744140625 0.344482421875 0.0263671875 0.0439453125
52 0.95849609375 0.343994140625 0.0263671875 0.0439453125
53 0.046875 0.410400390625 0.0263671875 0.0439453125
53 0.12158203125 0.408935546875 0.0263671875 0.0439453125
46 0.16162109375 0.41015625 0.0263671875 0.0439453125
55 0.2373046875 0.41162109375 0.0263671875 0.0439453125
56 0.3125 0.407958984375 0.0263671875 0.0439453125
57 0.38916015625 0.408447265625 0.0263671875 0.0439453125
58 0.46484375 0.406982421875 0.0263671875 0.0439453125
59 0.5400390625 0.407470703125 0.0263671875 0.0439453125
60 0.615234375 0.407470703125 0.0263671875 0.0439453125
61 0.69189453125 0.40673828125 0.0263671875 0.0439453125
62 0.7685546875 0.40673828125 0.0263671875 0.0439453125
63 0.84521484375 0.40625 0.0263671875 0.0439453125
53 0.08154296875 0.53173828125 0.0263671875 0.0439453125
61 0.12060546875 0.531494140625 0.0263671875 0.0439453125
52 0.1591796875 0.529296875 0.0263671875 0.0439453125
38 0.19580078125 0.531005859375 0.0263671875 0.0439453125
43 0.23486328125 0.52978515625 0.0263671875 0.0439453125
58 0.27490234375 0.529541015625 0.0263671875 0.0439453125
59 0.3134765625 0.528564453125 0.0263671875 0.0439453125
54 0.044921875 0.656982421875 0.0263671875 0.0439453125
54 0.04296875 0.774658203125 0.0263671875 0.0439453125
54 0.16064453125 0.65478515625 0.0263671875 0.0439453125
54 0.15966796875 0.77294921875 0.0263671875 0.0439453125
54 0.2392578125 0.654296875 0.0263671875 0.0439453125
54 0.27587890625 0.772216796875 0.0263671875 0.0439453125
54 0.3515625 0.65283203125 0.0263671875 0.0439453125
54 0.390625 0.770263671875 0.0263671875 0.0439453125
54 0.46728515625 0.648681640625 0.0263671875 0.0439453125
54 0.50390625 0.76953125 0.0263671875 0.0439453125
54 0.58056640625 0.650390625 0.0263671875 0.0439453125
54 0.62158203125 0.770263671875 0.0263671875 0.0439453125
54 0.69482421875 0.646240234375 0.0263671875 0.0439453125
54 0.73486328125 0.76953125 0.0263671875 0.0439453125
54 0.8095703125 0.646728515625 0.0263671875 0.0439453125
54 0.92626953125 0.6484375 0.0263671875 0.0439453125
54 0.8505859375 0.77001953125 0.0263671875 0.0439453125
1 0.08251953125 0.65673828125 0.0263671875 0.0439453125
2 0.19580078125 0.655029296875 0.0263671875 0.0439453125
3 0.27490234375 0.653564453125 0.0263671875 0.0439453125
4 0.38818359375 0.650634765625 0.0263671875 0.0439453125
5 0.50439453125 0.646484375 0.0263671875 0.0439453125
6 0.61767578125 0.647705078125 0.0263671875 0.0439453125
7 0.732421875 0.646240234375 0.0263671875 0.0439453125
8 0.84765625 0.646484375 0.0263671875 0.0439453125
9 0.96337890625 0.646240234375 0.0263671875 0.0439453125
9 0.89013671875 0.767822265625 0.0263671875 0.0439453125
8 0.771484375 0.76611328125 0.0263671875 0.0439453125
7 0.65771484375 0.7666015625 0.0263671875 0.0439453125
6 0.54345703125 0.770751953125 0.0263671875 0.0439453125
5 0.42822265625 0.7705078125 0.0263671875 0.0439453125
2 0.3125 0.772216796875 0.0263671875 0.0439453125
4 0.197265625 0.773193359375 0.0263671875 0.0439453125
3 0.08251953125 0.7734375 0.0263671875 0.0439453125