53 0.08154296875 0.2861328125 0.05078125 0.07421875
53 0.20458984375 0.28125 0.05078125 0.07421875
46 0.2685546875 0.27783203125 0.05078125 0.07421875
55 0.39453125 0.279296875 0.05078125 0.07421875
56 0.4599609375 0.279296875 0.05078125 0.07421875
57 0.52197265625 0.279296875 0.05078125 0.07421875
58 0.58740234375 0.27734375 0.05078125 0.07421875
59 0.64599609375 0.279296875 0.05078125 0.07421875
60 0.7080078125 0.279296875 0.05078125 0.07421875
61 0.7666015625 0.28173828125 0.05078125 0.07421875
52 0.77197265625 0.57470703125 0.05078125 0.07421875
51 0.650390625 0.57763671875 0.05078125 0.07421875
50 0.5244140625 0.57763671875 0.05078125 0.07421875
49 0.40185546875 0.57861328125 0.05078125 0.07421875
48 0.2734375 0.583984375 0.05078125 0.07421875
47 0.1474609375 0.583984375 0.05078125 0.07421875
46 0.025390625 0.58642578125 0.05078125 0.07421875
59 0.087890625 0.6923828125 0.0517578125 0.0830078125
60 0.21484375 0.68896484375 0.0517578125 0.0830078125
61 0.33837890625 0.68896484375 0.05712890625 0.08544921875
62 0.46533203125 0.68505859375 0.05712890625 0.08447265625
63 0.587890625 0.6806640625 0.05712890625 0.08447265625