54 0.07568359375 0.07763671875 0.05517578125 0.0888671875
54 0.30615234375 0.07373046875 0.0517578125 0.08984375
54 0.5419921875 0.0673828125 0.05078125 0.0830078125
54 0.77783203125 0.07080078125 0.048828125 0.08544921875
5 0.15087890625 0.078125 0.05078125 0.09619140625
6 0.38623046875 0.0712890625 0.05419921875 0.09326171875
7 0.62353515625 0.068359375 0.05322265625 0.08740234375
8 0.853515625 0.0732421875 0.05078125 0.083984375
46 0.16943359375 0.57421875 0.05419921875 0.0888671875
37 0.24853515625 0.57275390625 0.05419921875 0.091796875
59 0.3916015625 0.5673828125 0.04736328125 0.07666015625
37 0.46533203125 0.56591796875 0.04443359375 0.07666015625
48 0.61572265625 0.56591796875 0.0419921875 0.07421875
53 0.6865234375 0.5673828125 0.05078125 0.0830078125
65 0.7626953125 0.56689453125 0.0498046875 0.08203125
55 0.84033203125 0.5673828125 0.0517578125 0.08740234375