44 0.09611 0.10055666666666667 0.03666666666666667 0.05444333333333334
42 0.04722 0.10055666666666667 0.03666666666666667 0.05444333333333334
53 0.19277666666666668 0.09944666666666666 0.03666666666666667 0.05444333333333334
46 0.2405533333333333 0.09944666666666666 0.03666666666666667 0.05444333333333334
55 0.3427766666666666 0.09833666666666667 0.03666666666666667 0.05444333333333334
56 0.39166666666666666 0.09833666666666667 0.03666666666666667 0.05444333333333334
57 0.43833333333333335 0.09611333333333333 0.03666666666666667 0.05444333333333334
58 0.4905566666666667 0.09500333333333333 0.03666666666666667 0.05444333333333334
59 0.5405566666666667 0.09389333333333334 0.03666666666666667 0.05444333333333334
60 0.59278 0.09389333333333334 0.03666666666666667 0.05444333333333334
61 0.64167 0.09389333333333334 0.03666666666666667 0.05444333333333334
46 0.03833666666666667 0.3338933333333333 0.03666666666666667 0.05444333333333334
47 0.14056 0.33167 0.03666666666666667 0.05444333333333334
48 0.23833666666666667 0.33278 0.03666666666666667 0.05444333333333334
49 0.34056 0.33278 0.03666666666666667 0.05444333333333334
50 0.44167 0.33388999999999996 0.03666666666666667 0.05444333333333334
51 0.54167 0.335 0.03666666666666667 0.05444333333333334
52 0.64167 0.33388999999999996 0.03666666666666667 0.05444333333333334
59 0.08722666666666667 0.41722333333333333 0.03666666666666667 0.05444333333333334
60 0.18611666666666668 0.4161133333333333 0.03666666666666667 0.05444333333333334
61 0.2861166666666667 0.41500333333333334 0.03666666666666667 0.05444333333333334
62 0.38834 0.4161133333333333 0.03666666666666667 0.05444333333333334
63 0.48945 0.4161133333333333 0.03666666666666667 0.05444333333333334
54 0.13278333333333334 0.7394466666666667 0.03666666666666667 0.05444333333333334
54 0.03167333333333333 0.8972233333333334 0.03666666666666667 0.05444333333333334
54 0.18278333333333335 0.9016666666666666 0.03666666666666667 0.05444333333333334
54 0.3350066666666667 0.90389 0.03666666666666667 0.05444333333333334
54 0.49056333333333335 0.90278 0.03666666666666667 0.05444333333333334
54 0.5927866666666667 0.74167 0.03666666666666667 0.05444333333333334
54 0.4394533333333333 0.74167 0.03666666666666667 0.05444333333333334
54 0.28612 0.7394466666666667 0.03666666666666667 0.05444333333333334
6 0.18389666666666668 0.7361133333333334 0.03666666666666667 0.05444333333333334
7 0.3338966666666667 0.7361133333333334 0.03666666666666667 0.05444333333333334
8 0.48834 0.7383366666666668 0.03666666666666667 0.05444333333333334
9 0.6416733333333333 0.74056 0.03666666666666667 0.05444333333333334
9 0.5405633333333334 0.9027833333333333 0.03666666666666667 0.05444333333333334
8 0.38500666666666666 0.90278 0.03666666666666667 0.05444333333333334
7 0.23167333333333331 0.8983366666666668 0.03666666666666667 0.05444333333333334
6 0.08167333333333333 0.8972233333333334 0.03666666666666667 0.05444333333333334
43 0.035006666666666665 0.7372233333333333 0.03666666666666667 0.05444333333333334