54 0.187255859375 0.23095703125 0.041015625 0.0693359375
54 0.18505859375 0.32861328125 0.041015625 0.0693359375
54 0.365966796875 0.222412109375 0.041015625 0.0693359375
54 0.550537109375 0.22021484375 0.041015625 0.0693359375
54 0.748291015625 0.21337890625 0.041015625 0.0693359375
54 0.950439453125 0.2099609375 0.041015625 0.0693359375
1 0.243896484375 0.2275390625 0.041015625 0.0693359375
3 0.428466796875 0.219970703125 0.041015625 0.0693359375
4 0.618408203125 0.214599609375 0.041015625 0.0693359375
2 0.81494140625 0.209716796875 0.041015625 0.0693359375
0 0.24609375 0.32763671875 0.041015625 0.0693359375
37 0.247314453125 0.61572265625 0.041015625 0.0693359375
52 0.190673828125 0.61669921875 0.041015625 0.0693359375
46 0.309326171875 0.618896484375 0.041015625 0.0693359375
37 0.366943359375 0.618896484375 0.041015625 0.0693359375
53 0.428466796875 0.615478515625 0.041015625 0.0693359375
41 0.489501953125 0.618896484375 0.041015625 0.0693359375
37 0.5498046875 0.619140625 0.041015625 0.0693359375
53 0.6142578125 0.619140625 0.041015625 0.0693359375
46 0.67626953125 0.620361328125 0.041015625 0.0693359375
61 0.80419921875 0.62451171875 0.041015625 0.0693359375
52 0.87060546875 0.622314453125 0.041015625 0.0693359375
37 0.93310546875 0.623779296875 0.041015625 0.0693359375
50 0.19287109375 0.7119140625 0.041015625 0.0693359375
61 0.2529296875 0.710693359375 0.041015625 0.0693359375
52 0.31396484375 0.711181640625 0.041015625 0.0693359375
61 0.37158203125 0.715576171875 0.041015625 0.0693359375
59 0.4306640625 0.716552734375 0.041015625 0.0693359375
60 0.48974609375 0.715576171875 0.041015625 0.0693359375
37 0.5517578125 0.7158203125 0.041015625 0.0693359375
50 0.674072265625 0.722412109375 0.041015625 0.0693359375
37 0.741943359375 0.720458984375 0.041015625 0.0693359375
65 0.804443359375 0.72119140625 0.041015625 0.0693359375
55 0.867431640625 0.72705078125 0.0439453125 0.07373046875