54 0.057666666666666665 0.15625999999999998 0.05533333333333333 0.07852333333333333
5 0.115 0.15492666666666666 0.05533333333333333 0.07852333333333333
54 0.22966666666666666 0.15625999999999998 0.05533333333333333 0.07852333333333333
6 0.29233333333333333 0.15359333333333333 0.05533333333333333 0.07852333333333333
54 0.4043333333333333 0.16025666666666666 0.05533333333333333 0.07852333333333333
7 0.467 0.15758999999999998 0.05533333333333333 0.07852333333333333
54 0.583 0.15758999999999998 0.05533333333333333 0.07852333333333333
8 0.6456666666666667 0.15625666666666665 0.05533333333333333 0.07852333333333333
54 0.7643333333333333 0.16292 0.05533333333333333 0.07852333333333333
9 0.8256666666666667 0.16025333333333333 0.05533333333333333 0.07852333333333333
55 0.6363333333333333 0.5320233333333333 0.05533333333333333 0.07852333333333333
65 0.5763333333333334 0.5293566666666667 0.05533333333333333 0.07852333333333333
53 0.5203333333333333 0.5300233333333333 0.04733333333333333 0.07719
48 0.463 0.5273599999999999 0.05 0.07719
59 0.2976666666666667 0.5273599999999999 0.05 0.07719
37 0.35233333333333333 0.5260266666666666 0.05 0.07719
46 0.12566666666666668 0.5300233333333333 0.05 0.07719
37 0.18433333333333332 0.5300233333333333 0.05 0.07719
37 0.071 0.52869 0.05 0.07719