40 0.03564453125 0.05224609375 0.02685546875 0.05078125
22 0.07177734375 0.05029296875 0.02685546875 0.05078125
43 0.1123046875 0.04931640625 0.02685546875 0.05078125
60 0.154296875 0.04833984375 0.02685546875 0.05078125
60 0.197509765625 0.04638671875 0.02685546875 0.05078125
43 0.235107421875 0.045166015625 0.02685546875 0.05078125
58 0.279052734375 0.045654296875 0.02685546875 0.05078125
59 0.3203125 0.045654296875 0.02685546875 0.05078125
53 0.403564453125 0.041259765625 0.02685546875 0.05078125
55 0.444091796875 0.040283203125 0.02685546875 0.05078125
59 0.527587890625 0.040283203125 0.02685546875 0.05078125
56 0.570068359375 0.037841796875 0.02685546875 0.05078125
37 0.612060546875 0.038818359375 0.02685546875 0.05078125
39 0.655517578125 0.036865234375 0.02685546875 0.05078125
43 0.695556640625 0.036376953125 0.02685546875 0.05078125
37 0.047119140625 0.188720703125 0.02880859375 0.04833984375
38 0.0888671875 0.188720703125 0.02880859375 0.04833984375
39 0.127685546875 0.186767578125 0.02880859375 0.04833984375
41 0.168212890625 0.18701171875 0.02880859375 0.04833984375
43 0.20751953125 0.18701171875 0.02880859375 0.04833984375
45 0.2470703125 0.18603515625 0.02880859375 0.04833984375
46 0.2880859375 0.18603515625 0.02880859375 0.04833984375
47 0.32861328125 0.185546875 0.02880859375 0.04833984375
48 0.368896484375 0.1826171875 0.02880859375 0.04833984375
49 0.407958984375 0.18212890625 0.02880859375 0.04833984375
50 0.446533203125 0.182373046875 0.02880859375 0.04833984375
51 0.48779296875 0.183349609375 0.02880859375 0.04833984375
52 0.528564453125 0.181884765625 0.02880859375 0.04833984375
53 0.56884765625 0.181396484375 0.02880859375 0.04833984375
42 0.650146484375 0.1796875 0.02880859375 0.04833984375
44 0.689208984375 0.17919921875 0.02880859375 0.04833984375
53 0.771240234375 0.17822265625 0.02880859375 0.04833984375
46 0.81396484375 0.1796875 0.02880859375 0.04541015625
55 0.89208984375 0.179443359375 0.02880859375 0.04833984375
56 0.93505859375 0.178466796875 0.02880859375 0.04833984375
57 0.97509765625 0.177978515625 0.02880859375 0.04833984375
62 0.05908203125 0.25390625 0.02880859375 0.04833984375
63 0.09765625 0.254150390625 0.02880859375 0.04833984375
64 0.1376953125 0.253173828125 0.02880859375 0.04833984375
65 0.17578125 0.252685546875 0.02880859375 0.04833984375
66 0.21435546875 0.251220703125 0.02880859375 0.04833984375
40 0.29541015625 0.251220703125 0.02880859375 0.04833984375
40 0.33203125 0.2490234375 0.02880859375 0.04833984375
40 0.3701171875 0.24853515625 0.02880859375 0.04833984375
54 0.44873046875 0.249755859375 0.02880859375 0.04833984375
54 0.5283203125 0.248291015625 0.02880859375 0.04833984375
54 0.60546875 0.24853515625 0.02880859375 0.04833984375
40 0.068115234375 0.315673828125 0.02880859375 0.04833984375
33 0.106201171875 0.316650390625 0.02880859375 0.04833984375
48 0.142333984375 0.3154296875 0.02880859375 0.04833984375
60 0.181396484375 0.314697265625 0.02880859375 0.04833984375
47 0.21923828125 0.312255859375 0.02880859375 0.04833984375
59 0.296630859375 0.313232421875 0.02880859375 0.04833984375
56 0.334228515625 0.3125 0.02880859375 0.04833984375
37 0.371337890625 0.3115234375 0.02880859375 0.04833984375
39 0.412353515625 0.3115234375 0.02880859375 0.04833984375
43 0.451416015625 0.31005859375 0.02880859375 0.04833984375
37 0.072998046875 0.3759765625 0.02880859375 0.04833984375
38 0.111572265625 0.378662109375 0.02880859375 0.04833984375
37 0.186279296875 0.375 0.02880859375 0.04833984375
38 0.262939453125 0.376220703125 0.02880859375 0.04833984375
39 0.339111328125 0.376708984375 0.02880859375 0.04833984375
41 0.414306640625 0.37548828125 0.02880859375 0.04833984375
43 0.489013671875 0.376708984375 0.02880859375 0.04833984375
45 0.565185546875 0.375 0.02880859375 0.04833984375
46 0.641845703125 0.375732421875 0.02880859375 0.04833984375
47 0.720458984375 0.373291015625 0.02880859375 0.04833984375
48 0.797607421875 0.37353515625 0.02880859375 0.04833984375
49 0.877685546875 0.3720703125 0.02880859375 0.04833984375
50 0.95263671875 0.371826171875 0.02880859375 0.04443359375
53 0.082763671875 0.43896484375 0.02880859375 0.04833984375
42 0.156982421875 0.43701171875 0.02880859375 0.04833984375
44 0.194580078125 0.435302734375 0.02880859375 0.04833984375
53 0.268798828125 0.4326171875 0.0283203125 0.041015625
46 0.306884765625 0.432861328125 0.0283203125 0.04150390625
55 0.380126953125 0.4345703125 0.02880859375 0.044921875
56 0.453369140625 0.43359375 0.0283203125 0.04248046875
57 0.52783203125 0.434814453125 0.02880859375 0.044921875
58 0.602294921875 0.431884765625 0.02880859375 0.044921875
59 0.67724609375 0.432373046875 0.02880859375 0.044921875
60 0.75439453125 0.4306640625 0.02880859375 0.044921875
61 0.83056640625 0.43212890625 0.02880859375 0.044921875
62 0.90771484375 0.431396484375 0.02880859375 0.044921875
63 0.98486328125 0.43359375 0.02880859375 0.044921875
65 0.093994140625 0.491943359375 0.0322265625 0.04150390625
66 0.164306640625 0.49072265625 0.0322265625 0.04248046875
40 0.100830078125 0.543701171875 0.0322265625 0.04248046875
24 0.136962890625 0.543212890625 0.0283203125 0.04248046875
48 0.170654296875 0.5419921875 0.0283203125 0.04248046875
53 0.242919921875 0.54248046875 0.0283203125 0.04248046875
61 0.277587890625 0.542724609375 0.0283203125 0.03955078125
52 0.312744140625 0.54345703125 0.0283203125 0.0390625
38 0.348876953125 0.543212890625 0.0283203125 0.0390625
43 0.384521484375 0.543212890625 0.0283203125 0.0390625
58 0.420654296875 0.54345703125 0.0283203125 0.0390625
59 0.455322265625 0.5439453125 0.0283203125 0.0390625
54 0.112060546875 0.653076171875 0.0283203125 0.03955078125
54 0.11376953125 0.760009765625 0.0283203125 0.03955078125
54 0.11328125 0.815185546875 0.0283203125 0.03955078125
54 0.213134765625 0.65380859375 0.0283203125 0.03955078125
54 0.212158203125 0.7626953125 0.0283203125 0.03955078125
54 0.316162109375 0.656982421875 0.0283203125 0.03955078125
54 0.314697265625 0.7646484375 0.0283203125 0.03955078125
54 0.385986328125 0.658935546875 0.0283203125 0.03955078125
54 0.419189453125 0.76611328125 0.0283203125 0.03955078125
54 0.48974609375 0.658447265625 0.0283203125 0.03955078125
54 0.523193359375 0.768310546875 0.0283203125 0.03955078125
54 0.59765625 0.660400390625 0.0283203125 0.03955078125
54 0.63134765625 0.7724609375 0.0283203125 0.03955078125
54 0.705078125 0.6611328125 0.0283203125 0.03955078125
54 0.740234375 0.772216796875 0.0283203125 0.03955078125
54 0.81640625 0.6640625 0.0283203125 0.03955078125
54 0.84765625 0.772705078125 0.0283203125 0.03955078125
54 0.92626953125 0.6640625 0.0283203125 0.03955078125
54 0.955078125 0.773193359375 0.02978515625 0.0400390625
0 0.144775390625 0.65234375 0.0283203125 0.03955078125
0 0.1474609375 0.814697265625 0.0283203125 0.03955078125
1 0.247802734375 0.65283203125 0.0283203125 0.03955078125
2 0.353271484375 0.656494140625 0.0283203125 0.03955078125
3 0.422607421875 0.65673828125 0.0283203125 0.03955078125
4 0.525390625 0.657470703125 0.0283203125 0.03955078125
5 0.63232421875 0.6591796875 0.0283203125 0.03955078125
6 0.744140625 0.659912109375 0.0283203125 0.03955078125
7 0.8544921875 0.662841796875 0.0283203125 0.03955078125
8 0.96435546875 0.662109375 0.0283203125 0.03955078125
1 0.14892578125 0.758056640625 0.0283203125 0.03955078125
3 0.247314453125 0.7607421875 0.0283203125 0.03955078125
4 0.351806640625 0.764404296875 0.0283203125 0.03955078125
2 0.457275390625 0.76708984375 0.0283203125 0.03955078125
5 0.561767578125 0.768310546875 0.0283203125 0.03955078125
6 0.6689453125 0.76904296875 0.0283203125 0.03955078125
7 0.7763671875 0.770751953125 0.0283203125 0.03955078125
8 0.8837890625 0.771484375 0.0283203125 0.03955078125