60 0.2451171875 0.10546875 0.02734375 0.0419921875
60 0.28173828125 0.107421875 0.02734375 0.0419921875
40 0.1376953125 0.107421875 0.02734375 0.0419921875
22 0.171875 0.107421875 0.02734375 0.0419921875
43 0.208984375 0.107421875 0.02734375 0.0419921875
43 0.31689453125 0.10400390625 0.02734375 0.0419921875
58 0.3525390625 0.1044921875 0.02734375 0.0419921875
59 0.3896484375 0.10302734375 0.02734375 0.0419921875
53 0.46044921875 0.10498046875 0.02734375 0.0419921875
55 0.49609375 0.10498046875 0.02734375 0.0419921875
59 0.5703125 0.10595703125 0.02734375 0.0419921875
56 0.60791015625 0.10498046875 0.02734375 0.0419921875
37 0.6435546875 0.10498046875 0.02734375 0.0419921875
39 0.68017578125 0.1044921875 0.02734375 0.0419921875
43 0.71826171875 0.1044921875 0.02734375 0.0419921875
37 0.13330078125 0.22119140625 0.02734375 0.0419921875
38 0.17041015625 0.22265625 0.02734375 0.0419921875
39 0.20703125 0.22265625 0.02734375 0.0419921875
41 0.24169921875 0.22265625 0.02734375 0.0419921875
43 0.279296875 0.2216796875 0.02734375 0.0419921875
45 0.31201171875 0.2216796875 0.02734375 0.0419921875
46 0.35009765625 0.22119140625 0.02734375 0.0419921875
47 0.38623046875 0.22119140625 0.02734375 0.0419921875
49 0.45751953125 0.2216796875 0.02734375 0.0419921875
48 0.4228515625 0.22119140625 0.02734375 0.0419921875
50 0.49462890625 0.2216796875 0.02734375 0.0419921875
51 0.53271484375 0.22314453125 0.02734375 0.0419921875
52 0.56884765625 0.2216796875 0.02734375 0.0419921875
53 0.60546875 0.2216796875 0.02734375 0.0419921875
42 0.67822265625 0.22314453125 0.02734375 0.0419921875
44 0.71630859375 0.22412109375 0.02734375 0.0419921875
53 0.78955078125 0.22509765625 0.02734375 0.0419921875
46 0.826171875 0.22509765625 0.02734375 0.0419921875
55 0.9013671875 0.22607421875 0.02734375 0.0419921875
56 0.93994140625 0.22509765625 0.02734375 0.0419921875
57 0.97705078125 0.2265625 0.02734375 0.0419921875
62 0.13037109375 0.2783203125 0.02734375 0.0419921875
63 0.166015625 0.2783203125 0.02734375 0.0419921875
64 0.20361328125 0.27783203125 0.02734375 0.0419921875
65 0.23828125 0.2783203125 0.02734375 0.0419921875
66 0.2763671875 0.28125 0.02734375 0.0419921875
40 0.3486328125 0.27978515625 0.02734375 0.0419921875
40 0.384765625 0.2783203125 0.02734375 0.0419921875
40 0.42138671875 0.28173828125 0.02734375 0.0419921875
54 0.49462890625 0.283203125 0.02734375 0.0419921875
54 0.5673828125 0.283203125 0.02734375 0.0419921875
54 0.6416015625 0.28466796875 0.02734375 0.0419921875
40 0.12548828125 0.33447265625 0.02734375 0.0419921875
33 0.16552734375 0.33447265625 0.02734375 0.0419921875
48 0.201171875 0.3330078125 0.02734375 0.0419921875
60 0.23681640625 0.33447265625 0.02734375 0.0419921875
47 0.2734375 0.3330078125 0.02734375 0.0419921875
59 0.34716796875 0.33447265625 0.02734375 0.0419921875
56 0.38232421875 0.3359375 0.02734375 0.0419921875
37 0.41845703125 0.33544921875 0.02734375 0.0419921875
39 0.45703125 0.33544921875 0.02734375 0.0419921875
43 0.49169921875 0.33544921875 0.02734375 0.0419921875
37 0.12548828125 0.3896484375 0.02734375 0.0419921875
38 0.16259765625 0.39208984375 0.02734375 0.0419921875
37 0.2333984375 0.39111328125 0.02734375 0.0419921875
38 0.3076171875 0.39453125 0.02734375 0.0419921875
39 0.38330078125 0.392578125 0.02734375 0.0419921875
41 0.4560546875 0.39501953125 0.02734375 0.0419921875
43 0.52880859375 0.3974609375 0.02734375 0.0419921875
45 0.6015625 0.396484375 0.02734375 0.0419921875
46 0.6767578125 0.3984375 0.02734375 0.0419921875
47 0.7509765625 0.3984375 0.02734375 0.0419921875
48 0.82666015625 0.3994140625 0.02734375 0.0419921875
49 0.90234375 0.400390625 0.02734375 0.0419921875
50 0.9755859375 0.4033203125 0.02734375 0.0419921875
53 0.1240234375 0.44970703125 0.02734375 0.0419921875
42 0.19873046875 0.451171875 0.02734375 0.0419921875
44 0.2333984375 0.45068359375 0.02734375 0.0419921875
53 0.306640625 0.453125 0.02734375 0.0419921875
46 0.3427734375 0.45166015625 0.02734375 0.0419921875
55 0.4169921875 0.4541015625 0.02734375 0.0419921875
56 0.490234375 0.455078125 0.02734375 0.0419921875
57 0.56494140625 0.455078125 0.02734375 0.0419921875
58 0.638671875 0.458984375 0.02734375 0.0419921875
59 0.71240234375 0.4580078125 0.02734375 0.0419921875
60 0.78759765625 0.46142578125 0.02734375 0.0419921875
61 0.8623046875 0.46142578125 0.02734375 0.0419921875
62 0.93798828125 0.4638671875 0.02734375 0.0419921875
65 0.12060546875 0.5078125 0.02734375 0.0419921875
66 0.1953125 0.51123046875 0.02734375 0.0419921875
40 0.1201171875 0.5673828125 0.02734375 0.0419921875
24 0.15625 0.5673828125 0.02734375 0.0419921875
48 0.193359375 0.56787109375 0.02734375 0.0419921875
53 0.26611328125 0.56787109375 0.02734375 0.0419921875
61 0.3037109375 0.56787109375 0.02734375 0.0419921875
52 0.3408203125 0.56787109375 0.02734375 0.0419921875
38 0.37744140625 0.56787109375 0.02734375 0.0419921875
43 0.416015625 0.568359375 0.02734375 0.0419921875
58 0.4521484375 0.5693359375 0.02734375 0.0419921875
59 0.48828125 0.57275390625 0.02734375 0.0419921875
54 0.11669921875 0.68798828125 0.02734375 0.0419921875
54 0.11279296875 0.806640625 0.02734375 0.0419921875
54 0.111328125 0.86572265625 0.02734375 0.0419921875
54 0.2275390625 0.689453125 0.02734375 0.0419921875
54 0.22607421875 0.8056640625 0.02734375 0.0419921875
54 0.3359375 0.69384765625 0.02734375 0.0419921875
54 0.3359375 0.806640625 0.02734375 0.0419921875
54 0.41357421875 0.6923828125 0.02734375 0.0419921875
54 0.44970703125 0.81005859375 0.02734375 0.0419921875
54 0.52490234375 0.6943359375 0.02734375 0.0419921875
54 0.56103515625 0.80859375 0.02734375 0.0419921875
54 0.63671875 0.6943359375 0.02734375 0.0419921875
54 0.67236328125 0.81396484375 0.02734375 0.0419921875
54 0.7490234375 0.69873046875 0.02734375 0.0419921875
54 0.78662109375 0.81787109375 0.02734375 0.0419921875
54 0.8623046875 0.70068359375 0.02734375 0.0419921875
54 0.90087890625 0.81787109375 0.02734375 0.0419921875
0 0.15283203125 0.68603515625 0.02734375 0.0419921875
1 0.26416015625 0.68701171875 0.02734375 0.0419921875
2 0.37353515625 0.69189453125 0.02734375 0.0419921875
3 0.45068359375 0.69189453125 0.02734375 0.0419921875
4 0.56103515625 0.69384765625 0.02734375 0.0419921875
5 0.67431640625 0.6943359375 0.02734375 0.0419921875
6 0.7861328125 0.697265625 0.02734375 0.0419921875
7 0.89892578125 0.69970703125 0.02734375 0.0419921875
54 0.974609375 0.703125 0.02734375 0.0419921875
8 0.9375 0.818359375 0.02734375 0.0419921875
7 0.82470703125 0.8154296875 0.02734375 0.0419921875
6 0.7109375 0.81298828125 0.02734375 0.0419921875
5 0.59765625 0.80908203125 0.02734375 0.0419921875
4 0.373046875 0.80810546875 0.02734375 0.0419921875
2 0.48681640625 0.80859375 0.02734375 0.0419921875
3 0.2626953125 0.806640625 0.02734375 0.0419921875
1 0.1494140625 0.806640625 0.02734375 0.0419921875
0 0.14697265625 0.86669921875 0.02734375 0.0419921875