40 0.10597333333333334 0.14652666666666667 0.021943333333333332 0.034723333333333335
22 0.13569666666666666 0.14347000000000001 0.021943333333333332 0.034723333333333335
43 0.16611333333333334 0.14249666666666666 0.023333333333333334 0.03611333333333334
60 0.19778 0.14055333333333334 0.02222 0.03555666666666667
60 0.22805666666666666 0.13916333333333333 0.020553333333333333 0.035
43 0.25639 0.13860666666666666 0.021666666666666667 0.03389
58 0.2880566666666666 0.13916333333333333 0.022776666666666667 0.03611333333333334
59 0.3197233333333333 0.13805333333333333 0.021666666666666667 0.03722333333333333
53 0.37889 0.13555 0.023333333333333334 0.03555666666666667
55 0.4105566666666667 0.13444 0.024443333333333334 0.03666666666666667
59 0.47111333333333333 0.13555 0.023333333333333334 0.03778
56 0.5011099999999999 0.13332666666666668 0.023333333333333334 0.03889
37 0.53111 0.13388333333333333 0.02111 0.03778
39 0.5619433333333334 0.13166 0.023886666666666667 0.03666666666666667
43 0.5927733333333333 0.13166 0.023333333333333334 0.03778
37 0.11305333333333334 0.24527 0.020553333333333333 0.03389
38 0.14277666666666666 0.24582666666666667 0.02111 0.03389
39 0.1727766666666667 0.24471666666666667 0.02222 0.03389
41 0.20360666666666669 0.24277333333333334 0.022776666666666667 0.03444666666666667
43 0.23388333333333333 0.24138333333333334 0.02111 0.03389
45 0.26416333333333336 0.23999333333333334 0.021666666666666667 0.03444666666666667
46 0.29472 0.24054999999999999 0.022776666666666667 0.03444666666666667
47 0.32444333333333336 0.23888333333333334 0.023333333333333334 0.03333333333333333
48 0.35583 0.23804999999999998 0.023886666666666667 0.03166666666666667
49 0.38472 0.23776999999999998 0.022776666666666667 0.031113333333333333
50 0.4127766666666666 0.23804999999999998 0.02111 0.03389
51 0.44416666666666665 0.23721666666666666 0.021666666666666667 0.03444666666666667
52 0.47444333333333333 0.23721666666666666 0.023333333333333334 0.03555666666666667
53 0.5052766666666666 0.23666 0.023886666666666667 0.03666666666666667
42 0.5627766666666666 0.2361066666666667 0.02111 0.03666666666666667
44 0.5924966666666667 0.2336033333333333 0.023886666666666667 0.03722333333333333
53 0.65194 0.23082666666666668 0.022776666666666667 0.035
46 0.6811066666666666 0.23082666666666668 0.02222 0.035
55 0.74055 0.22888333333333333 0.023333333333333334 0.03666666666666667
56 0.7713833333333333 0.22721666666666665 0.022776666666666667 0.03444666666666667
57 0.8022166666666667 0.22583 0.02222 0.035
58 0.83194 0.22444333333333336 0.021666666666666667 0.03333333333333333
59 0.8624966666666666 0.22361 0.023886666666666667 0.035
60 0.8922166666666667 0.22249666666666668 0.02222 0.035
61 0.9222166666666667 0.22221666666666665 0.02111 0.03444666666666667
62 0.11721666666666666 0.2947166666666667 0.023333333333333334 0.03389
63 0.1488833333333333 0.29416333333333333 0.023333333333333334 0.035
64 0.17804999999999999 0.29166333333333333 0.022776666666666667 0.03444666666666667
65 0.20638333333333334 0.2924966666666667 0.023886666666666667 0.03389
66 0.2386066666666667 0.29194333333333333 0.022776666666666667 0.03611333333333334
40 0.29917 0.2891666666666667 0.022776666666666667 0.03389
40 0.3297233333333333 0.2891666666666667 0.020553333333333333 0.035
40 0.3586133333333333 0.29 0.022776666666666667 0.03666666666666667
54 0.4183366666666667 0.2866666666666667 0.023333333333333334 0.03555666666666667
54 0.47667 0.28694333333333333 0.023333333333333334 0.035
54 0.5358366666666666 0.285 0.022776666666666667 0.03778
40 0.12139000000000001 0.3433333333333333 0.025 0.03666666666666667
33 0.15278 0.3397233333333333 0.024443333333333334 0.035
48 0.18111333333333335 0.3386133333333333 0.02222 0.035
60 0.21194333333333334 0.3383333333333333 0.022776666666666667 0.03444333333333333
47 0.24083333333333334 0.33916666666666667 0.022776666666666667 0.035
59 0.30278 0.3372233333333333 0.02111 0.03555666666666667
56 0.33111 0.33666666666666667 0.02555333333333333 0.03666666666666667
37 0.36083333333333334 0.3369433333333334 0.020553333333333333 0.036109999999999996
39 0.38999666666666666 0.3355533333333333 0.02111 0.03444333333333333
43 0.41972000000000004 0.3355533333333333 0.022776666666666667 0.03555666666666667
37 0.12416666666666666 0.39082666666666666 0.021663333333333333 0.03389
38 0.15499666666666667 0.39055 0.02111 0.03444333333333333
37 0.21361000000000002 0.38888333333333336 0.021663333333333333 0.03666666666666667
38 0.27610666666666667 0.38860666666666666 0.02222 0.03833333333333333
39 0.33333 0.38388333333333335 0.023329999999999997 0.03222333333333333
41 0.39305333333333337 0.3838866666666667 0.022776666666666667 0.03555666666666667
43 0.45110999999999996 0.38305000000000006 0.024443333333333334 0.03722333333333333
45 0.5091666666666667 0.38055000000000005 0.021663333333333333 0.03666666666666667
46 0.5658333333333333 0.3777733333333333 0.022776666666666667 0.03444333333333333
47 0.6230566666666667 0.37555333333333335 0.020553333333333333 0.03666666666666667
48 0.6786133333333333 0.37333 0.024996666666666664 0.03333333333333333
49 0.74 0.37083 0.023329999999999997 0.03389
50 0.79917 0.36833 0.022776666666666667 0.03222333333333333
51 0.8569466666666667 0.3669433333333333 0.019443333333333333 0.030556666666666666
52 0.9172233333333334 0.36583 0.027776666666666665 0.036109999999999996
53 0.13111333333333333 0.43861 0.02111 0.036109999999999996
42 0.18861333333333336 0.43583333333333335 0.021663333333333333 0.03277666666666667
44 0.21833666666666665 0.43416666666666665 0.024443333333333334 0.03277666666666667
53 0.27888999999999997 0.43417 0.02222 0.03389
46 0.30833666666666665 0.43333666666666665 0.02222 0.03555666666666667
55 0.36583666666666664 0.43139000000000005 0.022776666666666667 0.036109999999999996
56 0.4236133333333333 0.42917 0.022776666666666667 0.035
57 0.48028 0.4261133333333333 0.024996666666666664 0.03666666666666667
58 0.5372266666666667 0.42444666666666664 0.02222 0.03666666666666667
59 0.5938933333333334 0.4222266666666667 0.023329999999999997 0.03333333333333333
60 0.6513933333333334 0.42028 0.022776666666666667 0.035
61 0.70973 0.4186133333333333 0.023886666666666667 0.035
62 0.7677866666666667 0.41778 0.02222 0.03555666666666667
63 0.8263966666666667 0.4158366666666667 0.024996666666666664 0.03277666666666667
65 0.13528666666666667 0.4852833333333333 0.024996666666666664 0.03277666666666667
66 0.19251 0.48306000000000004 0.026109999999999998 0.03277666666666667
40 0.13973 0.5294466666666666 0.020553333333333333 0.03444333333333333
24 0.16667333333333334 0.5275033333333333 0.024443333333333334 0.03166666666666667
48 0.1963966666666667 0.5266666666666666 0.021663333333333333 0.03222333333333333
53 0.25584 0.5236133333333333 0.022776666666666667 0.030556666666666666
61 0.2852866666666667 0.5227766666666667 0.020553333333333333 0.03444333333333333
52 0.31223 0.5219433333333333 0.02222 0.03277666666666667
38 0.34306333333333333 0.5202766666666666 0.020553333333333333 0.03166666666666667
43 0.37084 0.51861 0.020553333333333333 0.030556666666666666
58 0.40084 0.51694 0.020553333333333333 0.03277666666666667
59 0.4288966666666667 0.5166633333333334 0.019996666666666666 0.03333333333333333
54 0.14862 0.61889 0.021663333333333333 0.03222333333333333
54 0.15584 0.7047199999999999 0.022776666666666667 0.030556666666666666
54 0.16223 0.7477766666666666 0.019996666666666666 0.03222333333333333
54 0.23473000000000002 0.6141666666666666 0.022776666666666667 0.03166666666666667
54 0.24084 0.7 0.020553333333333333 0.03222333333333333
54 0.32000666666666666 0.61 0.02222 0.03111
54 0.32500666666666667 0.6947233333333334 0.02222 0.03166666666666667
54 0.37667666666666666 0.6075 0.019996666666666666 0.03166666666666667
54 0.4094533333333333 0.6894433333333333 0.02222 0.03111
54 0.4608433333333333 0.6030533333333333 0.023886666666666667 0.030556666666666666
54 0.4908433333333333 0.6855533333333332 0.019443333333333333 0.03111
54 0.5430633333333333 0.6005533333333334 0.022776666666666667 0.03111
54 0.5719533333333333 0.68111 0.021663333333333333 0.03111
54 0.62584 0.5969433333333333 0.021663333333333333 0.03166666666666667
54 0.6552866666666667 0.68 0.020553333333333333 0.03111
54 0.7102833333333333 0.5963866666666667 0.022776666666666667 0.030556666666666666
54 0.7380633333333334 0.68083 0.021663333333333333 0.030556666666666666
54 0.79445 0.595 0.023329999999999997 0.03222333333333333
54 0.8238966666666667 0.6786099999999999 0.02222 0.029443333333333332
54 0.88084 0.59361 0.021663333333333333 0.03166666666666667
0 0.17584 0.61722 0.022776666666666667 0.03222333333333333
0 0.18611666666666668 0.7458333333333333 0.02222 0.030556666666666666
1 0.2616733333333333 0.6127766666666666 0.02222 0.03333333333333333
1 0.18028666666666668 0.70389 0.01833 0.03222333333333333
2 0.34528666666666663 0.6091666666666666 0.01833 0.03166666666666667
3 0.4038966666666667 0.6058333333333333 0.019996666666666666 0.03277666666666667
4 0.4863966666666667 0.6022233333333333 0.021663333333333333 0.03222333333333333
5 0.5691733333333333 0.5977766666666666 0.022776666666666667 0.03111
6 0.6519533333333333 0.59611 0.022776666666666667 0.03111
7 0.7377866666666667 0.5958333333333333 0.02222 0.03277666666666667
8 0.8227866666666667 0.5955533333333334 0.02111 0.03
9 0.90973 0.5944433333333333 0.020553333333333333 0.03333333333333333
9 0.8505666666666666 0.6786099999999999 0.02111 0.028333333333333332
8 0.7655633333333334 0.6794399999999999 0.02111 0.03
7 0.6819533333333333 0.68 0.019443333333333333 0.03
6 0.5991733333333333 0.6802766666666666 0.020553333333333333 0.029443333333333332
5 0.5161166666666667 0.6841666666666667 0.02111 0.03277666666666667
4 0.35223000000000004 0.6933333333333334 0.02111 0.03
3 0.26723 0.69861 0.02222 0.03166666666666667
2 0.43528666666666666 0.6888866666666666 0.019443333333333333 0.03111
52 0.17125 0.8695166666666667 0.02361 0.03014
37 0.19791666666666666 0.86646 0.019166666666666665 0.03125
46 0.22597333333333333 0.8653500000000001 0.023056666666666666 0.03180666666666667
37 0.25305666666666665 0.86285 0.019166666666666665 0.03125
53 0.28139 0.8570166666666668 0.020276666666666665 0.026806666666666666
41 0.30861 0.8557666666666667 0.0225 0.027916666666666666
37 0.33458333333333334 0.8536833333333333 0.0175 0.029026666666666666
53 0.3625 0.8521533333333333 0.02139 0.029583333333333333
46 0.38860999999999996 0.85035 0.02139 0.03014
61 0.4418066666666667 0.8497933333333334 0.0225 0.03014
52 0.46889000000000003 0.8495166666666667 0.020276666666666665 0.029583333333333333
37 0.49389000000000005 0.8497933333333334 0.016390000000000002 0.029026666666666666
46 0.5225 0.8497933333333334 0.02139 0.03125
37 0.54875 0.8486833333333333 0.020833333333333332 0.029026666666666666
59 0.6040266666666666 0.8493766666666667 0.020276666666666665 0.03014
37 0.6295833333333334 0.84882 0.019723333333333332 0.03014
48 0.6843066666666667 0.8506266666666668 0.020833333333333332 0.03180666666666667
53 0.71236 0.8516 0.02139 0.03180666666666667
65 0.73986 0.8506266666666668 0.0225 0.03125
55 0.7672233333333334 0.8517366666666667 0.019723333333333332 0.029026666666666666
50 0.1752766666666667 0.9059033333333334 0.020276666666666665 0.024583333333333332
61 0.20389 0.9042366666666667 0.0225 0.024583333333333332
52 0.2309733333333333 0.9007666666666667 0.020833333333333332 0.02736
61 0.25819333333333333 0.8992366666666667 0.02139 0.024583333333333332
59 0.28472333333333333 0.8956266666666667 0.018609999999999998 0.029026666666666666
60 0.3122233333333333 0.8932666666666668 0.01805666666666667 0.027916666666666666
37 0.33680666666666664 0.8924333333333334 0.015833333333333335 0.024583333333333332
50 0.3905566666666667 0.8921533333333334 0.01805666666666667 0.029583333333333333
37 0.4156933333333333 0.8918766666666667 0.019166666666666665 0.030693333333333333
65 0.4440266666666666 0.8920166666666667 0.021943333333333332 0.03236
55 0.4697233333333334 0.8920166666666667 0.020833333333333332 0.029583333333333333