53 0.093017578125 0.118896484375 0.05126953125 0.083984375
55 0.1640625 0.1123046875 0.05224609375 0.07861328125
59 0.3046875 0.10986328125 0.046875 0.07421875
56 0.37451171875 0.107666015625 0.0458984375 0.076171875
37 0.4423828125 0.107421875 0.046875 0.07421875
39 0.51318359375 0.106201171875 0.0478515625 0.07177734375
43 0.578125 0.10595703125 0.048828125 0.07763671875
48 0.046630859375 0.34521484375 0.04443359375 0.07275390625
49 0.11376953125 0.34130859375 0.0458984375 0.07421875
50 0.181640625 0.339599609375 0.04345703125 0.072265625
51 0.25048828125 0.337890625 0.0478515625 0.07177734375
52 0.31689453125 0.337158203125 0.04296875 0.0703125
53 0.3828125 0.3349609375 0.04052734375 0.0703125
42 0.5107421875 0.330322265625 0.04638671875 0.068359375
44 0.57763671875 0.33203125 0.0419921875 0.0693359375
53 0.7041015625 0.326904296875 0.04443359375 0.0751953125
46 0.7685546875 0.326904296875 0.03955078125 0.0703125
55 0.89306640625 0.326171875 0.0439453125 0.06640625
56 0.95654296875 0.322998046875 0.04833984375 0.0673828125
54 0.19384765625 0.44482421875 0.0419921875 0.0703125
54 0.32421875 0.441162109375 0.04248046875 0.0712890625
54 0.45361328125 0.438720703125 0.04052734375 0.0625
37 0.067626953125 0.545166015625 0.04541015625 0.0673828125
39 0.133544921875 0.54296875 0.0439453125 0.0673828125
43 0.199462890625 0.54248046875 0.04541015625 0.07080078125
41 0.14453125 0.63916015625 0.04736328125 0.06640625
43 0.267822265625 0.634521484375 0.0458984375 0.07275390625
45 0.393798828125 0.62353515625 0.0439453125 0.06201171875
46 0.513916015625 0.621337890625 0.03955078125 0.0634765625
47 0.635009765625 0.61767578125 0.03955078125 0.06689453125
48 0.756591796875 0.6171875 0.04541015625 0.068359375
49 0.8740234375 0.615478515625 0.04345703125 0.0712890625
55 0.09619140625 0.728271484375 0.04541015625 0.060546875
56 0.2177734375 0.72265625 0.04833984375 0.06298828125
57 0.336669921875 0.71728515625 0.0439453125 0.06298828125
58 0.455322265625 0.712158203125 0.0419921875 0.0615234375
59 0.574462890625 0.710205078125 0.0439453125 0.0576171875
60 0.691650390625 0.70703125 0.04541015625 0.06201171875
61 0.806884765625 0.703125 0.04052734375 0.05908203125
62 0.921630859375 0.69921875 0.04052734375 0.05810546875
38 0.0595703125 0.890625 0.03759765625 0.05224609375
43 0.11865234375 0.88916015625 0.03955078125 0.05810546875
58 0.175048828125 0.885498046875 0.0419921875 0.0556640625
59 0.233642578125 0.883056640625 0.03515625 0.0546875