54 0.249267578125 0.05810546875 0.044921875 0.078125
54 0.4462890625 0.058349609375 0.04248046875 0.06982421875
54 0.646728515625 0.06591796875 0.04931640625 0.07470703125
54 0.78076171875 0.068115234375 0.04931640625 0.072265625
54 0.242919921875 0.263671875 0.046875 0.06884765625
54 0.433349609375 0.273681640625 0.0478515625 0.0712890625
54 0.63037109375 0.282470703125 0.04833984375 0.080078125
54 0.839111328125 0.29052734375 0.04345703125 0.0673828125
54 0.24169921875 0.37255859375 0.04443359375 0.06884765625
0 0.313232421875 0.05712890625 0.05078125 0.0810546875
1 0.51123046875 0.057861328125 0.04638671875 0.072265625
2 0.712646484375 0.063232421875 0.04736328125 0.07470703125
3 0.85400390625 0.068359375 0.0537109375 0.080078125
1 0.302001953125 0.260986328125 0.0458984375 0.0712890625
3 0.500732421875 0.271484375 0.04443359375 0.0703125
4 0.70458984375 0.2841796875 0.04150390625 0.07373046875
2 0.906005859375 0.288330078125 0.0439453125 0.07275390625
0 0.3037109375 0.379638671875 0.04296875 0.07177734375
52 0.222412109375 0.678466796875 0.04345703125 0.07080078125
37 0.286376953125 0.6787109375 0.04248046875 0.06982421875
46 0.349365234375 0.684814453125 0.0458984375 0.06884765625
37 0.412109375 0.68798828125 0.04296875 0.07421875
53 0.475830078125 0.691650390625 0.04638671875 0.07568359375
41 0.538818359375 0.69482421875 0.044921875 0.07666015625
37 0.606689453125 0.694580078125 0.044921875 0.07470703125
53 0.669921875 0.69921875 0.04296875 0.07275390625
46 0.73388671875 0.702392578125 0.0439453125 0.07421875
50 0.218994140625 0.778076171875 0.0478515625 0.0703125
61 0.282958984375 0.78173828125 0.04443359375 0.0703125
52 0.342041015625 0.785400390625 0.046875 0.0703125
61 0.4072265625 0.7900390625 0.0458984375 0.0703125
59 0.4697265625 0.795166015625 0.046875 0.06884765625
60 0.534423828125 0.79736328125 0.048828125 0.0703125
37 0.5986328125 0.796142578125 0.0400390625 0.064453125
50 0.727783203125 0.806396484375 0.05126953125 0.06787109375
37 0.791015625 0.81201171875 0.052734375 0.07568359375
65 0.85302734375 0.811767578125 0.0478515625 0.0712890625
55 0.916748046875 0.81298828125 0.04248046875 0.06982421875
61 0.862060546875 0.711181640625 0.046875 0.07958984375
52 0.926513671875 0.711181640625 0.0546875 0.0693359375