53 0.2265625 0.12060546875 0.04443359375 0.06982421875
42 0.33544921875 0.1240234375 0.048828125 0.07177734375
44 0.39404296875 0.12548828125 0.0498046875 0.07080078125
53 0.50146484375 0.12841796875 0.04296875 0.0673828125
46 0.55712890625 0.1279296875 0.03662109375 0.06884765625
55 0.66650390625 0.12939453125 0.03955078125 0.0673828125
56 0.77978515625 0.1259765625 0.04443359375 0.0673828125
57 0.890625 0.12890625 0.03857421875 0.06640625
65 0.2353515625 0.212890625 0.03955078125 0.05859375
66 0.341796875 0.2138671875 0.04296875 0.06298828125
40 0.2451171875 0.29736328125 0.04296875 0.05859375
24 0.2939453125 0.298828125 0.03857421875 0.06640625
19 0.3466796875 0.2998046875 0.03515625 0.06640625
53 0.44677734375 0.298828125 0.03955078125 0.06201171875
61 0.50048828125 0.29833984375 0.04296875 0.06298828125
52 0.5517578125 0.2998046875 0.0341796875 0.06201171875
38 0.6025390625 0.30126953125 0.03857421875 0.06201171875
43 0.65576171875 0.30224609375 0.03759765625 0.06396484375
58 0.708984375 0.30126953125 0.03515625 0.06396484375
59 0.76171875 0.3037109375 0.03662109375 0.06298828125
54 0.26123046875 0.45556640625 0.033203125 0.0576171875
54 0.40478515625 0.45556640625 0.03173828125 0.05322265625
54 0.5478515625 0.4599609375 0.03515625 0.05322265625
54 0.64453125 0.46484375 0.033203125 0.05419921875
54 0.796875 0.47119140625 0.03515625 0.05078125
54 0.9560546875 0.47900390625 0.0341796875 0.05322265625
54 0.2724609375 0.58935546875 0.03076171875 0.0517578125
54 0.40576171875 0.59716796875 0.03076171875 0.05419921875
54 0.5439453125 0.6064453125 0.02978515625 0.04638671875
54 0.68798828125 0.61279296875 0.03515625 0.0498046875
54 0.83642578125 0.62451171875 0.033203125 0.048828125
54 0.27294921875 0.6611328125 0.02978515625 0.04443359375
0 0.30712890625 0.45703125 0.0341796875 0.05859375
1 0.4501953125 0.4560546875 0.03515625 0.056640625
2 0.59423828125 0.4609375 0.033203125 0.05322265625
3 0.6943359375 0.46484375 0.03759765625 0.05419921875
4 0.85107421875 0.47021484375 0.03515625 0.05517578125
1 0.314453125 0.58935546875 0.03076171875 0.0498046875
3 0.44873046875 0.59912109375 0.03076171875 0.05078125
4 0.58935546875 0.6083984375 0.02978515625 0.0498046875
2 0.7353515625 0.61376953125 0.03076171875 0.0517578125
5 0.884765625 0.62451171875 0.02978515625 0.048828125
0 0.3173828125 0.66259765625 0.02734375 0.04296875
52 0.2626953125 0.87353515625 0.0322265625 0.0498046875
37 0.3095703125 0.8740234375 0.0322265625 0.0498046875
46 0.35205078125 0.87939453125 0.0322265625 0.0498046875
37 0.39697265625 0.880859375 0.0322265625 0.0498046875
53 0.4404296875 0.88671875 0.0322265625 0.0498046875
41 0.4873046875 0.89013671875 0.0322265625 0.0498046875
37 0.53271484375 0.8916015625 0.0322265625 0.0498046875
53 0.57861328125 0.896484375 0.0322265625 0.0498046875
46 0.62646484375 0.89892578125 0.0322265625 0.0498046875
61 0.72021484375 0.90771484375 0.0322265625 0.0498046875
52 0.76806640625 0.91162109375 0.0322265625 0.0498046875
37 0.814453125 0.91162109375 0.0322265625 0.0498046875
46 0.86474609375 0.9150390625 0.0322265625 0.0498046875
37 0.912109375 0.91748046875 0.0322265625 0.0498046875
50 0.2626953125 0.94580078125 0.0322265625 0.0498046875
61 0.30615234375 0.94921875 0.0322265625 0.0498046875
52 0.349609375 0.95263671875 0.0322265625 0.0498046875
61 0.3935546875 0.9560546875 0.0322265625 0.0498046875
59 0.439453125 0.9609375 0.0322265625 0.0498046875
60 0.484375 0.96337890625 0.0322265625 0.0498046875
37 0.52783203125 0.96533203125 0.0322265625 0.0498046875
50 0.62353515625 0.97314453125 0.0322265625 0.0498046875
37 0.6689453125 0.97509765625 0.0322265625 0.0498046875