48 0.13166666666666665 0.04722333333333333 0.04555666666666666 0.07444333333333333
49 0.2672233333333333 0.041666666666666664 0.04777666666666667 0.07666666666666666
50 0.40610999999999997 0.03889 0.05889 0.07333333333333333
51 0.54111 0.03833333333333333 0.05333333333333334 0.07
52 0.6677766666666667 0.03555666666666667 0.048889999999999996 0.06222333333333333
60 0.07055666666666666 0.16111 0.04777666666666667 0.07555666666666666
61 0.2027766666666667 0.15222333333333335 0.05 0.08
62 0.3394433333333334 0.14833333333333334 0.05 0.07
63 0.47333333333333333 0.14444333333333334 0.044443333333333335 0.07111
54 0.03222333333333333 0.58611 0.04 0.07444333333333333
54 0.22666666666666666 0.5822233333333333 0.048889999999999996 0.07111
54 0.425 0.5766666666666667 0.04555666666666666 0.06888999999999999
54 0.6222233333333334 0.5722233333333333 0.042223333333333335 0.07111
54 0.11277666666666666 0.7855566666666667 0.04111 0.06666666666666667
54 0.30389 0.7833333333333333 0.043333333333333335 0.06666666666666667
54 0.49889 0.7727766666666667 0.044443333333333335 0.06333333333333334
6 0.08944333333333333 0.5866666666666667 0.04777666666666667 0.07333333333333333
7 0.2916666666666667 0.5827766666666666 0.04555666666666666 0.07666666666666666
8 0.4894433333333333 0.5772233333333333 0.04555666666666666 0.07222333333333333
9 0.6894433333333333 0.5694433333333333 0.04111 0.07222333333333333
7 0.17444333333333334 0.78611 0.04666666666666667 0.07
8 0.3644433333333333 0.78111 0.04666666666666667 0.06888999999999999
9 0.5616666666666666 0.7716666666666666 0.04111 0.06333333333333334