45 0.033203125 0.28857421875 0.0224609375 0.037109375
46 0.06884765625 0.28759765625 0.02490234375 0.03662109375
47 0.1025390625 0.2880859375 0.02392578125 0.03955078125
48 0.1396484375 0.2861328125 0.02197265625 0.03955078125
49 0.171875 0.2861328125 0.02294921875 0.04443359375
50 0.20751953125 0.28515625 0.0263671875 0.04052734375
51 0.2412109375 0.283203125 0.0224609375 0.03955078125
52 0.27587890625 0.2822265625 0.02685546875 0.041015625
53 0.3095703125 0.28173828125 0.02490234375 0.03759765625
42 0.3759765625 0.27978515625 0.02392578125 0.03759765625
44 0.41015625 0.279296875 0.02294921875 0.041015625
53 0.478515625 0.27734375 0.02294921875 0.041015625
46 0.51171875 0.27734375 0.0205078125 0.03857421875
55 0.5791015625 0.27392578125 0.02197265625 0.037109375
56 0.6123046875 0.27197265625 0.02197265625 0.03857421875
57 0.646484375 0.271484375 0.0205078125 0.03857421875
58 0.68017578125 0.27099609375 0.02392578125 0.04052734375
59 0.71533203125 0.26953125 0.02490234375 0.03759765625
60 0.74951171875 0.26904296875 0.02490234375 0.03759765625
61 0.78076171875 0.26708984375 0.0244140625 0.03955078125
40 0.08154296875 0.34375 0.02197265625 0.03369140625
40 0.1171875 0.34423828125 0.01904296875 0.033203125
40 0.150390625 0.34423828125 0.02197265625 0.029296875
54 0.2158203125 0.33984375 0.02392578125 0.03662109375
54 0.283203125 0.33642578125 0.02294921875 0.03662109375
54 0.34912109375 0.3359375 0.0224609375 0.037109375
59 0.08642578125 0.3955078125 0.01953125 0.03369140625
56 0.119140625 0.39501953125 0.0224609375 0.03369140625
37 0.15185546875 0.39208984375 0.02197265625 0.0341796875
39 0.18603515625 0.390625 0.02099609375 0.037109375
43 0.2197265625 0.39013671875 0.02197265625 0.03662109375
38 0.0615234375 0.4482421875 0.02197265625 0.03369140625
39 0.12646484375 0.44287109375 0.02197265625 0.0322265625
41 0.19287109375 0.4423828125 0.0244140625 0.03515625
43 0.25830078125 0.439453125 0.02294921875 0.03759765625
45 0.32421875 0.4365234375 0.02099609375 0.03564453125
46 0.3876953125 0.43505859375 0.02294921875 0.0322265625
47 0.45263671875 0.43359375 0.02099609375 0.03125
48 0.5146484375 0.43505859375 0.0224609375 0.03515625
49 0.580078125 0.43212890625 0.01953125 0.0341796875
50 0.642578125 0.42919921875 0.0224609375 0.03515625
51 0.70947265625 0.42724609375 0.0244140625 0.03564453125
52 0.77392578125 0.42578125 0.0224609375 0.0341796875
53 0.07080078125 0.49658203125 0.02392578125 0.0341796875
46 0.10302734375 0.49609375 0.02294921875 0.03564453125
55 0.16796875 0.49462890625 0.02392578125 0.03173828125
56 0.23095703125 0.4892578125 0.02294921875 0.033203125
57 0.2958984375 0.48779296875 0.02197265625 0.03515625
58 0.35888671875 0.48583984375 0.0205078125 0.0302734375
59 0.4228515625 0.4853515625 0.02099609375 0.03173828125
60 0.48486328125 0.4833984375 0.01904296875 0.033203125
61 0.54833984375 0.48291015625 0.02197265625 0.033203125
62 0.6103515625 0.48046875 0.02197265625 0.03515625
63 0.67578125 0.4794921875 0.02197265625 0.03662109375
64 0.740234375 0.478515625 0.02294921875 0.033203125
53 0.05615234375 0.58984375 0.02294921875 0.0322265625
61 0.0888671875 0.58837890625 0.02294921875 0.03125
52 0.1181640625 0.5859375 0.02294921875 0.03173828125
38 0.14990234375 0.58544921875 0.01953125 0.033203125
43 0.18017578125 0.583984375 0.01904296875 0.033203125
58 0.212890625 0.58447265625 0.02197265625 0.03515625
59 0.2431640625 0.58154296875 0.0185546875 0.03173828125
54 0.04541015625 0.67822265625 0.0185546875 0.029296875
54 0.1337890625 0.67724609375 0.01708984375 0.0302734375
54 0.19287109375 0.67626953125 0.017578125 0.0322265625
54 0.28173828125 0.6748046875 0.0205078125 0.0322265625
54 0.37255859375 0.6728515625 0.0185546875 0.0322265625
54 0.46142578125 0.67236328125 0.0185546875 0.0322265625
54 0.55322265625 0.671875 0.017578125 0.03369140625
54 0.64453125 0.67138671875 0.02197265625 0.033203125
54 0.73779296875 0.671875 0.01708984375 0.033203125
54 0.05712890625 0.76416015625 0.0185546875 0.03125
54 0.14208984375 0.76416015625 0.01953125 0.0322265625
54 0.2294921875 0.7646484375 0.015625 0.0341796875
54 0.31689453125 0.7646484375 0.0185546875 0.03173828125
54 0.40478515625 0.76513671875 0.017578125 0.03515625
54 0.4951171875 0.76416015625 0.017578125 0.03125
54 0.58447265625 0.76318359375 0.017578125 0.029296875
54 0.67626953125 0.76416015625 0.01904296875 0.033203125
1 0.06982421875 0.67724609375 0.0185546875 0.0302734375
2 0.16064453125 0.67724609375 0.01708984375 0.03173828125
3 0.220703125 0.67529296875 0.01953125 0.0302734375
4 0.310546875 0.6748046875 0.0205078125 0.03515625
5 0.3994140625 0.67333984375 0.02099609375 0.0341796875
6 0.490234375 0.6728515625 0.0185546875 0.03369140625
7 0.58154296875 0.6708984375 0.02197265625 0.033203125
8 0.673828125 0.67041015625 0.02099609375 0.0322265625
9 0.76953125 0.671875 0.01953125 0.03125
3 0.08447265625 0.765625 0.01904296875 0.0322265625
4 0.169921875 0.76416015625 0.01953125 0.03125
2 0.2568359375 0.76513671875 0.0185546875 0.033203125
5 0.345703125 0.76416015625 0.0205078125 0.03173828125
6 0.43310546875 0.76416015625 0.017578125 0.033203125
7 0.52392578125 0.765625 0.01953125 0.0322265625
8 0.61376953125 0.76513671875 0.01953125 0.03564453125
9 0.70703125 0.76416015625 0.02197265625 0.0322265625
58 0.05126953125 0.17431640625 0.02392578125 0.04052734375
59 0.08740234375 0.17236328125 0.02490234375 0.03759765625
43 0.0146484375 0.1728515625 0.02392578125 0.04052734375
53 0.15771484375 0.1708984375 0.02294921875 0.041015625
55 0.19287109375 0.16845703125 0.02197265625 0.037109375
59 0.2646484375 0.16650390625 0.02490234375 0.041015625
56 0.298828125 0.16455078125 0.02490234375 0.041015625
37 0.33251953125 0.1640625 0.02490234375 0.041015625
39 0.3671875 0.162109375 0.02490234375 0.041015625
43 0.40478515625 0.1611328125 0.02490234375 0.041015625