53 0.12060546875 0.43505859375 0.05419921875 0.08984375
46 0.19384765625 0.43505859375 0.04736328125 0.08740234375
55 0.34521484375 0.43701171875 0.05419921875 0.091796875
56 0.421875 0.43603515625 0.0498046875 0.08984375
57 0.49609375 0.4345703125 0.05419921875 0.08642578125
58 0.57080078125 0.43701171875 0.0498046875 0.09423828125
59 0.64501953125 0.4384765625 0.0498046875 0.09619140625
60 0.72119140625 0.43896484375 0.0595703125 0.09326171875
61 0.79541015625 0.435546875 0.048828125 0.0908203125
47 0.06396484375 0.77978515625 0.0517578125 0.0888671875
48 0.2041015625 0.78076171875 0.0498046875 0.0810546875
49 0.35107421875 0.7822265625 0.05078125 0.08642578125
50 0.49755859375 0.78076171875 0.05322265625 0.08544921875
51 0.640625 0.78076171875 0.0517578125 0.0830078125
52 0.783203125 0.7783203125 0.05322265625 0.07861328125
60 0.14013671875 0.88720703125 0.048828125 0.07421875
61 0.28076171875 0.890625 0.0498046875 0.0810546875
62 0.42041015625 0.892578125 0.0517578125 0.08544921875
63 0.5654296875 0.890625 0.04638671875 0.0810546875