55 0.1181640625 0.35888671875 0.05419921875 0.083984375
56 0.201171875 0.35546875 0.05517578125 0.083984375
57 0.28369140625 0.35205078125 0.0498046875 0.08642578125
58 0.36669921875 0.34814453125 0.05322265625 0.08544921875
59 0.453125 0.34912109375 0.048828125 0.08642578125
60 0.53515625 0.34765625 0.05859375 0.0908203125
61 0.6181640625 0.34619140625 0.05419921875 0.09619140625
49 0.11865234375 0.7705078125 0.05517578125 0.0986328125
50 0.291015625 0.7607421875 0.06201171875 0.09423828125
51 0.46337890625 0.7578125 0.06201171875 0.09326171875
52 0.63623046875 0.75 0.05859375 0.09521484375
61 0.04150390625 0.90771484375 0.05419921875 0.083984375
62 0.2041015625 0.904296875 0.05859375 0.09521484375
63 0.3779296875 0.8994140625 0.05517578125 0.091796875