53 0.329833984375 0.8203125 0.0439453125 0.064453125
61 0.389892578125 0.82177734375 0.048828125 0.06396484375
52 0.449462890625 0.823974609375 0.04345703125 0.064453125
38 0.506591796875 0.827880859375 0.0419921875 0.064453125
43 0.565185546875 0.826416015625 0.04296875 0.06591796875
58 0.624267578125 0.827880859375 0.04248046875 0.06689453125
59 0.68115234375 0.832275390625 0.04296875 0.0625
41 0.27587890625 0.248046875 0.0439453125 0.08740234375
43 0.34033203125 0.248046875 0.044921875 0.0859375
45 0.40478515625 0.253173828125 0.0439453125 0.08642578125
46 0.4697265625 0.25341796875 0.0439453125 0.083984375
47 0.531982421875 0.255859375 0.04248046875 0.08056640625
48 0.596923828125 0.259521484375 0.04248046875 0.08203125
50 0.722900390625 0.26220703125 0.0390625 0.07373046875
49 0.662841796875 0.261474609375 0.04248046875 0.078125
51 0.786865234375 0.26220703125 0.04052734375 0.072265625
52 0.848388671875 0.270751953125 0.04248046875 0.078125
53 0.908935546875 0.271728515625 0.037109375 0.072265625
53 0.673583984375 0.04638671875 0.04052734375 0.076171875
55 0.7373046875 0.052001953125 0.04638671875 0.07275390625
56 0.9287109375 0.06298828125 0.0439453125 0.0732421875
58 0.479248046875 0.034912109375 0.04345703125 0.06982421875
59 0.545166015625 0.040283203125 0.0458984375 0.07373046875
60 0.281005859375 0.03076171875 0.04541015625 0.0615234375
66 0.338623046875 0.3486328125 0.04248046875 0.06787109375
40 0.46533203125 0.360595703125 0.041015625 0.06298828125
40 0.5283203125 0.36279296875 0.03955078125 0.0654296875
40 0.59130859375 0.36376953125 0.041015625 0.0654296875
54 0.71728515625 0.366455078125 0.04296875 0.0712890625
54 0.838623046875 0.37255859375 0.041015625 0.06689453125
54 0.960205078125 0.380126953125 0.0419921875 0.0634765625
60 0.2724609375 0.4453125 0.04638671875 0.07177734375
59 0.462158203125 0.453857421875 0.0419921875 0.0673828125
56 0.525146484375 0.455078125 0.04345703125 0.0703125
37 0.587646484375 0.45849609375 0.041015625 0.06982421875
39 0.649169921875 0.460205078125 0.041015625 0.06787109375
43 0.712158203125 0.462646484375 0.03955078125 0.06884765625
37 0.078857421875 0.5380859375 0.04248046875 0.06787109375
38 0.141845703125 0.541015625 0.04345703125 0.06640625
39 0.519287109375 0.547607421875 0.0419921875 0.0595703125
41 0.64111328125 0.55322265625 0.0419921875 0.06201171875
43 0.76318359375 0.560302734375 0.0419921875 0.064453125
45 0.8828125 0.565673828125 0.04248046875 0.060546875
44 0.2724609375 0.642578125 0.04443359375 0.06689453125
53 0.394287109375 0.647216796875 0.04296875 0.0712890625
46 0.455322265625 0.647216796875 0.044921875 0.072265625
55 0.573486328125 0.649658203125 0.04248046875 0.068359375
56 0.694091796875 0.6552734375 0.0439453125 0.06591796875
57 0.815185546875 0.661376953125 0.04541015625 0.0693359375
58 0.928466796875 0.662841796875 0.03759765625 0.064453125
48 0.210693359375 0.81982421875 0.0439453125 0.064453125
24 0.150146484375 0.822998046875 0.0439453125 0.064453125
40 0.091064453125 0.820068359375 0.0439453125 0.064453125
42 0.2099609375 0.638916015625 0.04443359375 0.06689453125
66 0.209228515625 0.732177734375 0.04443359375 0.06689453125
65 0.086669921875 0.730224609375 0.04443359375 0.06689453125
53 0.08203125 0.63720703125 0.04296875 0.0712890625
37 0.271240234375 0.54296875 0.04248046875 0.06787109375
38 0.39453125 0.548828125 0.04345703125 0.06640625
48 0.20703125 0.444091796875 0.04638671875 0.07177734375
33 0.14404296875 0.443115234375 0.04638671875 0.07177734375
40 0.08251953125 0.44091796875 0.0419921875 0.0673828125
65 0.272705078125 0.345703125 0.04443359375 0.06689453125
64 0.210205078125 0.343994140625 0.04443359375 0.06689453125
63 0.142822265625 0.341796875 0.04443359375 0.06689453125
62 0.080322265625 0.3388671875 0.04443359375 0.06689453125
60 0.345458984375 0.031494140625 0.04541015625 0.06298828125
39 0.2099609375 0.245361328125 0.0458984375 0.0849609375
38 0.14599609375 0.242919921875 0.0458984375 0.0888671875
37 0.08056640625 0.23828125 0.0458984375 0.0888671875
59 0.865234375 0.06103515625 0.0439453125 0.0732421875
37 0.98193359375 0.06640625 0.0361328125 0.0732421875
47 0.337890625 0.44873046875 0.04150390625 0.072265625