54 0.1015625 0.06494140625 0.046875 0.0712890625
54 0.2939453125 0.065185546875 0.046875 0.0712890625
54 0.49169921875 0.0673828125 0.046875 0.0712890625
54 0.68408203125 0.0771484375 0.046875 0.0712890625
54 0.87158203125 0.082763671875 0.046875 0.0712890625
54 0.925048828125 0.283203125 0.046875 0.0712890625
54 0.740478515625 0.28125 0.046875 0.0712890625
54 0.551513671875 0.277587890625 0.046875 0.0712890625
54 0.35986328125 0.273193359375 0.046875 0.0712890625
54 0.1650390625 0.2666015625 0.046875 0.0712890625
4 0.1640625 0.064453125 0.046875 0.0712890625
5 0.362060546875 0.064208984375 0.046875 0.0712890625
6 0.55517578125 0.068603515625 0.046875 0.0712890625
7 0.74951171875 0.07421875 0.046875 0.0712890625
8 0.9384765625 0.08203125 0.046875 0.0712890625
5 0.2275390625 0.270263671875 0.046875 0.0712890625
6 0.421875 0.2724609375 0.046875 0.0712890625
7 0.614013671875 0.278076171875 0.046875 0.0712890625
8 0.804931640625 0.280029296875 0.046875 0.0712890625
61 0.0400390625 0.670654296875 0.0478515625 0.0703125
52 0.103515625 0.671142578125 0.0478515625 0.0703125
37 0.16650390625 0.67041015625 0.0478515625 0.0703125
46 0.23095703125 0.671875 0.0478515625 0.0703125
37 0.29443359375 0.673583984375 0.0478515625 0.0703125
59 0.41796875 0.67431640625 0.0478515625 0.0703125
37 0.48095703125 0.67333984375 0.0478515625 0.0703125
48 0.6044921875 0.673828125 0.0478515625 0.0703125
53 0.6630859375 0.67578125 0.0478515625 0.0703125
65 0.72314453125 0.677001953125 0.0478515625 0.0703125
55 0.78662109375 0.678466796875 0.0478515625 0.0703125
65 0.04150390625 0.769775390625 0.0478515625 0.0703125
55 0.10400390625 0.769287109375 0.0478515625 0.0703125