54 0.25633333333333336 0.223 0.035333333333333335 0.06066666666666667
54 0.4136666666666667 0.22133333333333333 0.034 0.06133333333333333
54 0.577 0.22133333333333333 0.035333333333333335 0.06266666666666666
54 0.7503333333333333 0.22066666666666668 0.034 0.06266666666666666
54 0.9273333333333333 0.222 0.04133333333333333 0.064
54 0.263 0.30966666666666665 0.03133333333333333 0.059333333333333335
1 0.306 0.22233333333333333 0.034666666666666665 0.06066666666666667
3 0.4663333333333333 0.22033333333333333 0.035333333333333335 0.062
4 0.636 0.21933333333333332 0.030666666666666665 0.06133333333333333
2 0.806 0.21966666666666668 0.034666666666666665 0.06333333333333334
5 0.983 0.22066666666666668 0.034 0.064
0 0.31233333333333335 0.308 0.03133333333333333 0.058666666666666666
52 0.261 0.5573333333333333 0.03133333333333333 0.05466666666666667
37 0.30933333333333335 0.557 0.030666666666666665 0.05266666666666667
46 0.363 0.5583333333333333 0.03266666666666666 0.051333333333333335
37 0.4116666666666667 0.559 0.028666666666666667 0.05
53 0.4643333333333333 0.563 0.035333333333333335 0.058
41 0.515 0.564 0.034 0.05333333333333334
37 0.569 0.5656666666666667 0.03133333333333333 0.051333333333333335
53 0.621 0.568 0.034 0.05466666666666667
46 0.6766666666666666 0.57 0.03333333333333333 0.05333333333333334
61 0.7853333333333333 0.5743333333333334 0.036 0.058
52 0.843 0.5766666666666667 0.038 0.056
37 0.8986666666666666 0.5776666666666667 0.032 0.05533333333333333
46 0.9546666666666667 0.5773333333333334 0.034666666666666665 0.05333333333333334
50 0.25933333333333336 0.6366666666666667 0.032 0.052
61 0.31133333333333335 0.6403333333333333 0.03333333333333333 0.056666666666666664
52 0.362 0.642 0.032 0.056
61 0.41233333333333333 0.6436666666666667 0.035333333333333335 0.05266666666666667
59 0.4633333333333333 0.647 0.036 0.054
60 0.516 0.6486666666666666 0.030666666666666665 0.05333333333333334
37 0.5646666666666667 0.6483333333333333 0.030666666666666665 0.051333333333333335
50 0.6733333333333333 0.656 0.034666666666666665 0.05466666666666667
37 0.7313333333333333 0.6573333333333333 0.034666666666666665 0.052
65 0.7813333333333333 0.6606666666666666 0.036 0.058666666666666666
55 0.8373333333333334 0.663 0.034666666666666665 0.058
54 0.23466666666666666 0.03966666666666667 0.035333333333333335 0.06066666666666667
54 0.4063333333333333 0.034666666666666665 0.035333333333333335 0.06066666666666667
0 0.2906666666666667 0.034666666666666665 0.03133333333333333 0.058666666666666666
1 0.45766666666666667 0.030333333333333334 0.034666666666666665 0.06066666666666667
54 0.5796666666666667 0.033 0.035333333333333335 0.06066666666666667
54 0.698 0.033 0.035333333333333335 0.06066666666666667
54 0.8813333333333333 0.030333333333333334 0.035333333333333335 0.06066666666666667
2 0.636 0.033 0.034666666666666665 0.06333333333333334
3 0.7596666666666667 0.031 0.035333333333333335 0.062
4 0.946 0.030666666666666665 0.030666666666666665 0.06133333333333333