53 0.12458333333333334 0.43442 0.06916333333333334 0.09484
37 0.04134 0.43128 0.06916333333333334 0.09484
37 0.046053333333333335 0.5709533333333333 0.06916333333333334 0.09484
59 0.12929666666666667 0.5756600000000001 0.06916333333333334 0.09484
60 0.21725 0.5756600000000001 0.06916333333333334 0.09484
37 0.3052033333333333 0.5788 0.06916333333333334 0.09484
41 0.21253666666666668 0.4281433333333334 0.06916333333333334 0.09484
37 0.3036333333333333 0.4297133333333334 0.06916333333333334 0.09484
53 0.39630000000000004 0.43756 0.06916333333333334 0.10111666666666667
46 0.48582333333333333 0.43756 0.06916333333333334 0.10111666666666667
50 0.48582333333333333 0.58194 0.06916333333333334 0.10111666666666667
37 0.5737766666666666 0.58194 0.06916333333333334 0.10111666666666667
65 0.6570199999999999 0.58508 0.06916333333333334 0.10111666666666667
55 0.7418333333333333 0.5788033333333333 0.06916333333333334 0.10111666666666667
61 0.66016 0.44541000000000003 0.06916333333333334 0.10111666666666667
52 0.7465433333333333 0.44227 0.06916333333333334 0.10111666666666667
37 0.83764 0.4407 0.06916333333333334 0.10111666666666667
46 0.9287366666666667 0.4454066666666667 0.06916333333333334 0.10111666666666667