55 0.22314453125 0.13671875 0.0478515625 0.07421875
38 0.05224609375 0.0419921875 0.0478515625 0.07421875
39 0.17138671875 0.0380859375 0.0478515625 0.07421875
41 0.29248046875 0.0380859375 0.0478515625 0.07421875
43 0.4150390625 0.037109375 0.0478515625 0.07421875
45 0.54443359375 0.037109375 0.0478515625 0.07421875
46 0.671875 0.0380859375 0.0478515625 0.07421875
47 0.79638671875 0.0400390625 0.0478515625 0.07421875
48 0.9228515625 0.04296875 0.0478515625 0.07421875
60 0.85693359375 0.146484375 0.0517578125 0.0751953125
59 0.732421875 0.142578125 0.0517578125 0.0751953125
58 0.6025390625 0.138671875 0.0517578125 0.0751953125
57 0.47509765625 0.1376953125 0.0517578125 0.0751953125
56 0.35107421875 0.13330078125 0.0517578125 0.0751953125
53 0.0478515625 0.140625 0.0478515625 0.07421875
46 0.10888671875 0.13671875 0.0478515625 0.07421875
61 0.048828125 0.328125 0.0478515625 0.07421875
52 0.10791015625 0.3271484375 0.0478515625 0.07421875
38 0.166015625 0.3271484375 0.0478515625 0.07421875
43 0.2265625 0.328125 0.0478515625 0.07421875
58 0.28955078125 0.33251953125 0.0478515625 0.07421875
59 0.34765625 0.33447265625 0.0478515625 0.07421875
54 0.1123046875 0.52783203125 0.0478515625 0.07421875
2 0.16845703125 0.5283203125 0.0478515625 0.07421875
54 0.23046875 0.52783203125 0.0478515625 0.07421875
3 0.28857421875 0.529296875 0.0478515625 0.07421875
54 0.4091796875 0.5361328125 0.0478515625 0.07421875
4 0.47021484375 0.5361328125 0.0478515625 0.07421875
54 0.59228515625 0.5390625 0.0478515625 0.07421875
54 0.28857421875 0.7177734375 0.0478515625 0.07421875
5 0.65185546875 0.53955078125 0.0478515625 0.07421875
5 0.5263671875 0.7216796875 0.0478515625 0.068359375
2 0.3466796875 0.720703125 0.0478515625 0.07421875
54 0.1142578125 0.71142578125 0.0478515625 0.07421875
4 0.17236328125 0.71044921875 0.0478515625 0.07421875
54 0.4658203125 0.7216796875 0.05078125 0.072265625
54 0.64501953125 0.72900390625 0.05078125 0.072265625
54 0.77783203125 0.54638671875 0.05078125 0.072265625
54 0.82958984375 0.73291015625 0.05078125 0.072265625
6 0.70703125 0.72998046875 0.05078125 0.072265625
7 0.8896484375 0.73388671875 0.05078125 0.072265625
6 0.8408203125 0.54736328125 0.05078125 0.072265625
54 0.96435546875 0.55029296875 0.05078125 0.072265625