54 0.0576171875 0.1181640625 0.04150390625 0.056640625
51 0.10986328125 0.03759765625 0.04150390625 0.056640625
52 0.15380859375 0.03466796875 0.03759765625 0.0556640625
53 0.20361328125 0.03271484375 0.03759765625 0.0556640625
50 0.05712890625 0.04150390625 0.03759765625 0.0556640625
54 0.154296875 0.1123046875 0.04150390625 0.056640625
54 0.25 0.11376953125 0.04150390625 0.056640625
43 0.05908203125 0.189453125 0.04150390625 0.056640625
43 0.10693359375 0.271484375 0.04150390625 0.056640625
45 0.20458984375 0.26708984375 0.04150390625 0.056640625
46 0.3046875 0.26220703125 0.04150390625 0.056640625
47 0.40478515625 0.26318359375 0.04150390625 0.056640625
48 0.505859375 0.259765625 0.04150390625 0.056640625
56 0.05908203125 0.35400390625 0.04150390625 0.056640625
57 0.16015625 0.35302734375 0.04150390625 0.056640625
58 0.25537109375 0.34912109375 0.04150390625 0.056640625
59 0.3583984375 0.3486328125 0.0419921875 0.05908203125
60 0.45703125 0.345703125 0.0419921875 0.05908203125
49 0.6083984375 0.25927734375 0.04150390625 0.056640625
50 0.70849609375 0.25830078125 0.04150390625 0.056640625
50 0.8056640625 0.2568359375 0.04150390625 0.056640625
52 0.90283203125 0.255859375 0.04150390625 0.056640625
63 0.7587890625 0.33984375 0.04150390625 0.056640625
62 0.6591796875 0.34130859375 0.04150390625 0.056640625
61 0.55615234375 0.34228515625 0.04150390625 0.056640625
59 0.068359375 0.51123046875 0.04150390625 0.056640625
58 0.02099609375 0.51123046875 0.04150390625 0.056640625
54 0.12255859375 0.6669921875 0.04150390625 0.056640625
3 0.02685546875 0.66943359375 0.04150390625 0.056640625
54 0.2705078125 0.66552734375 0.04150390625 0.056640625
54 0.03662109375 0.8173828125 0.04150390625 0.056640625
54 0.1796875 0.81494140625 0.04150390625 0.056640625
4 0.1708984375 0.666015625 0.04150390625 0.056640625
5 0.31884765625 0.662109375 0.04150390625 0.056640625
6 0.4658203125 0.66064453125 0.04150390625 0.056640625
54 0.416015625 0.66162109375 0.04150390625 0.056640625
54 0.32763671875 0.81591796875 0.04150390625 0.056640625
6 0.373046875 0.81201171875 0.04150390625 0.056640625
54 0.564453125 0.6591796875 0.04150390625 0.056640625
54 0.47314453125 0.8095703125 0.04296875 0.056640625
54 0.615234375 0.8046875 0.04296875 0.056640625
54 0.76416015625 0.80419921875 0.04296875 0.056640625
54 0.7119140625 0.65673828125 0.04296875 0.056640625
8 0.76171875 0.65625 0.04296875 0.056640625
7 0.61474609375 0.65771484375 0.0400390625 0.056640625
7 0.52001953125 0.810546875 0.0400390625 0.056640625
8 0.6640625 0.80712890625 0.0400390625 0.056640625
9 0.81201171875 0.80322265625 0.04296875 0.056640625
9 0.91259765625 0.65234375 0.04296875 0.056640625
54 0.8564453125 0.6513671875 0.04296875 0.056640625
5 0.22802734375 0.814453125 0.04150390625 0.056640625
2 0.08203125 0.81884765625 0.04150390625 0.056640625