60 0.3095703125 0.080810546875 0.0439453125 0.06640625
40 0.12548828125 0.079833984375 0.0439453125 0.06640625
22 0.18701171875 0.0810546875 0.0439453125 0.06640625
43 0.24658203125 0.07958984375 0.0439453125 0.06640625
60 0.3701171875 0.079345703125 0.0439453125 0.06640625
43 0.43212890625 0.07958984375 0.0439453125 0.06640625
58 0.4921875 0.0849609375 0.0439453125 0.06640625
59 0.55517578125 0.083740234375 0.0439453125 0.06640625
53 0.677734375 0.0869140625 0.0439453125 0.06640625
55 0.73876953125 0.08935546875 0.0439453125 0.06640625
59 0.8603515625 0.096435546875 0.0439453125 0.06640625
56 0.92236328125 0.0966796875 0.0439453125 0.06640625
37 0.98046875 0.098876953125 0.03857421875 0.06494140625
37 0.12060546875 0.270751953125 0.0439453125 0.06640625
38 0.18115234375 0.2734375 0.0439453125 0.06640625
39 0.24462890625 0.27490234375 0.0439453125 0.06640625
41 0.30615234375 0.277099609375 0.0439453125 0.06640625
43 0.3623046875 0.278564453125 0.0439453125 0.06640625
45 0.42626953125 0.279296875 0.0439453125 0.06640625
62 0.11865234375 0.374267578125 0.0439453125 0.06640625
64 0.23974609375 0.3779296875 0.0439453125 0.06640625
63 0.17919921875 0.3740234375 0.0439453125 0.06640625
65 0.30126953125 0.377197265625 0.0439453125 0.06640625
66 0.3623046875 0.381591796875 0.0439453125 0.06640625
40 0.1162109375 0.472412109375 0.0439453125 0.06640625
33 0.1748046875 0.47119140625 0.0439453125 0.06640625
48 0.23486328125 0.4697265625 0.0439453125 0.06640625
47 0.35986328125 0.475830078125 0.0439453125 0.06640625
37 0.11083984375 0.568603515625 0.0439453125 0.06640625
38 0.16748046875 0.572265625 0.0439453125 0.06640625
37 0.29443359375 0.571044921875 0.0439453125 0.06640625
38 0.4169921875 0.57421875 0.0439453125 0.06640625
53 0.107421875 0.670166015625 0.0439453125 0.06640625
42 0.23046875 0.669677734375 0.0439453125 0.06640625
44 0.2919921875 0.675048828125 0.04638671875 0.0673828125
65 0.107421875 0.770263671875 0.04638671875 0.0673828125
66 0.2294921875 0.775146484375 0.04638671875 0.0673828125
40 0.1064453125 0.864501953125 0.04638671875 0.0673828125
24 0.16552734375 0.86669921875 0.04638671875 0.0673828125
48 0.22998046875 0.863037109375 0.04638671875 0.0673828125
53 0.3515625 0.8740234375 0.04638671875 0.0673828125
61 0.40966796875 0.87548828125 0.04638671875 0.0673828125
52 0.4755859375 0.876708984375 0.04638671875 0.0673828125
38 0.53466796875 0.879150390625 0.04638671875 0.0673828125
53 0.4150390625 0.67919921875 0.04638671875 0.0673828125
46 0.47998046875 0.678466796875 0.04638671875 0.0673828125
43 0.59814453125 0.880859375 0.04638671875 0.0673828125
58 0.66162109375 0.8837890625 0.04638671875 0.0673828125
59 0.72412109375 0.884033203125 0.04638671875 0.0673828125
55 0.6025390625 0.68408203125 0.04638671875 0.0673828125
56 0.7275390625 0.689208984375 0.04638671875 0.0673828125
57 0.85205078125 0.69140625 0.04638671875 0.0673828125
43 0.7939453125 0.587158203125 0.04638671875 0.0673828125
58 0.97265625 0.696044921875 0.04638671875 0.0673828125
41 0.66845703125 0.5849609375 0.04638671875 0.0673828125
39 0.54052734375 0.580810546875 0.04638671875 0.0673828125
59 0.48291015625 0.4794921875 0.04833984375 0.0673828125
56 0.544921875 0.480224609375 0.04833984375 0.0673828125
37 0.6083984375 0.48046875 0.04833984375 0.0673828125
39 0.6708984375 0.482421875 0.04833984375 0.0673828125
46 0.490234375 0.283203125 0.0439453125 0.06640625
47 0.55078125 0.281982421875 0.0439453125 0.06640625
48 0.61328125 0.284912109375 0.0439453125 0.06640625
40 0.48486328125 0.38720703125 0.0439453125 0.06640625
40 0.55078125 0.385498046875 0.0439453125 0.06640625
40 0.611328125 0.387939453125 0.0439453125 0.06640625
54 0.73681640625 0.39453125 0.0439453125 0.06640625
54 0.8623046875 0.396728515625 0.0439453125 0.06640625
53 0.923828125 0.29736328125 0.0439453125 0.06640625
52 0.861328125 0.291259765625 0.0439453125 0.06640625
51 0.80078125 0.291259765625 0.0439453125 0.06640625
50 0.7373046875 0.28955078125 0.0439453125 0.06640625
49 0.6748046875 0.2861328125 0.0439453125 0.06640625
60 0.2958984375 0.474365234375 0.0439453125 0.06640625
43 0.734375 0.48193359375 0.04833984375 0.0673828125
45 0.91748046875 0.59033203125 0.04638671875 0.0673828125