53 0.0849609375 0.29541015625 0.0595703125 0.09375
46 0.1650390625 0.294921875 0.0498046875 0.091796875
55 0.3173828125 0.2978515625 0.0546875 0.09521484375
56 0.39599609375 0.301513671875 0.0546875 0.09521484375
57 0.470703125 0.303466796875 0.0546875 0.09521484375
58 0.5458984375 0.308837890625 0.0546875 0.09521484375
59 0.62060546875 0.306396484375 0.0546875 0.09521484375
60 0.69091796875 0.3115234375 0.0546875 0.09521484375
61 0.7607421875 0.31005859375 0.0546875 0.09521484375
60 0.109375 0.763427734375 0.0546875 0.08203125
61 0.255859375 0.76220703125 0.0546875 0.08203125
62 0.39599609375 0.761474609375 0.0546875 0.08203125
63 0.53759765625 0.760498046875 0.0546875 0.08203125
52 0.7490234375 0.6435546875 0.0546875 0.08203125
50 0.607421875 0.6474609375 0.0546875 0.08203125
50 0.47265625 0.648681640625 0.0546875 0.08203125
49 0.3251953125 0.6494140625 0.0498046875 0.07861328125
48 0.1767578125 0.6484375 0.0498046875 0.07861328125
47 0.02978515625 0.651123046875 0.0498046875 0.07861328125