53 0.0869140625 0.2880859375 0.0615234375 0.0947265625
46 0.1669921875 0.2890625 0.0517578125 0.0927734375
55 0.3193359375 0.294677734375 0.056640625 0.09619140625
56 0.397705078125 0.300048828125 0.056640625 0.09619140625
57 0.472412109375 0.302978515625 0.056640625 0.09619140625
58 0.547607421875 0.3095703125 0.056640625 0.09619140625
59 0.622314453125 0.30859375 0.056640625 0.09619140625
60 0.692626953125 0.315185546875 0.056640625 0.09619140625
61 0.762451171875 0.314697265625 0.056640625 0.09619140625
60 0.100341796875 0.75634765625 0.056640625 0.0830078125
61 0.2470703125 0.7578125 0.056640625 0.0830078125
62 0.38720703125 0.759521484375 0.056640625 0.0830078125
63 0.52880859375 0.76123046875 0.056640625 0.0830078125
52 0.742919921875 0.64794921875 0.056640625 0.0830078125
50 0.601318359375 0.6494140625 0.056640625 0.0830078125
50 0.466552734375 0.648193359375 0.056640625 0.0830078125
49 0.319091796875 0.646240234375 0.0517578125 0.07958984375
48 0.170654296875 0.642822265625 0.0517578125 0.07958984375
47 0.024658203125 0.642822265625 0.04931640625 0.07958984375