40 0.087646484375 0.1416015625 0.03076171875 0.0537109375
22 0.133544921875 0.142333984375 0.0341796875 0.0517578125
14 0.180419921875 0.14111328125 0.03369140625 0.05517578125
30 0.229248046875 0.140869140625 0.0302734375 0.05517578125
30 0.278564453125 0.140869140625 0.03125 0.0546875
14 0.327880859375 0.14013671875 0.03271484375 0.05615234375
58 0.379150390625 0.139404296875 0.03369140625 0.05517578125
29 0.427001953125 0.1396484375 0.03125 0.05859375
53 0.523681640625 0.138671875 0.0302734375 0.0537109375
55 0.573486328125 0.13818359375 0.03369140625 0.05517578125
59 0.674560546875 0.13623046875 0.03076171875 0.052734375
56 0.723388671875 0.136962890625 0.03271484375 0.0537109375
37 0.775634765625 0.13671875 0.0341796875 0.05029296875
39 0.825439453125 0.13671875 0.0322265625 0.0498046875
43 0.871826171875 0.136474609375 0.02880859375 0.0498046875
37 0.099365234375 0.30126953125 0.0322265625 0.048828125
38 0.147705078125 0.302001953125 0.02880859375 0.0498046875
39 0.194091796875 0.298095703125 0.0322265625 0.0439453125
41 0.240966796875 0.298828125 0.03076171875 0.04638671875
43 0.288330078125 0.300537109375 0.0322265625 0.05029296875
45 0.337158203125 0.30126953125 0.0302734375 0.052734375
46 0.383544921875 0.300537109375 0.03076171875 0.04638671875
47 0.429443359375 0.30224609375 0.03076171875 0.0498046875
48 0.475830078125 0.302490234375 0.02880859375 0.048828125
49 0.524169921875 0.3037109375 0.03125 0.0517578125
50 0.572998046875 0.302734375 0.0322265625 0.05126953125
51 0.621826171875 0.300048828125 0.03271484375 0.0517578125
52 0.665283203125 0.2998046875 0.03271484375 0.05029296875
53 0.714599609375 0.300048828125 0.03076171875 0.048828125
42 0.809326171875 0.300537109375 0.0322265625 0.048828125
44 0.856689453125 0.30224609375 0.03369140625 0.05029296875
53 0.952880859375 0.302001953125 0.03564453125 0.05029296875
62 0.113525390625 0.376708984375 0.037109375 0.04833984375
63 0.157470703125 0.3759765625 0.02880859375 0.0439453125
64 0.202880859375 0.376708984375 0.0341796875 0.048828125
65 0.248779296875 0.37548828125 0.03271484375 0.04541015625
66 0.294189453125 0.377197265625 0.03515625 0.046875
54 0.570068359375 0.3759765625 0.0302734375 0.046875
54 0.661865234375 0.37548828125 0.0302734375 0.046875
54 0.756103515625 0.3759765625 0.0302734375 0.046875
40 0.390380859375 0.378173828125 0.0302734375 0.046875
40 0.432861328125 0.3779296875 0.0302734375 0.046875
40 0.477783203125 0.378173828125 0.0302734375 0.046875
40 0.123291015625 0.445556640625 0.0302734375 0.046875
33 0.164794921875 0.44677734375 0.03271484375 0.048828125
19 0.207275390625 0.447998046875 0.02880859375 0.05126953125
30 0.254638671875 0.4453125 0.03076171875 0.0498046875
47 0.299560546875 0.445068359375 0.03125 0.04833984375
59 0.390380859375 0.445556640625 0.0244140625 0.0439453125
56 0.434326171875 0.4453125 0.029296875 0.04345703125
37 0.480712890625 0.446044921875 0.0302734375 0.04345703125
39 0.525146484375 0.4462890625 0.03076171875 0.04541015625
43 0.569091796875 0.444580078125 0.025390625 0.044921875
37 0.259765625 0.513671875 0.03076171875 0.046875
38 0.3505859375 0.513671875 0.03076171875 0.04541015625
39 0.43603515625 0.51220703125 0.03076171875 0.0419921875
41 0.52294921875 0.515625 0.02734375 0.04833984375
43 0.609375 0.515625 0.029296875 0.0498046875
45 0.70263671875 0.516845703125 0.0322265625 0.0498046875
46 0.791015625 0.516357421875 0.02734375 0.046875
47 0.88134765625 0.517333984375 0.02880859375 0.046875
48 0.972900390625 0.519287109375 0.03076171875 0.04638671875
53 0.13623046875 0.579345703125 0.02685546875 0.0400390625
44 0.26611328125 0.5771484375 0.03076171875 0.04150390625
42 0.22607421875 0.576904296875 0.0283203125 0.04150390625
53 0.35107421875 0.578125 0.02685546875 0.04296875
46 0.39501953125 0.578369140625 0.02685546875 0.044921875
55 0.48046875 0.577392578125 0.02685546875 0.04150390625
56 0.5654296875 0.579833984375 0.0302734375 0.04150390625
57 0.65283203125 0.581298828125 0.02880859375 0.0439453125
58 0.74072265625 0.5830078125 0.02978515625 0.04052734375
59 0.8291015625 0.58837890625 0.03125 0.04345703125
60 0.92041015625 0.58642578125 0.03515625 0.0439453125
65 0.147216796875 0.640869140625 0.0302734375 0.03369140625
66 0.229248046875 0.639892578125 0.03173828125 0.03857421875
53 0.316162109375 0.698974609375 0.03076171875 0.03955078125
61 0.356689453125 0.69970703125 0.02734375 0.04150390625
52 0.397705078125 0.699462890625 0.02490234375 0.03857421875
38 0.439208984375 0.70068359375 0.0263671875 0.04150390625
43 0.482177734375 0.700439453125 0.02685546875 0.0419921875
58 0.523193359375 0.70166015625 0.029296875 0.0419921875
59 0.564697265625 0.702880859375 0.02685546875 0.0419921875
54 0.165283203125 0.81591796875 0.0244140625 0.04296875
54 0.2822265625 0.820068359375 0.0244140625 0.04296875
54 0.4013671875 0.825927734375 0.0244140625 0.04296875
54 0.4814453125 0.829345703125 0.0244140625 0.04296875
54 0.60546875 0.83154296875 0.0244140625 0.04296875
54 0.72998046875 0.837158203125 0.0302734375 0.04296875
54 0.8525390625 0.83837890625 0.0302734375 0.04296875
54 0.97900390625 0.840576171875 0.0302734375 0.04296875
54 0.1689453125 0.9326171875 0.02392578125 0.04296875
54 0.28173828125 0.938720703125 0.02392578125 0.04296875
54 0.398681640625 0.949462890625 0.02734375 0.04296875
54 0.520263671875 0.951171875 0.02734375 0.04296875
54 0.642333984375 0.953369140625 0.02734375 0.04296875
54 0.761962890625 0.95703125 0.02734375 0.04296875
54 0.889404296875 0.960205078125 0.02734375 0.04296875
0 0.204345703125 0.815673828125 0.0244140625 0.04296875
1 0.3173828125 0.819091796875 0.0244140625 0.04296875
2 0.44091796875 0.82568359375 0.0244140625 0.04296875
3 0.5224609375 0.82763671875 0.0244140625 0.04296875
4 0.64501953125 0.832763671875 0.0244140625 0.04296875
5 0.7685546875 0.8359375 0.0244140625 0.04296875
6 0.896484375 0.838623046875 0.0244140625 0.04296875
1 0.205078125 0.933349609375 0.0244140625 0.04296875
3 0.321044921875 0.94384765625 0.0244140625 0.04296875
4 0.441162109375 0.94970703125 0.0244140625 0.04296875
2 0.559814453125 0.950927734375 0.0244140625 0.04296875
5 0.682373046875 0.95751953125 0.0244140625 0.04296875
6 0.803955078125 0.959228515625 0.0244140625 0.04296875
7 0.927001953125 0.95947265625 0.0244140625 0.04296875