55 0.03662109375 0.048828125 0.0322265625 0.05029296875
59 0.134765625 0.048828125 0.0341796875 0.05029296875
56 0.185546875 0.0478515625 0.02978515625 0.05322265625
37 0.2373046875 0.0478515625 0.0361328125 0.05322265625
39 0.2841796875 0.04541015625 0.03271484375 0.05224609375
43 0.33203125 0.0458984375 0.0361328125 0.05029296875
50 0.0361328125 0.2080078125 0.0322265625 0.0517578125
51 0.08837890625 0.2080078125 0.0361328125 0.0517578125
52 0.13623046875 0.2060546875 0.0341796875 0.05029296875
53 0.185546875 0.20751953125 0.03271484375 0.052734375
42 0.2822265625 0.20654296875 0.0361328125 0.0517578125
44 0.33447265625 0.20654296875 0.0341796875 0.05126953125
53 0.43359375 0.20556640625 0.03125 0.05126953125
46 0.4833984375 0.20458984375 0.03466796875 0.05126953125
55 0.58447265625 0.2060546875 0.03173828125 0.05322265625
57 0.68212890625 0.2060546875 0.02978515625 0.05517578125
58 0.7314453125 0.205078125 0.0322265625 0.05517578125
59 0.78271484375 0.20556640625 0.033203125 0.05322265625
60 0.830078125 0.20458984375 0.0322265625 0.0498046875
61 0.88037109375 0.2041015625 0.0322265625 0.05224609375
54 0.0380859375 0.287109375 0.03173828125 0.0517578125
54 0.13818359375 0.28759765625 0.03173828125 0.05126953125
54 0.2353515625 0.287109375 0.02880859375 0.05029296875
43 0.0859375 0.44775390625 0.03271484375 0.0556640625
45 0.18603515625 0.4423828125 0.02978515625 0.0517578125
46 0.2861328125 0.44482421875 0.03125 0.052734375
47 0.3876953125 0.44580078125 0.03076171875 0.05517578125
48 0.4853515625 0.4453125 0.0341796875 0.0537109375
49 0.5859375 0.4453125 0.03076171875 0.05712890625
50 0.6865234375 0.44189453125 0.03466796875 0.05029296875
51 0.78662109375 0.43994140625 0.03955078125 0.0546875
52 0.88330078125 0.439453125 0.03466796875 0.0498046875
57 0.13623046875 0.5224609375 0.03466796875 0.05322265625
56 0.03369140625 0.52490234375 0.03271484375 0.0498046875
56 0.6328125 0.205078125 0.0322265625 0.052734375
58 0.23681640625 0.5234375 0.029296875 0.04931640625
59 0.3369140625 0.52294921875 0.0341796875 0.04833984375
60 0.435546875 0.52197265625 0.0322265625 0.04833984375
61 0.5361328125 0.52294921875 0.0341796875 0.0498046875
62 0.6357421875 0.52099609375 0.033203125 0.0478515625
63 0.73681640625 0.52099609375 0.02978515625 0.04833984375
59 0.03466796875 0.68408203125 0.03125 0.0498046875
54 0.083984375 0.8486328125 0.03271484375 0.0498046875
54 0.236328125 0.84765625 0.03125 0.05224609375
54 0.38720703125 0.84375 0.03173828125 0.0517578125
54 0.5419921875 0.84375 0.02978515625 0.048828125
54 0.6923828125 0.841796875 0.03271484375 0.0498046875
54 0.84521484375 0.841796875 0.03515625 0.05322265625
4 0.13330078125 0.84716796875 0.02978515625 0.0478515625
5 0.287109375 0.8447265625 0.02978515625 0.05322265625
6 0.4375 0.8427734375 0.03173828125 0.0517578125
7 0.58837890625 0.841796875 0.03125 0.05224609375
8 0.74169921875 0.84326171875 0.03125 0.05029296875
9 0.89404296875 0.83984375 0.03125 0.05224609375