53 0.23681640625 0.173828125 0.01953125 0.0361328125
55 0.2685546875 0.1728515625 0.02001953125 0.03564453125
59 0.33154296875 0.17041015625 0.017578125 0.0361328125
56 0.3623046875 0.16943359375 0.0224609375 0.03662109375
37 0.3935546875 0.16943359375 0.021484375 0.03662109375
39 0.42578125 0.16845703125 0.0205078125 0.03515625
43 0.4560546875 0.16845703125 0.02001953125 0.03466796875
39 0.0302734375 0.2802734375 0.01806640625 0.02783203125
41 0.06005859375 0.2783203125 0.01953125 0.02734375
43 0.09033203125 0.28125 0.0205078125 0.03369140625
45 0.12109375 0.2802734375 0.01904296875 0.03564453125
46 0.15087890625 0.279296875 0.01953125 0.0341796875
47 0.181640625 0.279296875 0.01953125 0.03564453125
48 0.21435546875 0.27880859375 0.01953125 0.0341796875
49 0.244140625 0.27783203125 0.01904296875 0.03759765625
50 0.27490234375 0.275390625 0.021484375 0.03369140625
51 0.306640625 0.27490234375 0.02197265625 0.0341796875
53 0.3369140625 0.2744140625 0.0205078125 0.03466796875
52 0.36669921875 0.27392578125 0.02001953125 0.03369140625
42 0.42724609375 0.27197265625 0.02197265625 0.03271484375
44 0.458984375 0.27099609375 0.02001953125 0.0361328125
53 0.52001953125 0.26953125 0.01953125 0.0322265625
46 0.55126953125 0.27001953125 0.017578125 0.0341796875
55 0.61328125 0.267578125 0.02001953125 0.0361328125
56 0.64453125 0.26611328125 0.02001953125 0.03466796875
57 0.67578125 0.26513671875 0.01806640625 0.03466796875
58 0.70654296875 0.26513671875 0.01953125 0.03564453125
59 0.73974609375 0.26416015625 0.0205078125 0.03369140625
64 0.0341796875 0.33203125 0.02001953125 0.033203125
65 0.064453125 0.33154296875 0.02001953125 0.03125
66 0.09423828125 0.33203125 0.02197265625 0.0322265625
40 0.15625 0.3310546875 0.0244140625 0.03076171875
40 0.1884765625 0.3310546875 0.01904296875 0.0283203125
40 0.21875 0.330078125 0.0205078125 0.029296875
54 0.27880859375 0.326171875 0.01953125 0.033203125
54 0.33935546875 0.32421875 0.01953125 0.033203125
54 0.4013671875 0.32373046875 0.02099609375 0.033203125
48 0.037109375 0.38037109375 0.01806640625 0.03369140625
60 0.06884765625 0.3798828125 0.02001953125 0.0341796875
47 0.09765625 0.37841796875 0.0205078125 0.03369140625
59 0.15869140625 0.3779296875 0.0185546875 0.03125
56 0.18896484375 0.37646484375 0.01904296875 0.03125
37 0.21923828125 0.37548828125 0.01953125 0.03369140625
39 0.25 0.375 0.01953125 0.03369140625
43 0.28173828125 0.3740234375 0.01953125 0.03369140625
37 0.07275390625 0.4287109375 0.0205078125 0.03369140625
38 0.1337890625 0.427734375 0.021484375 0.03466796875
39 0.19140625 0.42578125 0.0185546875 0.033203125
41 0.2529296875 0.42529296875 0.0205078125 0.033203125
43 0.31396484375 0.42431640625 0.02099609375 0.03515625
45 0.375 0.42236328125 0.02197265625 0.0341796875
46 0.4345703125 0.4228515625 0.017578125 0.03564453125
47 0.494140625 0.419921875 0.02001953125 0.0341796875
48 0.5537109375 0.41845703125 0.0185546875 0.03271484375
49 0.61474609375 0.41796875 0.017578125 0.03515625
50 0.6748046875 0.4150390625 0.0205078125 0.033203125
50 0.73681640625 0.4130859375 0.021484375 0.03271484375
42 0.0478515625 0.47607421875 0.02099609375 0.02978515625
44 0.07666015625 0.4765625 0.02099609375 0.0322265625
53 0.1357421875 0.47607421875 0.02001953125 0.0322265625
46 0.16650390625 0.47607421875 0.01953125 0.03369140625
55 0.2255859375 0.47314453125 0.02001953125 0.03271484375
56 0.28662109375 0.4716796875 0.021484375 0.03271484375
57 0.345703125 0.4716796875 0.0205078125 0.03271484375
58 0.40625 0.470703125 0.01904296875 0.03271484375
59 0.4658203125 0.47021484375 0.0185546875 0.033203125
60 0.525390625 0.46875 0.0205078125 0.033203125
61 0.58447265625 0.46630859375 0.02001953125 0.03369140625
62 0.64453125 0.46484375 0.0185546875 0.0322265625
63 0.70556640625 0.462890625 0.017578125 0.033203125
60 0.77001953125 0.26318359375 0.02294921875 0.03564453125
61 0.8017578125 0.26171875 0.017578125 0.0341796875
52 0.79833984375 0.4130859375 0.01953125 0.0322265625
53 0.11572265625 0.56787109375 0.0205078125 0.03173828125
61 0.14501953125 0.56640625 0.02099609375 0.029296875
52 0.17529296875 0.56640625 0.02001953125 0.0302734375
38 0.2041015625 0.5654296875 0.017578125 0.029296875
43 0.23388671875 0.56494140625 0.01953125 0.02978515625
58 0.2626953125 0.5634765625 0.017578125 0.03173828125
59 0.29345703125 0.5634765625 0.02001953125 0.03076171875
54 0.0107421875 0.662109375 0.01806640625 0.03076171875
54 0.095703125 0.65966796875 0.017578125 0.02880859375
54 0.18359375 0.6591796875 0.021484375 0.033203125
54 0.23974609375 0.65771484375 0.017578125 0.03076171875
54 0.32666015625 0.65576171875 0.017578125 0.0283203125
54 0.41357421875 0.65380859375 0.017578125 0.03173828125
54 0.50048828125 0.65234375 0.017578125 0.03173828125
54 0.58740234375 0.65087890625 0.017578125 0.02978515625
54 0.67626953125 0.650390625 0.0205078125 0.03173828125
54 0.013671875 0.75244140625 0.01806640625 0.03125
54 0.09814453125 0.75146484375 0.017578125 0.029296875
54 0.18359375 0.75 0.01904296875 0.02880859375
54 0.26953125 0.74853515625 0.01806640625 0.03271484375
54 0.35791015625 0.74560546875 0.0166015625 0.03173828125
54 0.44384765625 0.744140625 0.017578125 0.03125
54 0.53125 0.74267578125 0.017578125 0.03271484375
54 0.61865234375 0.74169921875 0.01611328125 0.03125
54 0.70654296875 0.73974609375 0.01953125 0.0302734375
54 0.0166015625 0.798828125 0.0185546875 0.0322265625
0 0.03857421875 0.66064453125 0.017578125 0.0322265625
1 0.123046875 0.6591796875 0.0185546875 0.02783203125
2 0.21142578125 0.6591796875 0.0205078125 0.03369140625
3 0.267578125 0.65673828125 0.01953125 0.0302734375
4 0.3544921875 0.6552734375 0.02001953125 0.03125
5 0.44189453125 0.65380859375 0.01953125 0.03466796875
6 0.52880859375 0.65185546875 0.017578125 0.0322265625
7 0.6162109375 0.65087890625 0.0185546875 0.03125
8 0.70361328125 0.6494140625 0.01953125 0.0322265625
1 0.041015625 0.75244140625 0.02001953125 0.0322265625
3 0.12548828125 0.7509765625 0.01806640625 0.03076171875
4 0.2119140625 0.74951171875 0.01806640625 0.029296875
2 0.29931640625 0.748046875 0.017578125 0.03125
5 0.38525390625 0.74609375 0.01904296875 0.03271484375
6 0.47216796875 0.744140625 0.017578125 0.03271484375
7 0.5595703125 0.74169921875 0.01806640625 0.03173828125
8 0.64599609375 0.74169921875 0.02001953125 0.03466796875
0 0.04296875 0.79931640625 0.017578125 0.03173828125
54 0.763671875 0.64892578125 0.0205078125 0.029296875
9 0.734375 0.73876953125 0.02001953125 0.03125
9 0.79345703125 0.6484375 0.01806640625 0.02978515625
52 0.0185546875 0.935546875 0.0185546875 0.03076171875
37 0.04736328125 0.93408203125 0.017578125 0.03125
46 0.07666015625 0.93359375 0.01904296875 0.029296875
37 0.1044921875 0.93408203125 0.01904296875 0.03125
53 0.13134765625 0.93359375 0.01953125 0.03125
41 0.1611328125 0.9326171875 0.01806640625 0.02978515625
37 0.18896484375 0.931640625 0.017578125 0.029296875
53 0.21826171875 0.93115234375 0.0185546875 0.02880859375
46 0.24755859375 0.93017578125 0.0185546875 0.02880859375
61 0.30517578125 0.92919921875 0.0205078125 0.03125
52 0.33349609375 0.9296875 0.01904296875 0.0322265625
37 0.36181640625 0.92822265625 0.01953125 0.03173828125
46 0.39111328125 0.92822265625 0.01708984375 0.03076171875
37 0.42041015625 0.927734375 0.0185546875 0.03125
59 0.4775390625 0.92529296875 0.017578125 0.02880859375
37 0.50634765625 0.92529296875 0.017578125 0.02734375
48 0.564453125 0.9248046875 0.017578125 0.03076171875
53 0.5927734375 0.92333984375 0.01904296875 0.0302734375
65 0.62158203125 0.92333984375 0.01806640625 0.02978515625
55 0.650390625 0.92236328125 0.01904296875 0.03076171875
50 0.0224609375 0.97900390625 0.0224609375 0.029296875
61 0.05078125 0.9794921875 0.021484375 0.03173828125
52 0.0791015625 0.97802734375 0.0205078125 0.0302734375
61 0.1083984375 0.9775390625 0.01904296875 0.03076171875
59 0.13623046875 0.97705078125 0.017578125 0.0302734375
60 0.1650390625 0.9775390625 0.02001953125 0.0302734375
37 0.1904296875 0.9755859375 0.01806640625 0.03125
50 0.248046875 0.9755859375 0.01708984375 0.02880859375
37 0.2783203125 0.97607421875 0.017578125 0.02978515625
65 0.306640625 0.9755859375 0.01953125 0.02978515625
55 0.33447265625 0.97509765625 0.01708984375 0.03125