54 0.10944333333333332 0.20166666666666666 0.03222333333333333 0.061110000000000005
2 0.15833333333333333 0.20111 0.03666666666666667 0.06
54 0.27055666666666667 0.19944333333333333 0.03666666666666667 0.06333333333333334
54 0.43611 0.19611 0.03666666666666667 0.06777666666666667
54 0.6077766666666666 0.19277666666666668 0.04 0.07
54 0.78389 0.18944333333333335 0.04111 0.07444333333333333
3 0.32277666666666666 0.19888999999999998 0.03889 0.06444333333333334
4 0.49166666666666664 0.1972233333333333 0.03666666666666667 0.06777666666666667
5 0.6666666666666666 0.19333333333333333 0.042223333333333335 0.07111
6 0.84611 0.18944333333333335 0.04111 0.07222333333333333
54 0.9666666666666667 0.18777666666666668 0.03777666666666667 0.06666666666666667
46 0.075 0.5505566666666667 0.03444333333333333 0.056666666666666664
37 0.12389 0.5483333333333333 0.03222333333333333 0.056666666666666664
53 0.17666666666666667 0.5494433333333333 0.03777666666666667 0.05889
41 0.22722333333333333 0.55 0.03666666666666667 0.055556666666666664
37 0.28111 0.55 0.03555666666666667 0.05333333333333334
53 0.335 0.5494433333333333 0.03444333333333333 0.05889
46 0.38777666666666666 0.55 0.03777666666666667 0.06
61 0.49333333333333335 0.55 0.03333333333333333 0.06
52 0.54889 0.5505566666666667 0.03555666666666667 0.061110000000000005
37 0.6016666666666667 0.55 0.03444333333333333 0.06
46 0.6572233333333334 0.5516666666666666 0.03889 0.05889
37 0.7116666666666667 0.55111 0.03222333333333333 0.05777666666666667
59 0.825 0.55111 0.03889 0.05777666666666667
37 0.88 0.5522233333333334 0.03555666666666667 0.05777666666666667
37 0.03222333333333333 0.63111 0.03555666666666667 0.05333333333333334
52 0.07833333333333334 0.6322233333333334 0.03222333333333333 0.055556666666666664
61 0.12944333333333333 0.6333333333333333 0.03222333333333333 0.05333333333333334
60 0.23 0.6333333333333333 0.03555666666666667 0.055556666666666664
59 0.18055666666666664 0.6322233333333334 0.03444333333333333 0.055556666666666664
37 0.2833333333333333 0.6322233333333334 0.03333333333333333 0.05333333333333334
50 0.3905566666666667 0.6344433333333334 0.03889 0.05777666666666667
37 0.445 0.635 0.03889 0.061110000000000005
65 0.49389000000000005 0.6355566666666667 0.03666666666666667 0.05777666666666667
55 0.5494433333333333 0.63611 0.03444333333333333 0.05889