54 0.09666666666666666 0.24333333333333335 0.042223333333333335 0.07111
54 0.29389 0.23889 0.043333333333333335 0.06666666666666667
54 0.4816666666666667 0.23389 0.04777666666666667 0.07
54 0.6733333333333333 0.23111 0.044443333333333335 0.06444333333333334
54 0.8716666666666667 0.22777666666666668 0.04555666666666666 0.06666666666666667
4 0.15611 0.24277666666666667 0.04111 0.07222333333333333
2 0.35 0.235 0.042223333333333335 0.06777666666666667
5 0.545 0.23166666666666666 0.043333333333333335 0.06777666666666667
6 0.7405566666666666 0.22555666666666666 0.04111 0.06666666666666667
7 0.935 0.22555666666666666 0.04111 0.07111
53 0.02889 0.62 0.03777666666666667 0.05333333333333334
41 0.08666666666666667 0.61889 0.03777666666666667 0.05333333333333334
37 0.14389000000000002 0.6166666666666667 0.03889 0.05777666666666667
53 0.20055666666666666 0.6116666666666667 0.03666666666666667 0.05222333333333333
46 0.25944333333333336 0.6105566666666666 0.03889 0.056666666666666664
61 0.37333333333333335 0.6072233333333333 0.03777666666666667 0.05444333333333334
52 0.4305566666666667 0.60389 0.03889 0.056666666666666664
37 0.4855566666666667 0.6044433333333333 0.03777666666666667 0.055556666666666664
46 0.545 0.6055566666666667 0.03889 0.05777666666666667
37 0.6027766666666666 0.6055566666666667 0.04111 0.06
59 0.7194433333333333 0.61 0.03889 0.055556666666666664
37 0.7794433333333333 0.6083333333333333 0.03889 0.05889
59 0.05388999999999999 0.695 0.03889 0.04777666666666667
60 0.10777666666666666 0.6927766666666666 0.03777666666666667 0.04777666666666667
37 0.15722333333333333 0.6933333333333334 0.03666666666666667 0.05333333333333334
50 0.2722233333333333 0.6883333333333334 0.04 0.056666666666666664
37 0.32666666666666666 0.6883333333333334 0.03777666666666667 0.056666666666666664
65 0.37777666666666665 0.6866666666666666 0.03555666666666667 0.05777666666666667
55 0.4344433333333333 0.6894433333333333 0.03333333333333333 0.056666666666666664