39 0.6690766666666667 0.10011333333333332 0.0345 0.056666666666666664
43 0.7231866666666666 0.10133666666666666 0.03383333333333333 0.05466666666666667
41 0.66555 0.19528 0.035 0.06433333333333334
43 0.7705233333333333 0.19703 0.03716666666666667 0.0635
45 0.8788833333333333 0.19663999999999998 0.037 0.0625
46 0.9833566666666668 0.19828 0.031166666666666665 0.06166666666666667
55 0.6097166666666667 0.27730666666666665 0.035 0.0575
56 0.7130500000000001 0.27830666666666665 0.03933333333333333 0.058166666666666665
57 0.8153833333333333 0.28136333333333335 0.037 0.058166666666666665
58 0.92091 0.28269666666666665 0.03783333333333333 0.058833333333333335
48 0.30119333333333337 0.10289000000000001 0.035166666666666666 0.06266666666666666
60 0.35352666666666666 0.10122333333333333 0.03716666666666667 0.059333333333333335
47 0.40452666666666665 0.10122333333333333 0.0365 0.059333333333333335
59 0.5111933333333333 0.10289000000000001 0.0365 0.058666666666666666
56 0.56486 0.10322333333333333 0.03983333333333333 0.059333333333333335
37 0.6171933333333333 0.10255666666666667 0.035166666666666666 0.058
37 0.35785999999999996 0.19213999999999998 0.041833333333333333 0.06516666666666666
38 0.45727666666666666 0.19455666666666666 0.036 0.06266666666666666
39 0.56136 0.19397333333333333 0.035166666666666666 0.06516666666666666
46 0.5075266666666667 0.27488999999999997 0.035166666666666666 0.05266666666666667
53 0.4571933333333333 0.27438999999999997 0.035166666666666666 0.05266666666666667
44 0.35935999999999996 0.27355666666666667 0.035166666666666666 0.05266666666666667
53 0.41136 0.42889000000000005 0.0305 0.04533333333333334
61 0.45836 0.42922333333333335 0.0305 0.04533333333333334
52 0.50561 0.4290566666666667 0.03133333333333333 0.048666666666666664
38 0.55236 0.42889000000000005 0.0305 0.04533333333333334
43 0.6025266666666667 0.42972333333333335 0.0305 0.04533333333333334
58 0.6503599999999999 0.4319733333333334 0.0305 0.052833333333333336
59 0.70161 0.43472333333333335 0.034666666666666665 0.052
54 0.36707666666666666 0.5734733333333334 0.03283333333333333 0.04783333333333333
54 0.50216 0.5819733333333333 0.030333333333333334 0.051166666666666666
54 0.5960766666666667 0.5848066666666667 0.031166666666666665 0.051166666666666666
54 0.7424933333333333 0.59514 0.033666666666666664 0.052833333333333336
54 0.89516 0.60039 0.032 0.05533333333333333
54 0.9320766666666667 0.7539733333333334 0.036166666666666666 0.052833333333333336
54 0.7859933333333333 0.7457233333333334 0.035333333333333335 0.048666666666666664
54 0.6398266666666667 0.73689 0.032 0.05366666666666667
54 0.49616 0.7283066666666667 0.032 0.0545
54 0.35899333333333333 0.7194733333333334 0.030333333333333334 0.0495
1 0.4099933333333333 0.5743066666666667 0.028666666666666667 0.0495
2 0.5460766666666667 0.5828066666666667 0.0295 0.051166666666666666
3 0.6443266666666667 0.5857233333333334 0.032 0.047
4 0.7913266666666666 0.59439 0.033666666666666664 0.052
5 0.9430766666666667 0.60114 0.031166666666666665 0.0545
3 0.4060766666666667 0.7222233333333333 0.031166666666666665 0.048666666666666664
4 0.5468266666666667 0.72889 0.033666666666666664 0.052
2 0.68791 0.7366400000000001 0.03283333333333333 0.052833333333333336
5 0.8352433333333333 0.74439 0.0345 0.048666666666666664
6 0.98241 0.7518900000000001 0.03283333333333333 0.050333333333333334
33 0.24919333333333335 0.10555666666666667 0.035166666666666666 0.06266666666666666
40 0.19986 0.10489000000000001 0.035166666666666666 0.06266666666666666
38 0.25394333333333335 0.19288999999999998 0.036 0.06266666666666666
37 0.2045266666666667 0.19297333333333333 0.041833333333333333 0.06516666666666666
42 0.30852666666666667 0.2727233333333333 0.035166666666666666 0.05266666666666667
53 0.21019333333333334 0.27105666666666667 0.035166666666666666 0.05266666666666667
48 0.3171933333333333 0.4230566666666667 0.0305 0.04533333333333334
24 0.2705266666666667 0.42472333333333334 0.0305 0.048666666666666664
40 0.22886 0.42389000000000004 0.0305 0.048666666666666664
65 0.21886000000000003 0.34972333333333333 0.0305 0.048666666666666664
66 0.31511 0.35139000000000004 0.034666666666666665 0.05533333333333333
54 0.23124333333333333 0.5684733333333334 0.03283333333333333 0.04783333333333333
0 0.27582666666666666 0.5693066666666667 0.028666666666666667 0.0495
54 0.22791 0.7834733333333334 0.03283333333333333 0.04783333333333333
0 0.26999333333333336 0.7843066666666667 0.028666666666666667 0.0495
54 0.22791 0.7118066666666667 0.03283333333333333 0.04783333333333333
1 0.27082666666666666 0.7109733333333333 0.028666666666666667 0.0495