40 0.07861328125 0.076171875 0.02099609375 0.03564453125
22 0.111328125 0.07666015625 0.02197265625 0.03369140625
14 0.14111328125 0.0771484375 0.021484375 0.03271484375
30 0.1728515625 0.078125 0.0205078125 0.03369140625
30 0.2041015625 0.07958984375 0.01904296875 0.03271484375
14 0.23583984375 0.07958984375 0.01904296875 0.03173828125
28 0.26708984375 0.08154296875 0.0205078125 0.03271484375
29 0.2978515625 0.0830078125 0.01904296875 0.03369140625
53 0.35888671875 0.08544921875 0.0205078125 0.03515625
55 0.39013671875 0.0859375 0.02099609375 0.03564453125
59 0.4501953125 0.08984375 0.01953125 0.03466796875
56 0.4794921875 0.08984375 0.01953125 0.0341796875
37 0.509765625 0.0908203125 0.02197265625 0.033203125
39 0.53955078125 0.0908203125 0.0205078125 0.033203125
43 0.56884765625 0.0927734375 0.0205078125 0.0341796875
37 0.08251953125 0.18017578125 0.01806640625 0.033203125
38 0.11328125 0.18017578125 0.0205078125 0.03125
39 0.14501953125 0.181640625 0.02001953125 0.03125
41 0.1767578125 0.18212890625 0.02001953125 0.0322265625
43 0.20654296875 0.1826171875 0.01953125 0.03271484375
45 0.23779296875 0.1826171875 0.01904296875 0.0302734375
46 0.2685546875 0.185546875 0.01904296875 0.03271484375
47 0.29833984375 0.1865234375 0.01953125 0.03369140625
48 0.330078125 0.18701171875 0.01904296875 0.03076171875
49 0.3603515625 0.189453125 0.0185546875 0.033203125
50 0.3896484375 0.189453125 0.01953125 0.0341796875
51 0.419921875 0.18896484375 0.01904296875 0.03271484375
52 0.4482421875 0.19189453125 0.01953125 0.03466796875
53 0.47802734375 0.1923828125 0.0185546875 0.0322265625
42 0.53515625 0.19287109375 0.0205078125 0.02978515625
44 0.56494140625 0.1943359375 0.0185546875 0.0322265625
53 0.62255859375 0.19775390625 0.01953125 0.0322265625
46 0.65087890625 0.19775390625 0.01708984375 0.03271484375
55 0.70947265625 0.2001953125 0.01904296875 0.03271484375
56 0.73828125 0.2001953125 0.01953125 0.03076171875
57 0.76708984375 0.19970703125 0.01904296875 0.033203125
58 0.7958984375 0.201171875 0.01953125 0.03076171875
59 0.826171875 0.20166015625 0.021484375 0.03125
60 0.85400390625 0.20361328125 0.0205078125 0.03125
61 0.88330078125 0.203125 0.0224609375 0.03173828125
62 0.0849609375 0.2314453125 0.0234375 0.033203125
63 0.11669921875 0.23291015625 0.0205078125 0.03515625
64 0.1474609375 0.232421875 0.0205078125 0.0361328125
65 0.17822265625 0.23388671875 0.02099609375 0.033203125
66 0.208984375 0.234375 0.02099609375 0.0322265625
40 0.2705078125 0.23828125 0.02001953125 0.02978515625
40 0.2998046875 0.23828125 0.01953125 0.02783203125
40 0.32958984375 0.240234375 0.01904296875 0.0283203125
54 0.38916015625 0.24072265625 0.0185546875 0.03173828125
54 0.4482421875 0.2412109375 0.0185546875 0.033203125
54 0.505859375 0.2431640625 0.01904296875 0.03125
40 0.08740234375 0.27978515625 0.0224609375 0.033203125
33 0.119140625 0.2802734375 0.02294921875 0.0302734375
19 0.14892578125 0.2802734375 0.02099609375 0.03271484375
30 0.1796875 0.28125 0.0205078125 0.03076171875
18 0.20947265625 0.28076171875 0.0205078125 0.03173828125
59 0.271484375 0.283203125 0.0205078125 0.03076171875
56 0.30126953125 0.283203125 0.02001953125 0.03076171875
37 0.330078125 0.28271484375 0.01904296875 0.029296875
39 0.3603515625 0.28369140625 0.01904296875 0.03125
43 0.388671875 0.28466796875 0.01904296875 0.03173828125
37 0.08984375 0.32861328125 0.021484375 0.033203125
38 0.1220703125 0.328125 0.02294921875 0.03271484375
37 0.18115234375 0.32958984375 0.01904296875 0.03076171875
38 0.2431640625 0.330078125 0.02001953125 0.03076171875
39 0.30224609375 0.33056640625 0.01904296875 0.02880859375
41 0.35986328125 0.33349609375 0.01904296875 0.03173828125
43 0.41748046875 0.33544921875 0.0185546875 0.03369140625
45 0.47607421875 0.33740234375 0.01904296875 0.03271484375
46 0.5322265625 0.3388671875 0.017578125 0.03173828125
47 0.58935546875 0.337890625 0.01611328125 0.0302734375
48 0.64599609375 0.3388671875 0.017578125 0.029296875
49 0.70361328125 0.34130859375 0.0166015625 0.03271484375
50 0.76025390625 0.34228515625 0.01953125 0.02783203125
51 0.81640625 0.34228515625 0.0205078125 0.03125
52 0.87353515625 0.34423828125 0.0234375 0.03076171875
53 0.09228515625 0.37744140625 0.02294921875 0.03076171875
42 0.15234375 0.3779296875 0.0234375 0.0322265625
44 0.18359375 0.37841796875 0.0224609375 0.03271484375
53 0.24365234375 0.37890625 0.02001953125 0.03076171875
46 0.27392578125 0.37890625 0.0185546875 0.0302734375
55 0.33203125 0.38037109375 0.01953125 0.0322265625
56 0.3896484375 0.38232421875 0.01806640625 0.0322265625
57 0.44580078125 0.38330078125 0.0185546875 0.03076171875
58 0.50048828125 0.3828125 0.01416015625 0.02783203125
59 0.5595703125 0.38525390625 0.01904296875 0.02734375
60 0.6162109375 0.38623046875 0.01904296875 0.02880859375
61 0.671875 0.38671875 0.01953125 0.033203125
62 0.72802734375 0.3876953125 0.01953125 0.03173828125
63 0.7861328125 0.3896484375 0.01953125 0.029296875
65 0.09619140625 0.42333984375 0.02099609375 0.02978515625
66 0.15673828125 0.423828125 0.02294921875 0.03076171875
53 0.2177734375 0.46826171875 0.01953125 0.03173828125
61 0.24755859375 0.46826171875 0.0185546875 0.03076171875
52 0.2763671875 0.4677734375 0.017578125 0.02880859375
38 0.30517578125 0.4677734375 0.01806640625 0.029296875
43 0.3330078125 0.46728515625 0.0185546875 0.02880859375
58 0.3623046875 0.4697265625 0.01806640625 0.02978515625
59 0.390625 0.470703125 0.01611328125 0.02978515625
54 0.109375 0.55810546875 0.01904296875 0.02880859375
54 0.19384765625 0.55712890625 0.01806640625 0.02783203125
54 0.27783203125 0.55810546875 0.01708984375 0.03125
54 0.33349609375 0.5595703125 0.017578125 0.0302734375
54 0.416015625 0.560546875 0.0185546875 0.02978515625
54 0.5 0.56201171875 0.01708984375 0.02978515625
54 0.58203125 0.5634765625 0.01708984375 0.02685546875
54 0.6650390625 0.56591796875 0.01708984375 0.02783203125
54 0.7490234375 0.56689453125 0.01904296875 0.02880859375
54 0.833984375 0.56982421875 0.017578125 0.03173828125
54 0.10888671875 0.6435546875 0.01806640625 0.0283203125
54 0.19091796875 0.6455078125 0.01708984375 0.03125
54 0.2734375 0.64697265625 0.01904296875 0.02880859375
54 0.35888671875 0.64599609375 0.01904296875 0.03125
54 0.44287109375 0.64990234375 0.01611328125 0.02685546875
54 0.525390625 0.650390625 0.01806640625 0.03076171875
54 0.609375 0.65087890625 0.01806640625 0.02783203125
54 0.6923828125 0.65283203125 0.01806640625 0.02783203125
54 0.77490234375 0.65478515625 0.01708984375 0.0302734375
54 0.10888671875 0.6884765625 0.01904296875 0.02734375
0 0.13623046875 0.5576171875 0.01904296875 0.02880859375
1 0.22021484375 0.55615234375 0.01708984375 0.02783203125
2 0.3056640625 0.55810546875 0.01953125 0.03125
3 0.361328125 0.5595703125 0.0185546875 0.0322265625
4 0.44287109375 0.56103515625 0.0185546875 0.0302734375
5 0.5263671875 0.5625 0.01806640625 0.0302734375
6 0.609375 0.5634765625 0.01708984375 0.02978515625
7 0.69287109375 0.56640625 0.01806640625 0.0283203125
8 0.7763671875 0.5673828125 0.017578125 0.029296875
9 0.861328125 0.56982421875 0.01806640625 0.0302734375
1 0.13818359375 0.642578125 0.01904296875 0.029296875
3 0.21923828125 0.6455078125 0.0185546875 0.02978515625
4 0.302734375 0.6474609375 0.01708984375 0.03076171875
2 0.3857421875 0.646484375 0.01904296875 0.03173828125
5 0.470703125 0.6494140625 0.01806640625 0.029296875
6 0.5537109375 0.650390625 0.015625 0.029296875
7 0.6357421875 0.65087890625 0.017578125 0.02880859375
8 0.7197265625 0.65283203125 0.01904296875 0.029296875
9 0.80224609375 0.654296875 0.0185546875 0.029296875
0 0.134765625 0.6884765625 0.015625 0.02880859375
52 0.1015625 0.8232421875 0.02001953125 0.02880859375
37 0.12939453125 0.82373046875 0.01904296875 0.02587890625
46 0.15625 0.8251953125 0.0185546875 0.02783203125
37 0.18359375 0.8251953125 0.01953125 0.02783203125
53 0.21142578125 0.82568359375 0.01904296875 0.03076171875
41 0.240234375 0.826171875 0.01806640625 0.02880859375
37 0.26904296875 0.826171875 0.017578125 0.02880859375
53 0.296875 0.82666015625 0.01953125 0.029296875
46 0.326171875 0.8271484375 0.01904296875 0.03125
61 0.3837890625 0.8271484375 0.02099609375 0.02978515625
52 0.41064453125 0.82763671875 0.0185546875 0.0283203125
37 0.43798828125 0.828125 0.01806640625 0.029296875
46 0.46728515625 0.8291015625 0.0185546875 0.02978515625
37 0.49462890625 0.82861328125 0.01904296875 0.03076171875
59 0.55078125 0.8291015625 0.02001953125 0.02978515625
37 0.57763671875 0.8291015625 0.017578125 0.029296875
48 0.63427734375 0.8310546875 0.01806640625 0.03125
53 0.66064453125 0.8291015625 0.017578125 0.03076171875
65 0.6875 0.83056640625 0.01904296875 0.0283203125
55 0.7158203125 0.82958984375 0.01806640625 0.02978515625
50 0.10107421875 0.86865234375 0.01953125 0.0302734375
61 0.12890625 0.8701171875 0.017578125 0.0302734375
52 0.1552734375 0.87060546875 0.01904296875 0.03173828125
61 0.1845703125 0.8720703125 0.01904296875 0.0302734375
59 0.2119140625 0.87158203125 0.0185546875 0.0302734375
60 0.2412109375 0.873046875 0.01904296875 0.033203125
37 0.26904296875 0.87255859375 0.01904296875 0.02978515625
50 0.326171875 0.87255859375 0.0205078125 0.03125
37 0.353515625 0.87158203125 0.01904296875 0.03076171875
65 0.38134765625 0.87255859375 0.02001953125 0.03125
55 0.40966796875 0.8720703125 0.01904296875 0.02978515625
40 0.1005859375 0.470703125 0.02001953125 0.02978515625
53 0.1279296875 0.4697265625 0.01953125 0.0322265625
48 0.1591796875 0.4677734375 0.01904296875 0.03076171875