53 0.08444333333333334 0.69889 0.02889 0.042223333333333335
61 0.12333333333333334 0.6983333333333334 0.03555666666666667 0.04555666666666666
52 0.15944333333333333 0.6966666666666667 0.03 0.04666666666666667
38 0.19721999999999998 0.6983333333333334 0.027776666666666665 0.04777666666666667
43 0.23666333333333334 0.6983333333333334 0.03555666666666667 0.05
58 0.27721999999999997 0.6955566666666667 0.03 0.04666666666666667
59 0.31722 0.6950033333333334 0.03222333333333333 0.04555666666666666
54 0.059443333333333334 0.8172233333333334 0.03222333333333333 0.03889
54 0.8255566666666667 0.8094433333333333 0.03333333333333333 0.04555666666666666
54 0.24889 0.8133333333333334 0.03111 0.04444666666666667
54 0.6294466666666666 0.9205566666666667 0.027776666666666665 0.041113333333333335
54 0.70667 0.81 0.03111 0.04666666666666667
54 0.17166666666666666 0.8138866666666666 0.027776666666666665 0.043333333333333335
54 0.36222333333333334 0.8133299999999999 0.03333333333333333 0.042223333333333335
54 0.405 0.9194433333333333 0.03 0.03666666666666667
54 0.5138900000000001 0.91833 0.03444333333333333 0.03889
5 0.5138900000000001 0.8094433333333333 0.027776666666666665 0.04555666666666666
2 0.20611333333333334 0.8149966666666666 0.02555666666666667 0.043333333333333335
3 0.2833366666666667 0.81111 0.02889 0.042223333333333335
4 0.3972233333333334 0.8116633333333333 0.03 0.04778
2 0.32945 0.92111 0.03 0.04
1 0.09500333333333333 0.8155533333333332 0.03 0.04
54 0.295 0.9238866666666666 0.027776666666666665 0.043333333333333335
54 0.18 0.9288866666666666 0.03333333333333333 0.042223333333333335
4 0.21722333333333332 0.9305533333333332 0.03 0.04778
54 0.06778 0.92889 0.03111 0.04444666666666667
3 0.10444666666666666 0.9288866666666666 0.02889 0.042223333333333335
54 0.475 0.8083333333333333 0.03 0.03666666666666667
5 0.4411133333333333 0.92 0.03111 0.042223333333333335
54 0.58889 0.8072233333333334 0.03333333333333333 0.04111
54 0.7444466666666667 0.9222233333333334 0.03111 0.04666666666666667
54 0.8622233333333333 0.92611 0.03333333333333333 0.04555666666666666
54 0.9444466666666668 0.8127766666666666 0.03333333333333333 0.04555666666666666
6 0.6283333333333333 0.8083333333333333 0.027776666666666665 0.04555666666666666
7 0.7461099999999999 0.8116666666666666 0.027776666666666665 0.04555666666666666
8 0.86722 0.8105566666666667 0.027776666666666665 0.04555666666666666
9 0.9861133333333334 0.815 0.02777333333333333 0.04555666666666666
9 0.9016666666666666 0.9283333333333333 0.02777333333333333 0.04555666666666666
8 0.7838866666666666 0.9216666666666666 0.027776666666666665 0.04555666666666666
7 0.66611 0.9227766666666667 0.027776666666666665 0.04555666666666666
6 0.555 0.9183333333333333 0.027776666666666665 0.04555666666666666
60 0.044443333333333335 0.18722333333333332 0.03333333333333333 0.05444333333333334
43 0.08444333333333334 0.18611333333333335 0.03333333333333333 0.05444333333333334
58 0.12333333333333334 0.18167 0.03333333333333333 0.05444333333333334
59 0.16333333333333333 0.18278 0.03333333333333333 0.05444333333333334
53 0.24444333333333335 0.17833666666666667 0.03333333333333333 0.05444333333333334
55 0.2866666666666667 0.17833666666666667 0.03333333333333333 0.05444333333333334
59 0.37 0.17833666666666667 0.03333333333333333 0.05444333333333334
56 0.41111 0.17500333333333334 0.03333333333333333 0.05444333333333334
37 0.45555333333333337 0.17278000000000002 0.03333333333333333 0.05444333333333334
39 0.49555333333333335 0.17167 0.03333333333333333 0.05444333333333334
43 0.5399966666666667 0.17056 0.03333333333333333 0.05444333333333334
41 0.013890000000000001 0.32555666666666666 0.027776666666666665 0.05111
43 0.04944666666666667 0.3222233333333333 0.027776666666666665 0.05111
45 0.09055666666666667 0.3222233333333333 0.027776666666666665 0.05111
46 0.13055666666666668 0.32111333333333336 0.027776666666666665 0.05111
47 0.17055666666666666 0.3200033333333333 0.027776666666666665 0.05111
48 0.21278 0.3200033333333333 0.027776666666666665 0.05111
50 0.29278 0.31555666666666665 0.027776666666666665 0.05111
49 0.25389 0.31778 0.027776666666666665 0.05111
51 0.3361133333333333 0.31666666666666665 0.027776666666666665 0.05111
52 0.37500333333333336 0.31444333333333335 0.027776666666666665 0.05111
53 0.4183366666666667 0.31444333333333335 0.027776666666666665 0.05111
42 0.50167 0.31111 0.027776666666666665 0.05111
44 0.54056 0.31111 0.027776666666666665 0.05111
53 0.6238933333333333 0.31111 0.027776666666666665 0.05111
46 0.6661166666666667 0.30888666666666664 0.027776666666666665 0.05111
55 0.7505599999999999 0.30333 0.027776666666666665 0.05111
56 0.7950033333333334 0.30222 0.027776666666666665 0.05111
57 0.8372266666666666 0.30222 0.027776666666666665 0.05111
58 0.87945 0.30111 0.027776666666666665 0.05111
59 0.9227833333333333 0.29888666666666663 0.027776666666666665 0.05111
60 0.9672266666666666 0.30111 0.027776666666666665 0.05111
65 0.017223333333333334 0.39222333333333337 0.027776666666666665 0.05111
66 0.05722333333333333 0.39 0.027776666666666665 0.05111
40 0.13833333333333334 0.38777666666666666 0.027776666666666665 0.05111
40 0.17944333333333334 0.3844433333333333 0.027776666666666665 0.05111
40 0.22166666666666668 0.3844433333333333 0.027776666666666665 0.05111
54 0.29944333333333334 0.38499666666666665 0.027776666666666665 0.043333333333333335
54 0.38166666666666665 0.3827733333333333 0.027776666666666665 0.043333333333333335
54 0.46389 0.3827733333333333 0.027776666666666665 0.043333333333333335
60 0.021670000000000002 0.4544433333333333 0.027776666666666665 0.05111
47 0.06055666666666666 0.45444666666666667 0.027776666666666665 0.05111
59 0.14056 0.44999666666666666 0.027776666666666665 0.05111
56 0.18167 0.44666333333333336 0.027776666666666665 0.05111
37 0.21833666666666665 0.4477733333333333 0.027776666666666665 0.05111
39 0.25944666666666666 0.44666333333333336 0.027776666666666665 0.05111
43 0.30167 0.44666333333333336 0.027776666666666665 0.05111
37 0.025003333333333336 0.5177733333333333 0.027776666666666665 0.05111
38 0.10611333333333332 0.5188833333333334 0.027776666666666665 0.05111
39 0.18500333333333333 0.5155500000000001 0.027776666666666665 0.05111
41 0.26611333333333337 0.5122233333333334 0.027776666666666665 0.05111
43 0.34500333333333333 0.5122233333333334 0.027776666666666665 0.05111
45 0.425 0.5111133333333333 0.027776666666666665 0.05111
46 0.5038900000000001 0.5088900000000001 0.027776666666666665 0.05111
47 0.58389 0.50667 0.027776666666666665 0.05111
48 0.6661133333333333 0.50778 0.027776666666666665 0.05111
49 0.7505566666666666 0.5033366666666667 0.027776666666666665 0.05111
50 0.8305566666666667 0.5 0.027776666666666665 0.05111
51 0.91278 0.5022233333333334 0.027776666666666665 0.05111
53 0.03389333333333334 0.5822200000000001 0.027776666666666665 0.05111
53 0.11166999999999999 0.5788866666666667 0.027776666666666665 0.044443333333333335
46 0.14945 0.5794433333333333 0.027776666666666665 0.045553333333333335
55 0.23056 0.5766633333333333 0.027776666666666665 0.04666666666666667
56 0.31056 0.57333 0.03222 0.04666666666666667
57 0.38944999999999996 0.5744433333333333 0.027776666666666665 0.05111
58 0.4661166666666666 0.57 0.03 0.04666666666666667
59 0.5450066666666666 0.5694433333333333 0.027776666666666665 0.04777666666666667
60 0.6238933333333333 0.5672200000000001 0.027776666666666665 0.045553333333333335
61 0.7050033333333334 0.56611 0.027776666666666665 0.045553333333333335
62 0.7883366666666667 0.56611 0.027776666666666665 0.045553333333333335
63 0.87278 0.56611 0.027776666666666665 0.045553333333333335