54 0.17889 0.33 0.048889999999999996 0.07111
54 0.38722333333333336 0.31555666666666665 0.043333333333333335 0.07333333333333333
54 0.5994433333333333 0.3016666666666667 0.04777666666666667 0.07666666666666666
54 0.8133333333333334 0.28611000000000003 0.044443333333333335 0.07889
54 0.04111 0.5566666666666666 0.048889999999999996 0.07555666666666666
54 0.25666666666666665 0.54111 0.048889999999999996 0.07555666666666666
54 0.47389000000000003 0.5277766666666667 0.05 0.08222333333333333
54 0.69 0.5116666666666667 0.044443333333333335 0.07444333333333333
6 0.24611000000000002 0.32444333333333336 0.04555666666666666 0.07333333333333333
7 0.45722333333333337 0.31111 0.043333333333333335 0.07111
8 0.6683333333333333 0.2966666666666667 0.04777666666666667 0.07555666666666666
9 0.8761099999999999 0.28 0.04111 0.07111
6 0.11277666666666666 0.5477766666666667 0.04777666666666667 0.07111
7 0.32888999999999996 0.5327766666666667 0.04666666666666667 0.07
8 0.5416666666666666 0.5272233333333334 0.05 0.08111
9 0.7594433333333334 0.5088900000000001 0.04777666666666667 0.07555666666666666