55 0.22295333333333334 0.13672333333333334 0.04824333333333333 0.07433333333333333
38 0.05246 0.04205333333333333 0.04824333333333333 0.07433333333333333
39 0.17143 0.038303333333333335 0.04824333333333333 0.07433333333333333
41 0.29227333333333333 0.038303333333333335 0.04824333333333333 0.07433333333333333
43 0.4149933333333333 0.03716666666666667 0.04824333333333333 0.07433333333333333
45 0.54427 0.03716666666666667 0.04824333333333333 0.07433333333333333
46 0.6716733333333333 0.038103333333333336 0.04824333333333333 0.07433333333333333
47 0.7962666666666667 0.03997666666666667 0.04824333333333333 0.07433333333333333
48 0.9227333333333333 0.04279 0.04824333333333333 0.07433333333333333
60 0.85716 0.14637 0.05199 0.07527
59 0.7325666666666666 0.14262 0.05199 0.07527
58 0.6023533333333333 0.13887 0.05199 0.07527
57 0.47495 0.13793333333333332 0.05199 0.07527
56 0.35129333333333335 0.13324666666666668 0.05199 0.07527
53 0.04777666666666667 0.14047333333333334 0.04824333333333333 0.07433333333333333
46 0.10866666666666666 0.13672333333333334 0.04824333333333333 0.07433333333333333
61 0.04871333333333333 0.32794666666666666 0.04824333333333333 0.07433333333333333
52 0.10772999999999999 0.32700999999999997 0.04824333333333333 0.07433333333333333
38 0.16581 0.32700999999999997 0.04824333333333333 0.07433333333333333
43 0.2267 0.32794666666666666 0.04824333333333333 0.07433333333333333
58 0.28946333333333335 0.33263333333333334 0.04824333333333333 0.07433333333333333
59 0.34754333333333337 0.3345066666666667 0.04824333333333333 0.07433333333333333
54 0.11241333333333334 0.5276033333333333 0.04824333333333333 0.07433333333333333
2 0.16862 0.52854 0.04824333333333333 0.07433333333333333
54 0.2304466666666667 0.5276033333333333 0.04824333333333333 0.07433333333333333
3 0.28852666666666665 0.5294766666666667 0.04824333333333333 0.07433333333333333
54 0.40936999999999996 0.5360366666666666 0.04824333333333333 0.07433333333333333
4 0.47026 0.5360366666666666 0.04824333333333333 0.07433333333333333
54 0.5920433333333334 0.5388499999999999 0.04824333333333333 0.07433333333333333
54 0.28852666666666665 0.7178866666666667 0.04824333333333333 0.07433333333333333
5 0.6519966666666667 0.5397866666666666 0.04824333333333333 0.07433333333333333
5 0.5264666666666667 0.7216333333333333 0.04824333333333333 0.06871
2 0.3466066666666666 0.7207 0.04824333333333333 0.07433333333333333
54 0.11428666666666668 0.7113266666666667 0.04824333333333333 0.07433333333333333
4 0.17236666666666667 0.7103900000000001 0.04824333333333333 0.07433333333333333
54 0.4660466666666667 0.7216366666666666 0.05105333333333333 0.07246
54 0.6449733333333334 0.7291366666666667 0.05105333333333333 0.07246
54 0.7779966666666666 0.54635 0.05105333333333333 0.07246
54 0.82952 0.7328833333333333 0.05105333333333333 0.07246
6 0.7068 0.73007 0.05105333333333333 0.07246
7 0.8894733333333333 0.73382 0.05105333333333333 0.07246
6 0.8407600000000001 0.5472866666666666 0.05105333333333333 0.07246
54 0.9644166666666667 0.5501 0.05105333333333333 0.07246