46 0.0244140625 0.27734375 0.03955078125 0.064453125
47 0.13427734375 0.27294921875 0.03955078125 0.064453125
48 0.241943359375 0.267578125 0.03955078125 0.064453125
49 0.353271484375 0.26123046875 0.03955078125 0.064453125
50 0.463134765625 0.25830078125 0.03955078125 0.064453125
51 0.5693359375 0.252197265625 0.03955078125 0.064453125
52 0.6796875 0.246826171875 0.03955078125 0.064453125
59 0.09130859375 0.363525390625 0.03955078125 0.064453125
60 0.1982421875 0.358642578125 0.03955078125 0.064453125
61 0.306884765625 0.3525390625 0.03955078125 0.064453125
62 0.414306640625 0.3505859375 0.03955078125 0.064453125
63 0.522216796875 0.34521484375 0.03955078125 0.064453125
54 0.02880859375 0.6953125 0.0361328125 0.05712890625
54 0.091796875 0.844482421875 0.03955078125 0.0546875
54 0.180908203125 0.685302734375 0.0361328125 0.05712890625
54 0.24462890625 0.833984375 0.0361328125 0.05712890625
54 0.334228515625 0.68017578125 0.0361328125 0.05712890625
54 0.3935546875 0.830078125 0.0361328125 0.05712890625
54 0.4853515625 0.669677734375 0.0361328125 0.05712890625
54 0.545654296875 0.821044921875 0.0361328125 0.05712890625
54 0.63623046875 0.66455078125 0.0361328125 0.05712890625
5 0.076416015625 0.69140625 0.0361328125 0.05712890625
6 0.229736328125 0.684326171875 0.0361328125 0.05712890625
7 0.384521484375 0.6767578125 0.0361328125 0.05712890625
8 0.53515625 0.66796875 0.0361328125 0.05712890625
9 0.68603515625 0.660888671875 0.0361328125 0.05712890625
6 0.1416015625 0.84228515625 0.0361328125 0.05712890625
7 0.29345703125 0.836669921875 0.0361328125 0.05712890625
8 0.443603515625 0.8271484375 0.0361328125 0.05712890625
9 0.591064453125 0.8193359375 0.0361328125 0.05712890625