54 0.13134765625 0.1318359375 0.04638671875 0.07666015625
54 0.31982421875 0.11962890625 0.04638671875 0.07666015625
54 0.5322265625 0.1083984375 0.04638671875 0.07666015625
54 0.7587890625 0.10498046875 0.04638671875 0.07666015625
54 0.1279296875 0.2392578125 0.04638671875 0.07666015625
1 0.18994140625 0.13037109375 0.04638671875 0.07666015625
3 0.39208984375 0.1162109375 0.04638671875 0.07666015625
4 0.60888671875 0.1025390625 0.04638671875 0.07666015625
2 0.82763671875 0.09814453125 0.04638671875 0.07666015625
0 0.18896484375 0.2373046875 0.04638671875 0.07666015625
52 0.12353515625 0.56298828125 0.04052734375 0.072265625
37 0.185546875 0.56396484375 0.04052734375 0.072265625
46 0.2529296875 0.564453125 0.04052734375 0.072265625
37 0.3154296875 0.5654296875 0.04052734375 0.072265625
53 0.38818359375 0.56787109375 0.04638671875 0.072265625
41 0.45654296875 0.56689453125 0.04638671875 0.072265625
37 0.52392578125 0.56689453125 0.04638671875 0.072265625
53 0.59765625 0.56884765625 0.04638671875 0.072265625
46 0.671875 0.5703125 0.04638671875 0.072265625
61 0.8232421875 0.58056640625 0.04638671875 0.072265625
52 0.90185546875 0.57861328125 0.05224609375 0.0771484375
37 0.9736328125 0.57958984375 0.05224609375 0.0771484375
50 0.12353515625 0.671875 0.04052734375 0.072265625
61 0.18798828125 0.6748046875 0.04052734375 0.072265625
52 0.251953125 0.6748046875 0.04052734375 0.072265625
61 0.3203125 0.677734375 0.04052734375 0.072265625
59 0.388671875 0.6796875 0.04052734375 0.072265625
60 0.4580078125 0.68212890625 0.04052734375 0.072265625
37 0.52294921875 0.68359375 0.04052734375 0.072265625
50 0.6669921875 0.69140625 0.04052734375 0.072265625
37 0.7412109375 0.69140625 0.04052734375 0.072265625
65 0.8212890625 0.69580078125 0.048828125 0.07958984375
55 0.8955078125 0.69482421875 0.048828125 0.07958984375