37 0.23095703125 0.19091796875 0.03515625 0.0576171875
38 0.296875 0.19189453125 0.0419921875 0.05859375
39 0.3427734375 0.1923828125 0.03662109375 0.06201171875
41 0.38818359375 0.1923828125 0.03662109375 0.06201171875
43 0.43408203125 0.1904296875 0.0341796875 0.05859375
45 0.48388671875 0.19580078125 0.03857421875 0.06884765625
46 0.533203125 0.19580078125 0.03759765625 0.06884765625
47 0.58349609375 0.19580078125 0.033203125 0.06884765625
48 0.63232421875 0.19384765625 0.03759765625 0.0654296875
49 0.6845703125 0.1943359375 0.03759765625 0.06640625
50 0.73681640625 0.19384765625 0.0419921875 0.06298828125
51 0.787109375 0.19384765625 0.03857421875 0.0654296875
52 0.84033203125 0.19384765625 0.04296875 0.06103515625
53 0.8916015625 0.19287109375 0.041015625 0.05859375
62 0.2470703125 0.26953125 0.0341796875 0.0517578125
63 0.29296875 0.27001953125 0.03857421875 0.05517578125
64 0.33984375 0.26953125 0.03515625 0.056640625
65 0.38623046875 0.26953125 0.041015625 0.056640625
66 0.431640625 0.2734375 0.03173828125 0.0595703125
40 0.52978515625 0.27490234375 0.03515625 0.0498046875
40 0.58203125 0.27685546875 0.033203125 0.048828125
40 0.62939453125 0.27880859375 0.0341796875 0.04638671875
54 0.73291015625 0.2744140625 0.04296875 0.0576171875
54 0.83642578125 0.2783203125 0.03759765625 0.06103515625
54 0.9404296875 0.28173828125 0.04296875 0.0654296875
40 0.24853515625 0.34375 0.041015625 0.05419921875
63 0.2939453125 0.34521484375 0.03857421875 0.056640625
19 0.34033203125 0.34521484375 0.0341796875 0.056640625
30 0.38623046875 0.3515625 0.03662109375 0.06103515625
18 0.43212890625 0.34765625 0.03515625 0.06201171875
59 0.5283203125 0.3515625 0.041015625 0.06103515625
56 0.5771484375 0.35107421875 0.03857421875 0.0595703125
37 0.62744140625 0.3505859375 0.041015625 0.05859375
39 0.677734375 0.353515625 0.03515625 0.0595703125
43 0.728515625 0.35400390625 0.03662109375 0.05859375
37 0.388671875 0.423828125 0.03955078125 0.05419921875
38 0.4833984375 0.43115234375 0.04443359375 0.0595703125
39 0.572265625 0.4326171875 0.03759765625 0.05859375
41 0.6728515625 0.4365234375 0.03662109375 0.0576171875
43 0.771484375 0.4365234375 0.03173828125 0.06201171875
45 0.88232421875 0.43798828125 0.03955078125 0.0595703125
46 0.9833984375 0.4423828125 0.033203125 0.05322265625
53 0.24609375 0.4951171875 0.03857421875 0.05419921875
42 0.3349609375 0.50048828125 0.03662109375 0.0517578125
44 0.3837890625 0.50244140625 0.03857421875 0.05517578125
53 0.4765625 0.5048828125 0.03515625 0.0517578125
46 0.5224609375 0.50732421875 0.03759765625 0.056640625
55 0.61865234375 0.51318359375 0.03955078125 0.06201171875
56 0.720703125 0.5166015625 0.041015625 0.05517578125
57 0.8212890625 0.521484375 0.03759765625 0.06103515625
58 0.92822265625 0.529296875 0.041015625 0.0654296875
65 0.2490234375 0.56884765625 0.03759765625 0.048828125
66 0.33837890625 0.57373046875 0.0341796875 0.056640625
40 0.2490234375 0.64208984375 0.03759765625 0.05078125
53 0.294921875 0.64208984375 0.03173828125 0.05078125
19 0.337890625 0.6435546875 0.033203125 0.05078125
53 0.4267578125 0.6494140625 0.03515625 0.0517578125
61 0.474609375 0.65185546875 0.03515625 0.0517578125
52 0.51953125 0.654296875 0.03662109375 0.05517578125
38 0.5693359375 0.65673828125 0.03662109375 0.05517578125
43 0.6142578125 0.66259765625 0.03515625 0.06298828125
58 0.66259765625 0.6650390625 0.03857421875 0.056640625
59 0.71630859375 0.6708984375 0.03857421875 0.0576171875
54 0.24951171875 0.7861328125 0.03173828125 0.0517578125
54 0.3828125 0.7939453125 0.02978515625 0.0517578125
54 0.51611328125 0.8017578125 0.03173828125 0.056640625
54 0.6123046875 0.8115234375 0.033203125 0.0498046875
54 0.7568359375 0.82421875 0.03759765625 0.0595703125
54 0.90478515625 0.83837890625 0.041015625 0.056640625
54 0.24462890625 0.923828125 0.03515625 0.0498046875
54 0.3759765625 0.93798828125 0.03173828125 0.048828125
54 0.51123046875 0.95166015625 0.03955078125 0.056640625
54 0.65185546875 0.962890625 0.02978515625 0.0517578125
0 0.2900390625 0.7890625 0.03515625 0.05517578125
1 0.42578125 0.794921875 0.033203125 0.05419921875
2 0.56591796875 0.80712890625 0.0341796875 0.06103515625
3 0.658203125 0.81689453125 0.03173828125 0.04638671875
4 0.802734375 0.82763671875 0.03173828125 0.0595703125
5 0.9521484375 0.84033203125 0.03076171875 0.056640625
1 0.29150390625 0.92578125 0.0341796875 0.04638671875
2 0.4208984375 0.9423828125 0.033203125 0.05517578125
4 0.5576171875 0.95263671875 0.03076171875 0.0498046875
2 0.6962890625 0.9677734375 0.02978515625 0.0576171875
37 0.24755859375 0.42041015625 0.03955078125 0.06103515625
38 0.296875 0.42041015625 0.03955078125 0.05419921875