22 0.12890625 0.1728515625 0.01953125 0.029296875
40 0.10498046875 0.171875 0.01953125 0.029296875
43 0.1552734375 0.171875 0.01953125 0.029296875
60 0.18017578125 0.17138671875 0.01953125 0.029296875
60 0.205078125 0.171875 0.01953125 0.029296875
43 0.23046875 0.17041015625 0.01953125 0.029296875
59 0.27978515625 0.1708984375 0.01953125 0.029296875
58 0.2548828125 0.171875 0.01953125 0.029296875
53 0.328125 0.17138671875 0.01953125 0.029296875
55 0.35595703125 0.171875 0.01953125 0.029296875
59 0.40478515625 0.17236328125 0.01953125 0.029296875
56 0.42919921875 0.171875 0.01953125 0.029296875
37 0.4541015625 0.1728515625 0.01953125 0.029296875
39 0.47900390625 0.171875 0.01953125 0.029296875
43 0.50439453125 0.171875 0.01953125 0.029296875
37 0.1103515625 0.25439453125 0.01953125 0.029296875
38 0.134765625 0.2548828125 0.01953125 0.029296875
39 0.15869140625 0.25537109375 0.01953125 0.029296875
41 0.18359375 0.25537109375 0.01953125 0.029296875
43 0.20849609375 0.2548828125 0.01953125 0.029296875
45 0.23388671875 0.25439453125 0.01953125 0.029296875
46 0.25927734375 0.25439453125 0.01953125 0.029296875
47 0.28271484375 0.25390625 0.01953125 0.029296875
48 0.30859375 0.25244140625 0.01953125 0.029296875
49 0.33349609375 0.25341796875 0.01953125 0.029296875
50 0.35693359375 0.25439453125 0.01953125 0.029296875
51 0.38330078125 0.25439453125 0.01953125 0.029296875
52 0.40625 0.25439453125 0.01953125 0.029296875
53 0.43017578125 0.2529296875 0.01953125 0.029296875
53 0.5517578125 0.25439453125 0.01953125 0.029296875
46 0.57666015625 0.2529296875 0.01953125 0.029296875
42 0.4775390625 0.2548828125 0.01953125 0.029296875
44 0.5029296875 0.25439453125 0.01953125 0.029296875
55 0.625 0.25341796875 0.01953125 0.029296875
56 0.6513671875 0.25341796875 0.01953125 0.029296875
57 0.6748046875 0.2529296875 0.01953125 0.029296875
58 0.69970703125 0.251953125 0.01953125 0.029296875
59 0.724609375 0.25048828125 0.01953125 0.029296875
60 0.748046875 0.25146484375 0.01953125 0.029296875
61 0.7734375 0.25048828125 0.01953125 0.029296875
62 0.11279296875 0.2958984375 0.01953125 0.029296875
63 0.13818359375 0.29541015625 0.01953125 0.029296875
64 0.16162109375 0.29541015625 0.01953125 0.029296875
65 0.18701171875 0.29541015625 0.01953125 0.029296875
66 0.21142578125 0.296875 0.01953125 0.029296875
40 0.1162109375 0.3349609375 0.01953125 0.029296875
33 0.14013671875 0.333984375 0.01953125 0.029296875
48 0.16357421875 0.3330078125 0.01953125 0.029296875
60 0.1884765625 0.33349609375 0.01953125 0.029296875
47 0.212890625 0.33349609375 0.01953125 0.029296875
59 0.26220703125 0.333984375 0.01953125 0.029296875
56 0.28662109375 0.3330078125 0.01953125 0.029296875
37 0.31103515625 0.333984375 0.01953125 0.029296875
39 0.3359375 0.33349609375 0.01953125 0.029296875
43 0.359375 0.33447265625 0.01953125 0.029296875
40 0.26171875 0.2958984375 0.01953125 0.029296875
40 0.287109375 0.2958984375 0.01953125 0.029296875
54 0.359375 0.29638671875 0.01953125 0.029296875
40 0.310546875 0.29541015625 0.01953125 0.029296875
54 0.4072265625 0.296875 0.01953125 0.029296875
54 0.45556640625 0.2958984375 0.01953125 0.029296875
37 0.11767578125 0.37353515625 0.01953125 0.029296875
38 0.142578125 0.3740234375 0.01953125 0.029296875
37 0.193359375 0.37353515625 0.01953125 0.029296875
38 0.2412109375 0.37353515625 0.01953125 0.029296875
39 0.28955078125 0.37158203125 0.01953125 0.029296875
41 0.33837890625 0.37255859375 0.01953125 0.029296875
43 0.38427734375 0.37353515625 0.01953125 0.029296875
53 0.1201171875 0.41259765625 0.01953125 0.029296875
42 0.1689453125 0.41162109375 0.01953125 0.029296875
44 0.1943359375 0.41162109375 0.01953125 0.029296875
53 0.2421875 0.41015625 0.01953125 0.029296875
46 0.26708984375 0.4111328125 0.01953125 0.029296875
55 0.31591796875 0.41259765625 0.01953125 0.029296875
58 0.3408203125 0.48388671875 0.01953125 0.029296875
56 0.361328125 0.41064453125 0.01953125 0.029296875
59 0.365234375 0.48291015625 0.01953125 0.029296875
43 0.31787109375 0.48291015625 0.01953125 0.029296875
52 0.271484375 0.48291015625 0.01953125 0.029296875
38 0.294921875 0.48388671875 0.01953125 0.029296875
61 0.248046875 0.482421875 0.01953125 0.029296875
53 0.22265625 0.4833984375 0.01953125 0.029296875
66 0.17236328125 0.44970703125 0.01953125 0.029296875
65 0.125 0.4501953125 0.01953125 0.029296875
40 0.12841796875 0.48681640625 0.01953125 0.029296875
24 0.14892578125 0.48681640625 0.01953125 0.029296875
48 0.173828125 0.48583984375 0.01953125 0.029296875
54 0.1337890625 0.55908203125 0.01953125 0.029296875
0 0.15771484375 0.5595703125 0.01953125 0.029296875
54 0.2041015625 0.55810546875 0.01953125 0.029296875
1 0.22802734375 0.55859375 0.01953125 0.029296875
38 0.27294921875 0.5576171875 0.01953125 0.029296875
54 0.27294921875 0.5576171875 0.01953125 0.029296875
1 0.2958984375 0.55859375 0.01953125 0.029296875
54 0.13720703125 0.6298828125 0.01953125 0.029296875
1 0.15966796875 0.63037109375 0.01953125 0.029296875
54 0.13525390625 0.6669921875 0.01953125 0.029296875
0 0.15771484375 0.66796875 0.01953125 0.029296875
54 0.20166015625 0.6298828125 0.01953125 0.029296875
4 0.29443359375 0.6318359375 0.01953125 0.0283203125
3 0.2265625 0.63037109375 0.01953125 0.0283203125
54 0.33935546875 0.6328125 0.01953125 0.0283203125
54 0.27001953125 0.63232421875 0.01953125 0.0283203125
2 0.36328125 0.63134765625 0.01953125 0.0283203125
54 0.3193359375 0.55712890625 0.01953125 0.0283203125
3 0.34130859375 0.5576171875 0.01953125 0.0283203125
54 0.38671875 0.55859375 0.01953125 0.0283203125
4 0.41064453125 0.55908203125 0.01953125 0.0283203125
54 0.41015625 0.63134765625 0.01953125 0.0283203125
5 0.43310546875 0.63232421875 0.01953125 0.0283203125
54 0.45654296875 0.5595703125 0.01953125 0.0283203125
5 0.48046875 0.5595703125 0.01953125 0.0283203125
54 0.52587890625 0.5625 0.01953125 0.0283203125
6 0.5498046875 0.560546875 0.01953125 0.0283203125
54 0.47802734375 0.6337890625 0.01953125 0.0283203125
6 0.501953125 0.63330078125 0.01953125 0.0283203125
54 0.55126953125 0.63427734375 0.01953125 0.0283203125
7 0.57421875 0.63427734375 0.01953125 0.0283203125
54 0.62255859375 0.63525390625 0.01953125 0.0283203125
8 0.64501953125 0.63525390625 0.01953125 0.0283203125
54 0.59716796875 0.56201171875 0.01953125 0.0283203125
7 0.62109375 0.560546875 0.01953125 0.0283203125
54 0.67041015625 0.56201171875 0.01953125 0.0283203125
8 0.693359375 0.5615234375 0.01953125 0.0283203125
54 0.7431640625 0.56298828125 0.01953125 0.0283203125
54 0.693359375 0.63671875 0.01953125 0.0283203125
9 0.71728515625 0.63623046875 0.01953125 0.0283203125
9 0.76806640625 0.56201171875 0.01953125 0.0283203125
52 0.12841796875 0.7802734375 0.01953125 0.029296875
37 0.15234375 0.78076171875 0.01953125 0.029296875
46 0.173828125 0.78125 0.01953125 0.029296875
50 0.1279296875 0.8203125 0.01953125 0.029296875
61 0.15087890625 0.81982421875 0.01953125 0.029296875
52 0.173828125 0.82080078125 0.01953125 0.029296875
61 0.1962890625 0.82080078125 0.01953125 0.029296875
37 0.1982421875 0.7822265625 0.01953125 0.029296875
60 0.2431640625 0.82177734375 0.01953125 0.029296875
53 0.220703125 0.78173828125 0.01953125 0.029296875
59 0.21875 0.822265625 0.01953125 0.029296875
37 0.26708984375 0.82373046875 0.01953125 0.029296875
50 0.31298828125 0.8232421875 0.01953125 0.029296875
37 0.33837890625 0.82275390625 0.01953125 0.029296875
41 0.24169921875 0.78271484375 0.01953125 0.029296875
37 0.267578125 0.78369140625 0.01953125 0.029296875
53 0.28955078125 0.78369140625 0.01953125 0.029296875
46 0.31396484375 0.78515625 0.01953125 0.029296875
65 0.3603515625 0.82373046875 0.01953125 0.029296875
55 0.384765625 0.82373046875 0.01953125 0.029296875
61 0.359375 0.78564453125 0.01953125 0.029296875
52 0.38330078125 0.78466796875 0.01953125 0.029296875
37 0.4091796875 0.78564453125 0.01953125 0.029296875
46 0.43212890625 0.78564453125 0.01953125 0.029296875
37 0.45654296875 0.78515625 0.01953125 0.029296875
59 0.50146484375 0.78564453125 0.01953125 0.029296875
37 0.52783203125 0.78564453125 0.01953125 0.029296875
48 0.5751953125 0.78759765625 0.01953125 0.029296875
53 0.59716796875 0.78759765625 0.01953125 0.029296875
65 0.6220703125 0.78662109375 0.01953125 0.029296875
55 0.64501953125 0.78759765625 0.01953125 0.029296875
45 0.431640625 0.37353515625 0.01953125 0.029296875
57 0.408203125 0.412109375 0.01953125 0.029296875
58 0.45556640625 0.41015625 0.01953125 0.029296875
46 0.4794921875 0.3720703125 0.01953125 0.029296875
47 0.52783203125 0.37109375 0.01953125 0.029296875
59 0.5029296875 0.41015625 0.01953125 0.029296875
60 0.55078125 0.41015625 0.01953125 0.029296875
48 0.57470703125 0.37158203125 0.01953125 0.029296875
61 0.5986328125 0.41064453125 0.01953125 0.029296875
49 0.6240234375 0.3701171875 0.01953125 0.029296875
50 0.6728515625 0.37158203125 0.01953125 0.029296875
62 0.64599609375 0.41015625 0.01953125 0.029296875
63 0.69677734375 0.40966796875 0.01953125 0.029296875
51 0.72119140625 0.37158203125 0.01953125 0.029296875
52 0.76953125 0.3701171875 0.01953125 0.029296875