52 0.140625 0.38134765625 0.07080078125 0.11279296875
37 0.22998046875 0.390625 0.07080078125 0.11279296875
46 0.32470703125 0.400390625 0.07080078125 0.11279296875
37 0.41259765625 0.4052734375 0.07080078125 0.11279296875
53 0.50732421875 0.404296875 0.07080078125 0.11279296875
41 0.59765625 0.4052734375 0.07080078125 0.11279296875
37 0.6953125 0.4150390625 0.07080078125 0.11279296875
53 0.787109375 0.41748046875 0.07080078125 0.11279296875
46 0.88330078125 0.4296875 0.07080078125 0.11279296875
37 0.96337890625 0.5732421875 0.07080078125 0.11279296875
50 0.87109375 0.572265625 0.07080078125 0.11279296875
41 0.68994140625 0.5615234375 0.07080078125 0.11279296875
60 0.59228515625 0.5576171875 0.07080078125 0.11279296875
59 0.5029296875 0.5546875 0.07080078125 0.11279296875
61 0.4111328125 0.55078125 0.07080078125 0.11279296875
52 0.31494140625 0.5439453125 0.07080078125 0.11279296875
61 0.22607421875 0.53466796875 0.07080078125 0.11279296875
50 0.13525390625 0.53076171875 0.07080078125 0.11279296875