40 0.04614666666666667 0.15056666666666665 0.019513333333333334 0.03428
22 0.07647 0.14977666666666667 0.025313333333333334 0.03586333333333334
14 0.10996 0.15188666666666667 0.024786666666666665 0.03797
30 0.14292 0.15215 0.021096666666666666 0.03639
30 0.1753533333333333 0.15188666666666667 0.023733333333333335 0.03691666666666667
14 0.20804999999999998 0.15162333333333333 0.023733333333333335 0.037443333333333335
28 0.24022333333333332 0.15241333333333335 0.021623333333333335 0.034806666666666666
59 0.27318333333333333 0.15294 0.02215 0.034806666666666666
53 0.3356766666666667 0.15452333333333332 0.022676666666666668 0.03586333333333334
55 0.36943 0.15557666666666667 0.026896666666666666 0.03691666666666667
37 0.05089333333333334 0.25683333333333336 0.021623333333333335 0.03691666666666667
38 0.08411666666666666 0.25683333333333336 0.022676666666666668 0.03586333333333334
39 0.11602333333333333 0.25709666666666664 0.021096666666666666 0.03428
41 0.14872000000000002 0.25657 0.021096666666666666 0.035333333333333335
43 0.1811566666666667 0.25604333333333334 0.022676666666666668 0.032170000000000004
45 0.21279666666666666 0.25789 0.022676666666666668 0.03691666666666667
46 0.24444000000000002 0.25894333333333336 0.024786666666666665 0.03586333333333334
47 0.27714 0.2613166666666667 0.022676666666666668 0.037443333333333335
48 0.3101 0.26158 0.02215 0.03691666666666667
49 0.34095000000000003 0.2621066666666667 0.022676666666666668 0.03902666666666667
50 0.3718033333333334 0.2621066666666667 0.02215 0.03586333333333334
51 0.40265333333333336 0.2618433333333333 0.023733333333333335 0.032170000000000004
52 0.4332433333333333 0.26342666666666664 0.024786666666666665 0.033223333333333334
53 0.46303999999999995 0.26316333333333336 0.023203333333333333 0.032696666666666666
62 0.05537333333333334 0.30878 0.02637 0.033223333333333334
63 0.08807333333333334 0.30983666666666665 0.021096666666666666 0.03428
64 0.12077 0.30957333333333337 0.023203333333333333 0.03586333333333334
65 0.15188666666666667 0.30931 0.023203333333333333 0.033223333333333334
66 0.18379333333333334 0.30878 0.021623333333333335 0.03639
40 0.24734 0.31062666666666666 0.02426 0.03375333333333334
40 0.2805666666666667 0.31194666666666665 0.021096666666666666 0.031116666666666664
40 0.31115333333333334 0.313 0.021096666666666666 0.030060000000000003
54 0.37285666666666667 0.3135266666666667 0.025313333333333334 0.033223333333333334
54 0.4340333333333333 0.31432 0.02426 0.03375333333333334
54 0.49521000000000004 0.3156366666666667 0.02742333333333333 0.03639
40 0.060386666666666665 0.3588833333333334 0.021623333333333335 0.031116666666666664
33 0.09071 0.3588833333333334 0.02215 0.033223333333333334
19 0.12261666666666668 0.35862 0.021623333333333335 0.034806666666666666
30 0.15557666666666667 0.3573 0.023203333333333333 0.037443333333333335
18 0.18642999999999998 0.3578266666666667 0.023733333333333335 0.037443333333333335
59 0.25050666666666666 0.35756333333333334 0.02215 0.032696666666666666
56 0.2813566666666667 0.35862 0.022676666666666668 0.031643333333333336
37 0.31405666666666665 0.35809 0.024786666666666665 0.032696666666666666
39 0.3425333333333333 0.35862 0.023733333333333335 0.03375333333333334
43 0.3733866666666667 0.3588833333333334 0.023203333333333333 0.033223333333333334
37 0.06196666666666667 0.40740000000000004 0.020566666666666667 0.032170000000000004
38 0.09466333333333334 0.40660999999999997 0.021623333333333335 0.03375333333333334
37 0.15900666666666666 0.4047633333333333 0.021623333333333335 0.032170000000000004
38 0.2212366666666667 0.40582 0.023733333333333335 0.032170000000000004
39 0.28373000000000004 0.40608333333333335 0.021096666666666666 0.030586666666666668
41 0.3438533333333333 0.4071366666666667 0.023203333333333333 0.03375333333333334
43 0.4042366666666667 0.40845666666666663 0.022676666666666668 0.03428
45 0.46436 0.40793 0.023733333333333335 0.032170000000000004
46 0.5218433333333333 0.40872 0.023733333333333335 0.03375333333333334
53 0.06592333333333333 0.45776666666666666 0.02004 0.03375333333333334
42 0.1281533333333333 0.45592 0.023203333333333333 0.033223333333333334
44 0.16138 0.45513000000000003 0.02215 0.032696666666666666
53 0.22334666666666667 0.45592 0.020566666666666667 0.035333333333333335
46 0.25393333333333334 0.45539333333333337 0.020566666666666667 0.033223333333333334
55 0.31511 0.45565666666666665 0.022676666666666668 0.034806666666666666
56 0.3747033333333333 0.45407333333333333 0.022676666666666668 0.031643333333333336
57 0.4324533333333333 0.4564466666666666 0.025313333333333334 0.03428
58 0.49231 0.45618333333333333 0.02584 0.030586666666666668
59 0.5497933333333334 0.45855666666666667 0.024786666666666665 0.030060000000000003
60 0.6085966666666667 0.4598766666666667 0.02426 0.02953333333333333
61 0.6684533333333333 0.45803 0.02795 0.032170000000000004
65 0.07251333333333333 0.50444 0.023733333333333335 0.030060000000000003
66 0.13474666666666668 0.5020666666666667 0.024786666666666665 0.031643333333333336
53 0.19803 0.5455766666666667 0.020566666666666667 0.031116666666666664
61 0.2291466666666667 0.5447833333333333 0.023733333333333335 0.031643333333333336
52 0.25709666666666664 0.5447833333333333 0.020566666666666667 0.032696666666666666
38 0.28795 0.54452 0.02215 0.031116666666666664
43 0.3166933333333333 0.5461033333333333 0.021623333333333335 0.03428
58 0.34569666666666665 0.54452 0.019513333333333334 0.030060000000000003
59 0.37681333333333333 0.5455766666666667 0.022676666666666668 0.029006666666666667
53 0.10679333333333334 0.5476833333333333 0.021623333333333335 0.03428
48 0.13738333333333333 0.5463666666666667 0.021623333333333335 0.032696666666666666
54 0.08517333333333334 0.63892 0.018456666666666666 0.029006666666666667
54 0.17377333333333336 0.6362833333333333 0.018456666666666666 0.030060000000000003
54 0.25920666666666664 0.6370766666666666 0.020566666666666667 0.031643333333333336
54 0.3185366666666667 0.6381300000000001 0.018986666666666666 0.031643333333333336
54 0.40318333333333334 0.6378666666666666 0.021623333333333335 0.031116666666666664
54 0.4920466666666667 0.63945 0.02004 0.03428
54 0.5803833333333334 0.6407666666666667 0.023733333333333335 0.032696666666666666
54 0.6639733333333333 0.6428766666666667 0.02215 0.02953333333333333
54 0.7515166666666667 0.6428766666666667 0.02215 0.031643333333333336
54 0.8409066666666666 0.6473599999999999 0.020566666666666667 0.033223333333333334
54 0.08781 0.72594 0.019513333333333334 0.033223333333333334
54 0.17087 0.7277866666666667 0.02004 0.030586666666666668
54 0.25578 0.7301566666666666 0.018986666666666666 0.030060000000000003
54 0.34359 0.7312133333333333 0.019513333333333334 0.030060000000000003
54 0.43113333333333337 0.7320033333333335 0.019513333333333334 0.030586666666666668
54 0.5173599999999999 0.7335866666666667 0.02004 0.03375333333333334
54 0.60807 0.7349033333333334 0.021096666666666666 0.031116666666666664
54 0.69456 0.73675 0.02215 0.030586666666666668
54 0.78105 0.7372766666666667 0.02215 0.02742333333333333
54 0.08649000000000001 0.7728766666666667 0.02004 0.029006666666666667
0 0.11312333333333334 0.6378666666666666 0.020566666666666667 0.030060000000000003
1 0.20198666666666668 0.63602 0.021096666666666666 0.02953333333333333
2 0.28847666666666666 0.6370766666666666 0.021096666666666666 0.030586666666666668
3 0.34596000000000005 0.6378666666666666 0.02004 0.033223333333333334
4 0.43113333333333337 0.6378666666666666 0.019513333333333334 0.031116666666666664
5 0.5184166666666666 0.64024 0.021096666666666666 0.034806666666666666
6 0.6056966666666667 0.64103 0.019513333333333334 0.032170000000000004
7 0.6921866666666666 0.6428766666666667 0.021623333333333335 0.02953333333333333
8 0.7802600000000001 0.6447233333333333 0.020566666666666667 0.033223333333333334
9 0.8683333333333333 0.6476233333333333 0.021623333333333335 0.034806666666666666
1 0.11628666666666668 0.72673 0.021623333333333335 0.034806666666666666
3 0.19987666666666667 0.72673 0.021096666666666666 0.030586666666666668
4 0.28584 0.7306866666666666 0.01687666666666667 0.032170000000000004
2 0.37233 0.7304233333333333 0.02004 0.031643333333333336
5 0.45935 0.7312133333333333 0.021096666666666666 0.033223333333333334
6 0.5482133333333333 0.7335866666666667 0.020566666666666667 0.034806666666666666
7 0.63444 0.7354333333333334 0.021096666666666666 0.032170000000000004
8 0.7201366666666666 0.73754 0.018456666666666666 0.029006666666666667
9 0.8076833333333334 0.7359600000000001 0.018456666666666666 0.02795
0 0.11470666666666667 0.7736666666666666 0.017403333333333333 0.031643333333333336
52 0.07779 0.9136866666666666 0.020566666666666667 0.031116666666666664
37 0.10574000000000001 0.9134233333333334 0.019513333333333334 0.031643333333333336
46 0.13474666666666668 0.9179066666666666 0.021623333333333335 0.03639
37 0.16507 0.9179066666666666 0.021096666666666666 0.03428
53 0.19328333333333333 0.91896 0.019513333333333334 0.033223333333333334
41 0.2217633333333333 0.9186966666666667 0.021623333333333335 0.034806666666666666
37 0.25261666666666666 0.91896 0.02004 0.032170000000000004
53 0.28004 0.9194866666666667 0.02004 0.033223333333333334
46 0.31062666666666666 0.91975 0.018986666666666666 0.03375333333333334
61 0.36890333333333336 0.9205433333333334 0.018456666666666666 0.030060000000000003
52 0.39791 0.91975 0.020566666666666667 0.031643333333333336
37 0.4284966666666667 0.91975 0.020566666666666667 0.032696666666666666
46 0.4582933333333334 0.9205433333333334 0.017929999999999998 0.035333333333333335
37 0.48808999999999997 0.92107 0.021623333333333335 0.033223333333333334
59 0.5450466666666667 0.9194866666666667 0.020566666666666667 0.030060000000000003
37 0.5748433333333334 0.9194866666666667 0.02004 0.02795
48 0.6347033333333333 0.9213333333333333 0.019513333333333334 0.030586666666666668
53 0.66107 0.9192233333333334 0.020566666666666667 0.030586666666666668
65 0.6913966666666667 0.9200166666666667 0.02215 0.029006666666666667
55 0.7198733333333333 0.9200166666666667 0.021096666666666666 0.029006666666666667
50 0.07884333333333333 0.9619433333333333 0.021623333333333335 0.031643333333333336
61 0.10652999999999999 0.9622066666666667 0.02215 0.03428
52 0.13448333333333332 0.9637866666666667 0.021096666666666666 0.03428
61 0.16401666666666667 0.9643166666666666 0.017929999999999998 0.033223333333333334
59 0.19301999999999997 0.9651066666666667 0.021096666666666666 0.030586666666666668
60 0.22071 0.9672166666666667 0.019513333333333334 0.032696666666666666
37 0.25182333333333334 0.9664233333333333 0.022676666666666668 0.033223333333333334
50 0.3114166666666667 0.9669533333333333 0.020566666666666667 0.030060000000000003
37 0.34016 0.9658966666666667 0.02004 0.030060000000000003
65 0.36864 0.96616 0.02215 0.032696666666666666
55 0.39738 0.9658966666666667 0.020566666666666667 0.029006666666666667