54 0.28857421875 0.1318359375 0.037109375 0.06982421875
54 0.45703125 0.1298828125 0.04052734375 0.0771484375
54 0.63427734375 0.13134765625 0.0419921875 0.06982421875
54 0.81884765625 0.130859375 0.04150390625 0.0693359375
54 0.2880859375 0.228515625 0.03564453125 0.0712890625
1 0.34375 0.13232421875 0.03955078125 0.07080078125
3 0.5166015625 0.13134765625 0.04052734375 0.07861328125
4 0.697265625 0.13134765625 0.03857421875 0.07373046875
2 0.87841796875 0.13037109375 0.0419921875 0.0703125
0 0.34375 0.22802734375 0.03515625 0.07470703125
52 0.28515625 0.49853515625 0.03759765625 0.06689453125
37 0.33984375 0.49853515625 0.03857421875 0.06591796875
46 0.3974609375 0.4990234375 0.03759765625 0.0625
37 0.45458984375 0.4990234375 0.03955078125 0.06494140625
53 0.509765625 0.505859375 0.0390625 0.0703125
41 0.5654296875 0.5048828125 0.0380859375 0.0693359375
37 0.623046875 0.5048828125 0.0380859375 0.06689453125
53 0.6826171875 0.50732421875 0.041015625 0.06591796875
46 0.74169921875 0.50732421875 0.041015625 0.06591796875
61 0.86181640625 0.51025390625 0.04345703125 0.06494140625
52 0.919921875 0.513671875 0.04052734375 0.0673828125
50 0.28515625 0.59033203125 0.03955078125 0.0712890625
61 0.33984375 0.59130859375 0.03564453125 0.06787109375
52 0.39599609375 0.59423828125 0.0380859375 0.0712890625
61 0.451171875 0.595703125 0.03759765625 0.0712890625
59 0.5078125 0.59814453125 0.03955078125 0.06787109375
60 0.564453125 0.5986328125 0.03759765625 0.0693359375
37 0.6240234375 0.599609375 0.03857421875 0.0693359375
50 0.74169921875 0.603515625 0.04443359375 0.06982421875
37 0.8017578125 0.6044921875 0.044921875 0.0673828125
65 0.8583984375 0.6044921875 0.04296875 0.0654296875
55 0.91650390625 0.60791015625 0.0478515625 0.0703125
37 0.974609375 0.5107421875 0.04052734375 0.0673828125