54 0.14055666666666666 0.13666666666666666 0.03889 0.06444333333333334
54 0.31444333333333335 0.13555666666666666 0.03777666666666667 0.06444333333333334
54 0.49 0.13722333333333334 0.04 0.07222333333333333
54 0.6672233333333334 0.13555666666666666 0.043333333333333335 0.07555666666666666
54 0.8527766666666666 0.14110999999999999 0.03889 0.07333333333333333
4 0.19833333333333333 0.13610999999999998 0.03889 0.06777666666666667
2 0.37222333333333335 0.13277666666666665 0.042223333333333335 0.06777666666666667
5 0.54889 0.13777666666666666 0.042223333333333335 0.07333333333333333
6 0.7283333333333334 0.13777666666666666 0.043333333333333335 0.07333333333333333
7 0.9094433333333333 0.14389000000000002 0.04555666666666666 0.07444333333333333
53 0.03555666666666667 0.5055566666666667 0.03777666666666667 0.06666666666666667
41 0.08777666666666666 0.5027766666666666 0.04 0.06333333333333334
37 0.14222333333333334 0.5038900000000001 0.04 0.06333333333333334
53 0.20055666666666666 0.50611 0.03889 0.06777666666666667
46 0.2572233333333333 0.5044433333333334 0.03889 0.06444333333333334
61 0.3705566666666667 0.5116666666666667 0.03889 0.06777666666666667
52 0.42611 0.5105566666666667 0.03666666666666667 0.06555666666666667
37 0.48389000000000004 0.5127766666666667 0.043333333333333335 0.06555666666666667
46 0.54111 0.5172233333333334 0.04 0.07222333333333333
37 0.6 0.51611 0.04 0.07222333333333333
59 0.7116666666666667 0.5194433333333333 0.03666666666666667 0.06555666666666667
37 0.7677766666666667 0.5172233333333334 0.03555666666666667 0.06333333333333334
59 0.03555666666666667 0.59 0.03777666666666667 0.06666666666666667
60 0.09166666666666666 0.5972233333333333 0.04111 0.06777666666666667
37 0.14611 0.595 0.04111 0.061110000000000005
50 0.25777666666666665 0.5983333333333334 0.042223333333333335 0.06333333333333334
37 0.31611 0.5977766666666666 0.03889 0.06444333333333334
65 0.36889000000000005 0.6011099999999999 0.03777666666666667 0.06666666666666667
55 0.425 0.6033333333333334 0.04111 0.07111
48 0.8875 0.5258333333333334 0.045 0.07166666666666667
53 0.9441666666666667 0.5241666666666667 0.045 0.07166666666666667