60 0.15114 0.05445333333333334 0.026793333333333332 0.04192666666666667
54 0.08932333333333334 0.57062 0.025670000000000002 0.036136666666666664
54 0.33372 0.56759 0.02263 0.03848
2 0.30430999999999997 0.5680866666666666 0.02281666666666667 0.03369
53 0.30474333333333337 0.8451299999999999 0.022439999999999998 0.034223333333333335
46 0.33527333333333337 0.8435833333333334 0.023803333333333333 0.031043333333333333
61 0.3931266666666667 0.84435 0.024256666666666666 0.03467666666666667
37 0.45459666666666665 0.8430066666666667 0.026073333333333334 0.03331666666666667
52 0.42092999999999997 0.84443 0.02471 0.035133333333333336
50 0.3341733333333333 0.8935233333333333 0.023803333333333333 0.036493333333333336
37 0.3664766666666667 0.8941 0.024256666666666666 0.03604
65 0.3941933333333333 0.8935233333333333 0.022893333333333335 0.03467666666666667
55 0.42269999999999996 0.89216 0.022439999999999998 0.03467666666666667
46 0.48360333333333333 0.8422433333333333 0.02562 0.034223333333333335
37 0.5126866666666666 0.8434633333333333 0.023803333333333333 0.034223333333333335
59 0.5685633333333333 0.8425966666666667 0.024256666666666666 0.035133333333333336
37 0.598 0.8428466666666666 0.02334666666666667 0.03331666666666667
48 0.6560666666666667 0.8436366666666666 0.022439999999999998 0.03240666666666667
53 0.6848666666666666 0.8409733333333334 0.022893333333333335 0.03240666666666667
65 0.7143833333333334 0.84316 0.02334666666666667 0.036493333333333336
55 0.7426033333333333 0.8418 0.02153 0.03286
40 0.05246666666666667 0.05299333333333333 0.026793333333333332 0.04192666666666667
22 0.08426 0.05299333333333333 0.026793333333333332 0.04192666666666667
43 0.11824666666666667 0.05445333333333334 0.026793333333333332 0.04192666666666667
60 0.18439333333333333 0.05372333333333333 0.026793333333333332 0.04192666666666667
43 0.21801666666666666 0.054090000000000006 0.026793333333333332 0.04192666666666667
58 0.25164 0.05482 0.026793333333333332 0.04192666666666667
59 0.28526999999999997 0.05513 0.023680000000000003 0.040060000000000005
53 0.35159999999999997 0.05824333333333333 0.023680000000000003 0.040060000000000005
55 0.3842966666666667 0.058866666666666664 0.023680000000000003 0.040060000000000005
59 0.45187 0.058866666666666664 0.023680000000000003 0.040060000000000005
56 0.48207666666666665 0.060423333333333336 0.023680000000000003 0.040060000000000005
37 0.5166433333333333 0.06198 0.023680000000000003 0.040060000000000005
39 0.5484066666666667 0.061669999999999996 0.023680000000000003 0.040060000000000005
43 0.5807933333333334 0.06260333333333333 0.023680000000000003 0.040060000000000005
37 0.05745 0.16662000000000002 0.026793333333333332 0.04192666666666667
38 0.09046 0.16693 0.026793333333333332 0.04192666666666667
39 0.12408999999999999 0.16630666666666666 0.026793333333333332 0.04192666666666667
41 0.15678666666666666 0.16630666666666666 0.026793333333333332 0.04192666666666667
43 0.19010666666666667 0.16599666666666668 0.026793333333333332 0.04192666666666667
45 0.22249333333333335 0.16599666666666668 0.026793333333333332 0.04192666666666667
46 0.25488 0.16786333333333334 0.026793333333333332 0.04192666666666667
47 0.28851 0.16724 0.026793333333333332 0.04192666666666667
48 0.32183 0.17035333333333333 0.026793333333333332 0.04192666666666667
49 0.35452666666666666 0.16879666666666665 0.026793333333333332 0.04192666666666667
50 0.3878466666666667 0.16973 0.026793333333333332 0.04192666666666667
51 0.4205433333333334 0.16973 0.026793333333333332 0.04192666666666667
52 0.4523066666666667 0.16973 0.026793333333333332 0.04192666666666667
54 0.5149 0.22623333333333334 0.026170000000000002 0.038503333333333334
53 0.48344666666666664 0.17097666666666664 0.026793333333333332 0.04192666666666667
54 0.45261999999999997 0.2243666666666667 0.026170000000000002 0.038503333333333334
54 0.3878466666666667 0.2225 0.026170000000000002 0.038503333333333334
40 0.25767999999999996 0.22094333333333335 0.026170000000000002 0.038503333333333334
40 0.29069 0.2215666666666667 0.026170000000000002 0.038503333333333334
40 0.3237 0.22187666666666667 0.026170000000000002 0.038503333333333334
62 0.06025333333333333 0.21829666666666667 0.026793333333333332 0.04192666666666667
63 0.09419666666666666 0.21985333333333332 0.026793333333333332 0.04192666666666667
64 0.12596 0.21954333333333334 0.026793333333333332 0.04192666666666667
65 0.15958999999999998 0.22016666666666668 0.026793333333333332 0.04192666666666667
66 0.19275333333333333 0.2215666666666667 0.026483333333333334 0.039746666666666666
40 0.06523666666666667 0.26748333333333335 0.026793333333333332 0.04192666666666667
33 0.09669 0.2702866666666667 0.026793333333333332 0.04192666666666667
48 0.12845333333333334 0.27277666666666667 0.026793333333333332 0.04192666666666667
60 0.16177333333333332 0.27277666666666667 0.026793333333333332 0.04192666666666667
47 0.19571666666666665 0.2743333333333333 0.026793333333333332 0.04192666666666667
59 0.26142333333333334 0.27262000000000003 0.024303333333333333 0.03788
37 0.3255733333333333 0.27324333333333334 0.024303333333333333 0.03788
56 0.2922533333333333 0.27324333333333334 0.024303333333333333 0.03788
39 0.3567133333333334 0.27386666666666665 0.024303333333333333 0.03788
43 0.39127999999999996 0.27355666666666667 0.024303333333333333 0.03788
37 0.06772666666666667 0.32663 0.026793333333333332 0.04192666666666667
38 0.10042333333333332 0.32694 0.026793333333333332 0.04192666666666667
37 0.16706333333333334 0.32787666666666665 0.026793333333333332 0.04192666666666667
38 0.23152333333333336 0.32787333333333335 0.026793333333333332 0.04192666666666667
39 0.2941166666666667 0.32787333333333335 0.026793333333333332 0.04192666666666667
41 0.3579533333333333 0.32787333333333335 0.026793333333333332 0.04192666666666667
43 0.4193 0.32694 0.026793333333333332 0.04192666666666667
45 0.4822033333333333 0.32787333333333335 0.026793333333333332 0.04192666666666667
46 0.54386 0.32896333333333333 0.023680000000000003 0.04037
47 0.6073866666666667 0.32927333333333336 0.023680000000000003 0.04037
48 0.6678000000000001 0.32834 0.023680000000000003 0.04037
49 0.7307033333333334 0.32834 0.023680000000000003 0.04037
50 0.7911166666666667 0.32958666666666664 0.023680000000000003 0.04037
51 0.8533966666666667 0.32989666666666667 0.023680000000000003 0.04037
52 0.9147433333333334 0.3317633333333333 0.023680000000000003 0.04037
63 0.8200766666666667 0.38064000000000003 0.023680000000000003 0.04037
62 0.7568633333333333 0.37939333333333336 0.023680000000000003 0.04037
61 0.6948933333333333 0.38064000000000003 0.023680000000000003 0.04037
60 0.6351033333333334 0.3775266666666666 0.023680000000000003 0.04037
59 0.5731333333333334 0.37970666666666664 0.023680000000000003 0.04037
58 0.5130333333333333 0.3775266666666666 0.023680000000000003 0.04037
57 0.4513766666666667 0.3790833333333333 0.023680000000000003 0.04037
56 0.39003 0.3787733333333333 0.023680000000000003 0.04037
55 0.3271266666666667 0.37784 0.023680000000000003 0.04037
46 0.26515666666666665 0.3784633333333334 0.023680000000000003 0.04037
53 0.23276999999999998 0.37815333333333334 0.023680000000000003 0.04037
53 0.07146333333333332 0.37753 0.023680000000000003 0.04037
42 0.13592333333333334 0.37815333333333334 0.023680000000000003 0.04037
44 0.16924333333333333 0.3762833333333333 0.023680000000000003 0.04037
65 0.07613333333333333 0.4267166666666667 0.023680000000000003 0.04037
66 0.14153 0.42734 0.023680000000000003 0.04037
40 0.08205 0.47341333333333335 0.023680000000000003 0.04037
24 0.11139 0.4742266666666667 0.023680000000000003 0.04037
48 0.14276666666666668 0.47341333333333335 0.023680000000000003 0.04037
53 0.20693666666666666 0.47302999999999995 0.023680000000000003 0.04037
61 0.23749 0.47302999999999995 0.023680000000000003 0.04037
52 0.26842333333333335 0.47226666666666667 0.023680000000000003 0.04037
38 0.30088666666666664 0.47417666666666664 0.023680000000000003 0.04037
43 0.3306766666666667 0.47341333333333335 0.023680000000000003 0.04037
58 0.36314 0.4718866666666667 0.023680000000000003 0.04037
59 0.3917833333333333 0.47265 0.023680000000000003 0.04037
0 0.11948 0.57062 0.025670000000000002 0.036136666666666664
54 0.09665666666666668 0.6602433333333333 0.025670000000000002 0.036136666666666664
54 0.09950999999999999 0.7075 0.025670000000000002 0.036136666666666664
54 0.18549333333333334 0.6606533333333333 0.025670000000000002 0.036136666666666664
54 0.18223000000000003 0.5689933333333334 0.025670000000000002 0.036136666666666664
1 0.12722333333333333 0.6598333333333334 0.025670000000000002 0.036136666666666664
54 0.2751433333333333 0.6602466666666666 0.025670000000000002 0.036136666666666664
0 0.13007333333333335 0.7079033333333333 0.025670000000000002 0.036136666666666664
3 0.36299000000000003 0.5672733333333333 0.02281666666666667 0.03369
1 0.21402 0.5698033333333333 0.025670000000000002 0.036136666666666664
3 0.21669666666666668 0.6589333333333334 0.02281666666666667 0.03369
54 0.27310666666666666 0.5685866666666667 0.025670000000000002 0.036136666666666664
4 0.30652333333333337 0.6582100000000001 0.025670000000000002 0.036136666666666664
54 0.5110866666666667 0.5694033333333334 0.025670000000000002 0.036136666666666664
54 0.3643866666666667 0.6594333333333333 0.025670000000000002 0.036136666666666664
54 0.42266 0.5677733333333334 0.025670000000000002 0.036136666666666664
54 0.452 0.6586166666666666 0.025670000000000002 0.036136666666666664
2 0.39355333333333337 0.6585233333333333 0.02281666666666667 0.03369
4 0.45322333333333337 0.5677733333333334 0.025670000000000002 0.036136666666666664
54 0.6011466666666667 0.5698066666666667 0.025670000000000002 0.036136666666666664
54 0.5396133333333333 0.65943 0.025670000000000002 0.036136666666666664
54 0.6899833333333333 0.57062 0.025670000000000002 0.036136666666666664
54 0.6288566666666666 0.6598333333333334 0.025670000000000002 0.036136666666666664
54 0.7185066666666666 0.6614633333333334 0.025670000000000002 0.036136666666666664
54 0.7792233333333334 0.57062 0.024856666666666666 0.036136666666666664
5 0.5424633333333334 0.56859 0.025670000000000002 0.036136666666666664
5 0.48297 0.65862 0.025670000000000002 0.036136666666666664
6 0.57058 0.6582133333333333 0.025670000000000002 0.036136666666666664
6 0.6312966666666667 0.569 0.025670000000000002 0.036136666666666664
7 0.7201299999999999 0.5706300000000001 0.025670000000000002 0.036136666666666664
7 0.6581899999999999 0.6602533333333334 0.025670000000000002 0.036136666666666664
8 0.7474333333333334 0.6610666666666667 0.025670000000000002 0.036136666666666664
8 0.8101900000000001 0.5718533333333333 0.025670000000000002 0.036136666666666664
54 0.8721333333333333 0.57225 0.024856666666666666 0.036136666666666664
54 0.80734 0.66228 0.024856666666666666 0.036136666666666664
9 0.90147 0.5726666666666667 0.025670000000000002 0.036136666666666664
9 0.8374933333333333 0.66351 0.025670000000000002 0.036136666666666664
53 0.21659666666666666 0.84604 0.022439999999999998 0.034223333333333335
37 0.18797333333333333 0.8437666666666668 0.022439999999999998 0.034223333333333335
52 0.10028 0.8433133333333334 0.022439999999999998 0.034223333333333335
46 0.15844 0.8433133333333334 0.022439999999999998 0.034223333333333335
37 0.12799666666666668 0.8433133333333334 0.022439999999999998 0.034223333333333335
41 0.24704 0.8455833333333334 0.022439999999999998 0.034223333333333335
37 0.27703 0.84604 0.022439999999999998 0.034223333333333335
52 0.15798333333333334 0.8928233333333333 0.022439999999999998 0.034223333333333335
61 0.12981333333333334 0.8928233333333333 0.022439999999999998 0.034223333333333335
50 0.09937 0.89237 0.022439999999999998 0.034223333333333335
59 0.21750666666666665 0.8937333333333333 0.022439999999999998 0.034223333333333335
61 0.18842666666666666 0.89237 0.022439999999999998 0.034223333333333335
60 0.24522333333333332 0.8937333333333333 0.022439999999999998 0.034223333333333335
37 0.27566666666666667 0.8937333333333333 0.022439999999999998 0.034223333333333335
42 0.54605 0.17154 0.026793333333333332 0.04192666666666667
44 0.5781966666666667 0.17097666666666664 0.026793333333333332 0.04192666666666667
53 0.6408 0.17323333333333335 0.026793333333333332 0.04192666666666667
46 0.6735099999999999 0.17266666666666666 0.026793333333333332 0.04192666666666667
55 0.7361133333333334 0.17379666666666665 0.026793333333333332 0.04192666666666667
56 0.7676966666666667 0.17492333333333332 0.026793333333333332 0.04192666666666667
57 0.7992800000000001 0.17604999999999998 0.026793333333333332 0.04192666666666667
58 0.8303 0.17492333333333332 0.026793333333333332 0.04192666666666667
59 0.86081 0.17531666666666668 0.026793333333333332 0.04192666666666667
60 0.89313 0.17539 0.026793333333333332 0.04192666666666667
61 0.92359 0.17759666666666665 0.026793333333333332 0.04192666666666667