45 0.0498046875 0.12890625 0.033203125 0.0595703125
46 0.09765625 0.13037109375 0.033203125 0.056640625
47 0.14501953125 0.12841796875 0.0341796875 0.05859375
48 0.19580078125 0.1259765625 0.03076171875 0.05859375
49 0.24267578125 0.1259765625 0.03173828125 0.06103515625
50 0.29443359375 0.1201171875 0.033203125 0.0595703125
51 0.34521484375 0.12109375 0.03662109375 0.06201171875
52 0.3935546875 0.1171875 0.03955078125 0.05859375
53 0.44287109375 0.1171875 0.0341796875 0.05859375
42 0.54345703125 0.115234375 0.03955078125 0.05859375
44 0.59521484375 0.1142578125 0.03857421875 0.06201171875
53 0.69921875 0.10986328125 0.03662109375 0.0595703125
46 0.75048828125 0.10986328125 0.03173828125 0.06396484375
55 0.8564453125 0.1064453125 0.03759765625 0.06640625
56 0.91064453125 0.10595703125 0.041015625 0.05859375
57 0.96240234375 0.10400390625 0.03515625 0.06103515625
40 0.1015625 0.2099609375 0.0341796875 0.05078125
40 0.15087890625 0.21142578125 0.033203125 0.05419921875
40 0.2001953125 0.20947265625 0.033203125 0.0517578125
54 0.2958984375 0.205078125 0.03662109375 0.056640625
54 0.39453125 0.20166015625 0.03515625 0.056640625
54 0.49365234375 0.2001953125 0.0341796875 0.05517578125
59 0.10595703125 0.287109375 0.03662109375 0.05419921875
56 0.15234375 0.28662109375 0.03759765625 0.0576171875
37 0.19873046875 0.28466796875 0.03759765625 0.0595703125
39 0.2470703125 0.283203125 0.03857421875 0.0576171875
43 0.2958984375 0.28271484375 0.0341796875 0.05859375
38 0.064453125 0.3701171875 0.03955078125 0.06201171875
39 0.15673828125 0.3681640625 0.03759765625 0.06103515625
41 0.25244140625 0.36767578125 0.03515625 0.0595703125
43 0.34814453125 0.3662109375 0.03857421875 0.056640625
45 0.44677734375 0.36279296875 0.033203125 0.05419921875
46 0.54541015625 0.3662109375 0.03759765625 0.0654296875
47 0.6494140625 0.365234375 0.0341796875 0.0654296875
48 0.7509765625 0.36328125 0.03955078125 0.06884765625
49 0.85546875 0.3623046875 0.03759765625 0.06396484375
50 0.9609375 0.3583984375 0.0419921875 0.06103515625
53 0.06787109375 0.44873046875 0.033203125 0.0576171875
46 0.11572265625 0.44775390625 0.033203125 0.05517578125
55 0.20849609375 0.4462890625 0.041015625 0.05859375
56 0.30615234375 0.44775390625 0.0341796875 0.0576171875
57 0.3984375 0.447265625 0.0341796875 0.05859375
58 0.49658203125 0.44580078125 0.03515625 0.0576171875
59 0.59619140625 0.44677734375 0.0341796875 0.06396484375
60 0.697265625 0.44482421875 0.03662109375 0.056640625
61 0.8017578125 0.44287109375 0.03662109375 0.05859375
62 0.90478515625 0.44091796875 0.03857421875 0.06640625
53 0.03662109375 0.59326171875 0.03515625 0.0576171875
61 0.078125 0.5966796875 0.0341796875 0.0595703125
52 0.1240234375 0.5966796875 0.03173828125 0.05517578125
38 0.16943359375 0.59521484375 0.03173828125 0.05419921875
43 0.21728515625 0.599609375 0.03173828125 0.06103515625
58 0.26220703125 0.59765625 0.033203125 0.0595703125
59 0.31005859375 0.59912109375 0.03076171875 0.0595703125
54 0.1318359375 0.7431640625 0.02734375 0.05517578125
54 0.22412109375 0.74462890625 0.0341796875 0.05517578125
54 0.361328125 0.74755859375 0.03759765625 0.05517578125
54 0.50146484375 0.75048828125 0.03173828125 0.056640625
54 0.6474609375 0.75537109375 0.03662109375 0.0576171875
54 0.7958984375 0.75537109375 0.03662109375 0.05517578125
54 0.94580078125 0.7578125 0.03759765625 0.0595703125
54 0.13623046875 0.88818359375 0.03173828125 0.0498046875
54 0.27099609375 0.892578125 0.03076171875 0.05419921875
54 0.41162109375 0.89501953125 0.02978515625 0.056640625
54 0.5517578125 0.8984375 0.03662109375 0.05419921875
54 0.69677734375 0.89990234375 0.02880859375 0.05322265625
54 0.84326171875 0.904296875 0.033203125 0.048828125
2 0.1767578125 0.74560546875 0.033203125 0.0595703125
3 0.27099609375 0.74560546875 0.03515625 0.0576171875
4 0.408203125 0.74853515625 0.03173828125 0.05419921875
5 0.548828125 0.75 0.033203125 0.0576171875
6 0.69482421875 0.75537109375 0.0341796875 0.0595703125
7 0.84521484375 0.7578125 0.0341796875 0.05517578125
4 0.1826171875 0.8896484375 0.0341796875 0.0498046875
2 0.31884765625 0.892578125 0.03076171875 0.056640625
5 0.458984375 0.89599609375 0.033203125 0.05859375
6 0.59912109375 0.89892578125 0.03515625 0.0576171875
7 0.74267578125 0.90087890625 0.0341796875 0.05517578125
8 0.88818359375 0.9033203125 0.03662109375 0.05517578125