55 0.172607421875 0.361083984375 0.05859375 0.09423828125
56 0.254638671875 0.35791015625 0.05859375 0.09423828125
57 0.33984375 0.3564453125 0.05859375 0.09423828125
58 0.418212890625 0.35693359375 0.05859375 0.09423828125
59 0.497802734375 0.35205078125 0.05859375 0.09423828125
60 0.580810546875 0.3505859375 0.05859375 0.09423828125
61 0.654052734375 0.346435546875 0.05859375 0.09423828125
48 0.048095703125 0.742431640625 0.05859375 0.09423828125
49 0.201416015625 0.73974609375 0.05859375 0.09423828125
50 0.356201171875 0.725830078125 0.05859375 0.08740234375
51 0.512939453125 0.7177734375 0.05859375 0.08740234375
52 0.65966796875 0.710693359375 0.05859375 0.08740234375
61 0.138427734375 0.85546875 0.05859375 0.08740234375
62 0.292724609375 0.847900390625 0.05859375 0.0830078125
63 0.43994140625 0.839111328125 0.05615234375 0.0830078125