54 0.08774333333333334 0.9111866666666667 0.03214 0.05338
5 0.12842 0.9102800000000001 0.03214 0.05338
54 0.21615 0.91311 0.03214 0.05338
6 0.2589533333333333 0.9155166666666668 0.03214 0.05338
54 0.35176999999999997 0.9116666666666666 0.03214 0.05338
54 0.3060833333333333 0.7721133333333334 0.03214 0.05338
54 0.17190666666666668 0.7721133333333334 0.03214 0.05338
54 0.04109666666666667 0.77452 0.03214 0.05338
54 0.4388166666666667 0.7711499999999999 0.03214 0.05338
54 0.4840233333333333 0.9097399999999999 0.03214 0.05338
54 0.57155 0.7682633333333333 0.03214 0.05338
54 0.6206033333333333 0.9102233333333334 0.03214 0.05338
54 0.7062066666666666 0.7682633333333333 0.03214 0.05338
9 0.7499699999999999 0.7687433333333333 0.03214 0.05338
9 0.6624433333333333 0.9107033333333334 0.03214 0.05338
8 0.6148333333333333 0.7706700000000001 0.03214 0.05338
8 0.5282666666666667 0.9121466666666667 0.03214 0.05338
7 0.4821 0.7716299999999999 0.03214 0.05338
7 0.39457333333333333 0.91407 0.03214 0.05338
6 0.3479233333333333 0.7711533333333334 0.03214 0.05338
5 0.21711333333333335 0.7711533333333334 0.03214 0.05338
4 0.08678333333333334 0.7711533333333334 0.03214 0.05338
57 0.08463666666666667 0.4889833333333333 0.03183333333333333 0.05002666666666667
58 0.16993333333333333 0.4901966666666666 0.03183333333333333 0.05002666666666667
59 0.26008 0.4889833333333333 0.03183333333333333 0.05002666666666667
46 0.21278333333333335 0.41941333333333336 0.03183333333333333 0.05002666666666667
48 0.3914566666666666 0.41819999999999996 0.03183333333333333 0.05002666666666667
45 0.12748666666666666 0.4186033333333333 0.03183333333333333 0.05002666666666667
49 0.47796333333333335 0.41617666666666664 0.03183333333333333 0.05002666666666667
60 0.34618 0.49019999999999997 0.03183333333333333 0.05002666666666667
61 0.43471000000000004 0.4889866666666667 0.03183333333333333 0.05002666666666667
47 0.30252333333333337 0.41819999999999996 0.03183333333333333 0.05002666666666667
50 0.5661033333333333 0.41617666666666664 0.03183333333333333 0.05002666666666667
51 0.6524933333333334 0.41384 0.03183333333333333 0.05002666666666667
52 0.7383000000000001 0.41208666666666666 0.03183333333333333 0.05002666666666667
62 0.5223266666666667 0.48684666666666665 0.03183333333333333 0.05002666666666667
63 0.6104666666666667 0.48568 0.03183333333333333 0.05002666666666667
44 0.26132666666666665 0.21158666666666667 0.03163666666666667 0.044533333333333334
42 0.2183 0.21209333333333333 0.03163666666666667 0.044533333333333334
53 0.13224666666666668 0.21361333333333335 0.03163666666666667 0.044533333333333334
52 0.08820666666666667 0.21513333333333332 0.03163666666666667 0.044533333333333334
51 0.047709999999999995 0.21665333333333334 0.03163666666666667 0.044533333333333334
54 0.08871333333333332 0.28351333333333334 0.03163666666666667 0.044533333333333334
54 0.17274333333333333 0.28148666666666666 0.03163666666666667 0.044533333333333334
53 0.34485 0.21006666666666668 0.03163666666666667 0.044533333333333334
46 0.3899033333333333 0.2090533333333333 0.03163666666666667 0.044533333333333334
55 0.4754533333333333 0.20956 0.03163666666666667 0.044533333333333334
56 0.51848 0.20854666666666666 0.03163666666666667 0.044533333333333334
57 0.561 0.20753333333333335 0.03163666666666667 0.044533333333333334
58 0.6020033333333333 0.20804 0.03163666666666667 0.044533333333333334
59 0.6485733333333333 0.20651999999999998 0.03163666666666667 0.044533333333333334
60 0.6941333333333334 0.20651999999999998 0.03163666666666667 0.044533333333333334
61 0.7366533333333334 0.20601333333333333 0.03163666666666667 0.044533333333333334