65 0.048828125 0.100341796875 0.05224609375 0.064453125
66 0.1728515625 0.0966796875 0.044921875 0.0712890625
40 0.060791015625 0.201904296875 0.0458984375 0.0634765625
24 0.119384765625 0.200927734375 0.0458984375 0.07568359375
19 0.183837890625 0.20166015625 0.04150390625 0.07421875
53 0.310791015625 0.194091796875 0.04345703125 0.0712890625
61 0.373779296875 0.194580078125 0.05224609375 0.07373046875
52 0.441162109375 0.1923828125 0.046875 0.07568359375
38 0.508544921875 0.19189453125 0.05224609375 0.07568359375
43 0.57470703125 0.18896484375 0.0458984375 0.07568359375
58 0.63916015625 0.189697265625 0.0458984375 0.0771484375
59 0.70654296875 0.186767578125 0.046875 0.07470703125
54 0.087890625 0.40576171875 0.04296875 0.064453125
54 0.2685546875 0.400390625 0.0400390625 0.0615234375
54 0.452392578125 0.400634765625 0.037109375 0.06494140625
54 0.573974609375 0.39990234375 0.0380859375 0.068359375
54 0.763916015625 0.39892578125 0.044921875 0.06640625
54 0.955810546875 0.397216796875 0.04248046875 0.06884765625
54 0.109375 0.586181640625 0.03466796875 0.06103515625
54 0.28125 0.584228515625 0.0400390625 0.060546875
54 0.45751953125 0.584228515625 0.0390625 0.0576171875
54 0.63623046875 0.581298828125 0.041015625 0.060546875
54 0.81591796875 0.581787109375 0.041015625 0.060546875
54 0.12060546875 0.672119140625 0.0361328125 0.05419921875
0 0.14404296875 0.404541015625 0.0380859375 0.06396484375
1 0.323974609375 0.400390625 0.03759765625 0.0625
2 0.510986328125 0.39990234375 0.03955078125 0.06298828125
3 0.635986328125 0.398193359375 0.041015625 0.06591796875
4 0.825439453125 0.39599609375 0.04296875 0.06201171875
1 0.1611328125 0.58740234375 0.0380859375 0.05908203125
3 0.33984375 0.58544921875 0.0400390625 0.0595703125
4 0.51611328125 0.5830078125 0.03759765625 0.0556640625
2 0.6953125 0.58203125 0.04150390625 0.06298828125
5 0.8798828125 0.581298828125 0.041015625 0.05908203125
0 0.1748046875 0.671875 0.03759765625 0.05712890625