58 0.27066 0.23432333333333336 0.03922 0.05763666666666666
41 0.02901 0.15945333333333334 0.03922 0.05763666666666666
43 0.12028666666666667 0.15887 0.03922 0.05763666666666666
45 0.22033999999999998 0.15828666666666666 0.03922 0.05763666666666666
46 0.31337333333333334 0.15536333333333333 0.03922 0.05763666666666666
47 0.4075766666666667 0.15361 0.03922 0.05763666666666666
48 0.50178 0.15068666666666666 0.03922 0.05763666666666666
60 0.45497000000000004 0.23316 0.03922 0.05763666666666666
59 0.3636933333333333 0.23199 0.03922 0.05763666666666666
57 0.17645666666666668 0.23784 0.03922 0.05763666666666666
56 0.08225333333333333 0.23725666666666667 0.03922 0.05763666666666666
63 0.7346533333333334 0.22204666666666667 0.03922 0.05763666666666666
61 0.5462466666666667 0.23082000000000003 0.03922 0.05763666666666666
49 0.5942266666666667 0.14776333333333333 0.03922 0.05763666666666666
50 0.6896000000000001 0.14776333333333333 0.03922 0.05763666666666666
51 0.7849733333333334 0.14601 0.03922 0.05763666666666666
62 0.6439600000000001 0.22673000000000001 0.03922 0.05763666666666666
52 0.8774200000000001 0.14191666666666666 0.03922 0.05763666666666666
28 0.05495666666666667 0.3863333333333333 0.03922 0.05763666666666666
29 0.09888333333333332 0.38538000000000006 0.03922 0.05763666666666666
54 0.026623333333333336 0.5300366666666666 0.03504333333333333 0.054060000000000004
54 0.15903666666666666 0.5282466666666666 0.03504333333333333 0.054060000000000004
3 0.07076 0.5282466666666666 0.03504333333333333 0.054060000000000004
4 0.20079 0.52586 0.03504333333333333 0.054060000000000004
54 0.08626666666666667 0.6594266666666666 0.03504333333333333 0.054060000000000004
2 0.12623333333333334 0.6630033333333333 0.03504333333333333 0.054060000000000004
54 0.21778666666666668 0.6543599999999999 0.03444666666666667 0.04988666666666666
5 0.25834666666666667 0.6549566666666666 0.03444666666666667 0.04988666666666666
54 0.2941333333333333 0.52318 0.03444666666666667 0.04988666666666666
54 0.42416333333333334 0.5178133333333333 0.03444666666666667 0.04988666666666666
54 0.3442366666666667 0.6483966666666667 0.03444666666666667 0.04988666666666666
54 0.47009 0.6472033333333334 0.03444666666666667 0.04988666666666666
5 0.33738 0.52288 0.03504333333333333 0.054060000000000004
6 0.3845 0.65108 0.03504333333333333 0.054060000000000004
6 0.46562 0.5187066666666666 0.03504333333333333 0.054060000000000004
7 0.59565 0.5169166666666667 0.03504333333333333 0.054060000000000004
54 0.5524033333333334 0.51841 0.03444666666666667 0.04988666666666666
54 0.6836233333333332 0.5172166666666667 0.03444666666666667 0.04988666666666666
8 0.6397866666666666 0.6498866666666667 0.03504333333333333 0.054060000000000004
54 0.5971366666666666 0.6483966666666667 0.03444666666666667 0.04988666666666666
8 0.7292566666666667 0.51632 0.03504333333333333 0.054060000000000004
54 0.7277600000000001 0.6483966666666667 0.03444666666666667 0.04988666666666666
54 0.81902 0.5160233333333333 0.03444666666666667 0.04988666666666666
9 0.8649466666666668 0.5154266666666667 0.03444666666666667 0.04988666666666666
9 0.7707066666666667 0.6472033333333334 0.03444666666666667 0.04988666666666666
7 0.51274 0.6492899999999999 0.03504333333333333 0.054060000000000004
53 0.03803 0.8991833333333334 0.03152666666666667 0.04421666666666667
46 0.07742 0.90059 0.03152666666666667 0.04421666666666667
61 0.15549333333333334 0.8995366666666668 0.03152666666666667 0.04421666666666667
37 0.23286666666666667 0.9002399999999999 0.03152666666666667 0.04421666666666667
52 0.19488333333333333 0.8984833333333333 0.03152666666666667 0.04421666666666667
50 0.08585999999999999 0.95825 0.03152666666666667 0.04421666666666667
37 0.12384333333333332 0.9586 0.03152666666666667 0.04421666666666667
65 0.16042 0.95825 0.03152666666666667 0.04421666666666667
55 0.20051333333333332 0.95825 0.03152666666666667 0.04421666666666667
46 0.27436666666666665 0.9012933333333334 0.03152666666666667 0.04421666666666667
37 0.31481 0.9002399999999999 0.03152666666666667 0.04421666666666667
59 0.39499333333333336 0.9016466666666667 0.03152666666666667 0.04421666666666667
37 0.43578999999999996 0.9023500000000001 0.03152666666666667 0.04421666666666667
48 0.51703 0.9058666666666666 0.03152666666666667 0.04421666666666667
53 0.5592333333333334 0.90411 0.03152666666666667 0.04421666666666667
65 0.5989733333333334 0.9051633333333332 0.03152666666666667 0.04421666666666667
55 0.6408233333333333 0.9051633333333332 0.03152666666666667 0.04421666666666667