48 0.1240234375 0.053955078125 0.046875 0.0751953125
49 0.259033203125 0.045654296875 0.048828125 0.07763671875
50 0.398193359375 0.040771484375 0.06005859375 0.07421875
51 0.532958984375 0.037841796875 0.05419921875 0.07080078125
52 0.659912109375 0.03271484375 0.0498046875 0.06298828125
60 0.06494140625 0.168701171875 0.048828125 0.076171875
61 0.196533203125 0.157470703125 0.05126953125 0.08056640625
62 0.333251953125 0.1513671875 0.05078125 0.07080078125
63 0.467041015625 0.14501953125 0.0458984375 0.07177734375
54 0.03369140625 0.593994140625 0.041015625 0.07470703125
54 0.22802734375 0.586669921875 0.05029296875 0.07177734375
54 0.42626953125 0.577880859375 0.04638671875 0.06982421875
54 0.623291015625 0.570068359375 0.04345703125 0.0712890625
54 0.117919921875 0.79248046875 0.0419921875 0.06689453125
54 0.30859375 0.78662109375 0.0439453125 0.0673828125
54 0.50390625 0.77294921875 0.04541015625 0.06396484375
6 0.0908203125 0.593505859375 0.048828125 0.07421875
7 0.29296875 0.586669921875 0.046875 0.07763671875
8 0.49072265625 0.577392578125 0.046875 0.07275390625
9 0.690673828125 0.56591796875 0.04248046875 0.072265625
7 0.179443359375 0.791748046875 0.04736328125 0.07080078125
8 0.369140625 0.78369140625 0.04736328125 0.06982421875
9 0.566162109375 0.770263671875 0.0419921875 0.0634765625