40 0.043666666666666666 0.04466666666666667 0.026 0.050666666666666665
22 0.07966666666666666 0.043333333333333335 0.026 0.050666666666666665
43 0.12033333333333333 0.043333333333333335 0.026 0.050666666666666665
60 0.16233333333333333 0.043333333333333335 0.026 0.050666666666666665
60 0.20566666666666666 0.042666666666666665 0.026 0.050666666666666665
43 0.243 0.042 0.026 0.050666666666666665
58 0.287 0.043333333333333335 0.026 0.050666666666666665
59 0.3283333333333333 0.04466666666666667 0.026 0.050666666666666665
53 0.4116666666666667 0.042 0.026 0.050666666666666665
55 0.4523333333333333 0.042 0.026 0.050666666666666665
59 0.5356666666666666 0.044 0.026 0.050666666666666665
56 0.5783333333333334 0.042666666666666665 0.026 0.050666666666666665
37 0.6203333333333333 0.04466666666666667 0.026 0.050666666666666665
39 0.6636666666666666 0.043333333333333335 0.026 0.050666666666666665
43 0.7036666666666667 0.044 0.026 0.050666666666666665
37 0.05266666666666667 0.18133333333333335 0.028 0.048
38 0.094 0.182 0.028 0.048
39 0.13333333333333333 0.18133333333333335 0.028 0.048
41 0.174 0.182 0.028 0.048
43 0.21266666666666667 0.18333333333333332 0.028 0.048
45 0.25266666666666665 0.18333333333333332 0.028 0.048
46 0.29333333333333333 0.184 0.028 0.048
47 0.334 0.18466666666666667 0.028 0.048
48 0.37466666666666665 0.18266666666666667 0.028 0.048
49 0.41333333333333333 0.18333333333333332 0.028 0.048
50 0.452 0.184 0.028 0.048
51 0.49333333333333335 0.186 0.028 0.048
52 0.534 0.18533333333333332 0.028 0.048
53 0.574 0.186 0.028 0.048
42 0.656 0.186 0.028 0.048
44 0.6946666666666667 0.18666666666666668 0.028 0.048
53 0.7766666666666666 0.18733333333333332 0.028 0.048
46 0.8193333333333334 0.19 0.028 0.04533333333333334
55 0.8973333333333333 0.19133333333333333 0.028 0.048
56 0.9406666666666667 0.19133333333333333 0.028 0.048
57 0.9806666666666667 0.192 0.028 0.048
62 0.06333333333333334 0.24666666666666667 0.028 0.048
63 0.102 0.24733333333333332 0.028 0.048
64 0.142 0.24733333333333332 0.028 0.048
65 0.18 0.248 0.028 0.048
66 0.21866666666666668 0.24733333333333332 0.028 0.048
40 0.3 0.24933333333333332 0.028 0.048
40 0.33666666666666667 0.248 0.028 0.048
40 0.37466666666666665 0.24866666666666667 0.028 0.048
54 0.4533333333333333 0.25133333333333335 0.028 0.048
54 0.5326666666666666 0.252 0.028 0.048
54 0.61 0.254 0.028 0.048
40 0.07133333333333333 0.30866666666666664 0.028 0.048
33 0.10933333333333334 0.31066666666666665 0.028 0.048
48 0.14533333333333334 0.31 0.028 0.048
60 0.18466666666666667 0.31 0.028 0.048
47 0.22266666666666668 0.30866666666666664 0.028 0.048
59 0.3 0.31133333333333335 0.028 0.048
56 0.3373333333333333 0.31133333333333335 0.028 0.048
37 0.37466666666666665 0.31133333333333335 0.028 0.048
39 0.41533333333333333 0.31266666666666665 0.028 0.048
43 0.45466666666666666 0.312 0.028 0.048
37 0.07533333333333334 0.36933333333333335 0.028 0.048
38 0.114 0.37266666666666665 0.028 0.048
37 0.18866666666666668 0.37066666666666664 0.028 0.048
38 0.2653333333333333 0.37333333333333335 0.028 0.048
39 0.3413333333333333 0.376 0.028 0.048
41 0.4166666666666667 0.37666666666666665 0.028 0.048
43 0.49133333333333334 0.37933333333333336 0.028 0.048
45 0.5673333333333334 0.37933333333333336 0.028 0.048
46 0.644 0.382 0.028 0.048
47 0.7226666666666667 0.38133333333333336 0.028 0.048
48 0.8 0.38333333333333336 0.028 0.048
49 0.88 0.384 0.028 0.048
50 0.9546666666666667 0.38533333333333336 0.028 0.044
53 0.084 0.432 0.028 0.048
42 0.158 0.432 0.028 0.048
44 0.196 0.43133333333333335 0.028 0.048
53 0.27 0.43033333333333335 0.028 0.04066666666666666
46 0.308 0.43133333333333335 0.028 0.04133333333333333
55 0.38133333333333336 0.43433333333333335 0.028 0.04466666666666667
56 0.45466666666666666 0.43566666666666665 0.028 0.042
57 0.5286666666666666 0.43833333333333335 0.028 0.04466666666666667
58 0.6033333333333334 0.437 0.028 0.04466666666666667
59 0.678 0.43966666666666665 0.028 0.04466666666666667
60 0.7553333333333333 0.43966666666666665 0.028 0.04466666666666667
61 0.8313333333333334 0.443 0.028 0.04466666666666667
62 0.9086666666666666 0.44366666666666665 0.028 0.04466666666666667
63 0.986 0.44766666666666666 0.028 0.04466666666666667
65 0.094 0.48533333333333334 0.032 0.04133333333333333
66 0.16466666666666666 0.4856666666666667 0.032 0.042
40 0.1 0.537 0.032 0.042
24 0.136 0.5376666666666666 0.028 0.042
48 0.17 0.537 0.028 0.042
53 0.242 0.5396666666666666 0.028 0.042
61 0.27666666666666667 0.5403333333333333 0.028 0.03933333333333333
52 0.312 0.542 0.028 0.03866666666666667
38 0.348 0.5426666666666666 0.028 0.03866666666666667
43 0.384 0.5433333333333333 0.028 0.03866666666666667
58 0.42 0.5446666666666666 0.028 0.03866666666666667
59 0.45466666666666666 0.546 0.028 0.03866666666666667
54 0.10933333333333334 0.647 0.028 0.03933333333333333
54 0.10933333333333334 0.7536666666666667 0.028 0.03933333333333333
54 0.108 0.809 0.028 0.03933333333333333
54 0.21066666666666667 0.6496666666666666 0.028 0.03933333333333333
54 0.20733333333333334 0.759 0.028 0.03933333333333333
54 0.31333333333333335 0.6556666666666666 0.028 0.03933333333333333
54 0.31 0.763 0.028 0.03933333333333333
54 0.38333333333333336 0.659 0.028 0.03933333333333333
54 0.4146666666666667 0.767 0.028 0.03933333333333333
54 0.4866666666666667 0.661 0.028 0.03933333333333333
54 0.5186666666666667 0.7716666666666666 0.028 0.03933333333333333
54 0.5946666666666667 0.6656666666666666 0.028 0.03933333333333333
54 0.6266666666666667 0.7783333333333333 0.028 0.03933333333333333
54 0.702 0.669 0.028 0.03933333333333333
54 0.7353333333333333 0.781 0.028 0.03933333333333333
54 0.8133333333333334 0.6743333333333333 0.028 0.03933333333333333
54 0.8426666666666667 0.7836666666666666 0.028 0.03933333333333333
54 0.9233333333333333 0.677 0.028 0.03933333333333333
54 0.95 0.7866666666666666 0.029333333333333333 0.04
0 0.142 0.647 0.028 0.03933333333333333
0 0.142 0.8096666666666666 0.028 0.03933333333333333
1 0.24533333333333332 0.6496666666666666 0.028 0.03933333333333333
2 0.3506666666666667 0.6556666666666666 0.028 0.03933333333333333
3 0.42 0.6576666666666666 0.028 0.03933333333333333
4 0.5226666666666666 0.661 0.028 0.03933333333333333
5 0.6293333333333333 0.665 0.028 0.03933333333333333
6 0.7413333333333333 0.6683333333333333 0.028 0.03933333333333333
7 0.8513333333333334 0.6736666666666666 0.028 0.03933333333333333
8 0.9613333333333334 0.6756666666666666 0.028 0.03933333333333333
1 0.14466666666666667 0.753 0.028 0.03933333333333333
3 0.24266666666666667 0.7576666666666667 0.028 0.03933333333333333
4 0.3473333333333333 0.7636666666666667 0.028 0.03933333333333333
2 0.45266666666666666 0.769 0.028 0.03933333333333333
5 0.5573333333333333 0.7723333333333333 0.028 0.03933333333333333
6 0.664 0.7756666666666666 0.028 0.03933333333333333
7 0.7713333333333333 0.7803333333333333 0.028 0.03933333333333333
8 0.8786666666666667 0.783 0.028 0.03933333333333333