40 0.1142578125 0.13623046875 0.01953125 0.0263671875
22 0.14111328125 0.134765625 0.02001953125 0.02734375
14 0.1689453125 0.134521484375 0.0205078125 0.0283203125
30 0.1953125 0.134033203125 0.02099609375 0.02978515625
30 0.224609375 0.13330078125 0.02099609375 0.029296875
14 0.25244140625 0.133056640625 0.01904296875 0.02978515625
28 0.2802734375 0.13330078125 0.01806640625 0.02880859375
29 0.3076171875 0.133544921875 0.02099609375 0.0283203125
53 0.36279296875 0.134521484375 0.02001953125 0.02783203125
55 0.39013671875 0.134521484375 0.01904296875 0.02978515625
59 0.44677734375 0.134033203125 0.02197265625 0.02978515625
56 0.474365234375 0.132080078125 0.01904296875 0.0283203125
37 0.5009765625 0.13232421875 0.0234375 0.0283203125
39 0.53076171875 0.132568359375 0.02001953125 0.0302734375
43 0.55615234375 0.133056640625 0.0185546875 0.03076171875
37 0.111328125 0.221923828125 0.017578125 0.0263671875
38 0.138671875 0.221435546875 0.01904296875 0.0263671875
39 0.16796875 0.22119140625 0.0205078125 0.02734375
41 0.19482421875 0.221923828125 0.01953125 0.0283203125
43 0.22216796875 0.221435546875 0.01806640625 0.02978515625
45 0.25 0.2216796875 0.0205078125 0.02978515625
46 0.2783203125 0.220947265625 0.02001953125 0.03125
47 0.30712890625 0.220947265625 0.02099609375 0.03125
48 0.33447265625 0.22119140625 0.01806640625 0.0283203125
49 0.36328125 0.222900390625 0.017578125 0.02978515625
50 0.39111328125 0.221923828125 0.01708984375 0.02734375
51 0.4189453125 0.22119140625 0.01904296875 0.02734375
52 0.44677734375 0.220458984375 0.021484375 0.0263671875
53 0.47509765625 0.220947265625 0.01611328125 0.025390625
62 0.109619140625 0.266357421875 0.01904296875 0.02587890625
63 0.138916015625 0.265380859375 0.01806640625 0.0263671875
64 0.166748046875 0.265625 0.01904296875 0.0263671875
65 0.193115234375 0.264404296875 0.01904296875 0.02734375
66 0.220458984375 0.264404296875 0.01806640625 0.02880859375
54 0.389892578125 0.265869140625 0.01806640625 0.02978515625
54 0.446533203125 0.265869140625 0.01806640625 0.02978515625
54 0.503662109375 0.2666015625 0.01806640625 0.02978515625
40 0.278564453125 0.265380859375 0.01806640625 0.02978515625
40 0.306884765625 0.264892578125 0.01806640625 0.02978515625
40 0.336181640625 0.2646484375 0.01806640625 0.02978515625
40 0.1083984375 0.308349609375 0.01806640625 0.02978515625
33 0.13623046875 0.308349609375 0.02099609375 0.0322265625
19 0.16357421875 0.30908203125 0.02294921875 0.0322265625
30 0.19140625 0.308349609375 0.02099609375 0.0302734375
18 0.220703125 0.308349609375 0.01904296875 0.029296875
59 0.27734375 0.308349609375 0.0185546875 0.02734375
56 0.30615234375 0.308349609375 0.01904296875 0.02978515625
37 0.33349609375 0.30712890625 0.01904296875 0.02880859375
39 0.36181640625 0.308349609375 0.0185546875 0.03076171875
43 0.3896484375 0.307373046875 0.02001953125 0.03076171875
37 0.103271484375 0.35205078125 0.0166015625 0.0263671875
37 0.191162109375 0.351318359375 0.02001953125 0.029296875
38 0.247802734375 0.3525390625 0.02099609375 0.03076171875
39 0.304443359375 0.351806640625 0.021484375 0.03076171875
41 0.360595703125 0.353271484375 0.02197265625 0.03076171875
43 0.417236328125 0.3544921875 0.021484375 0.03271484375
45 0.473388671875 0.353271484375 0.01953125 0.02880859375
46 0.530517578125 0.355712890625 0.017578125 0.0302734375
53 0.10400390625 0.3984375 0.02294921875 0.029296875
42 0.162109375 0.39794921875 0.02197265625 0.0283203125
44 0.189453125 0.398193359375 0.02001953125 0.03076171875
53 0.24658203125 0.3984375 0.0185546875 0.029296875
46 0.27490234375 0.398193359375 0.01806640625 0.03173828125
55 0.332763671875 0.3994140625 0.01904296875 0.029296875
56 0.390380859375 0.399169921875 0.0205078125 0.02783203125
57 0.447509765625 0.399658203125 0.02001953125 0.02978515625
58 0.502685546875 0.3994140625 0.01806640625 0.02783203125
59 0.559326171875 0.399658203125 0.0185546875 0.029296875
65 0.10302734375 0.443359375 0.02099609375 0.0283203125
66 0.1591796875 0.4453125 0.0205078125 0.029296875
53 0.215576171875 0.488037109375 0.02197265625 0.0302734375
61 0.245361328125 0.48828125 0.0205078125 0.0302734375
52 0.275634765625 0.487548828125 0.01806640625 0.029296875
38 0.302978515625 0.486572265625 0.017578125 0.0283203125
43 0.332763671875 0.48974609375 0.0185546875 0.0322265625
58 0.361572265625 0.489501953125 0.0185546875 0.03173828125
59 0.391357421875 0.488525390625 0.0185546875 0.0302734375
54 0.09814453125 0.583740234375 0.02001953125 0.02734375
54 0.18603515625 0.581787109375 0.02001953125 0.03125
54 0.2734375 0.581298828125 0.02001953125 0.03125
54 0.3330078125 0.5810546875 0.02001953125 0.03125
54 0.4189453125 0.5810546875 0.02001953125 0.03125
54 0.09619140625 0.676025390625 0.02001953125 0.03125
54 0.18359375 0.675048828125 0.02001953125 0.03125
54 0.27099609375 0.673828125 0.02001953125 0.03125
54 0.359375 0.672607421875 0.02001953125 0.03125
54 0.447265625 0.673583984375 0.02001953125 0.03125
54 0.095703125 0.722900390625 0.02001953125 0.03125
0 0.12744140625 0.58203125 0.02001953125 0.03125
1 0.2158203125 0.580810546875 0.02001953125 0.03125
2 0.30224609375 0.580810546875 0.02001953125 0.03125
3 0.360595703125 0.580322265625 0.02001953125 0.03125
4 0.447265625 0.580322265625 0.02001953125 0.03125
5 0.5322265625 0.581787109375 0.02001953125 0.03125
1 0.123046875 0.6748046875 0.02001953125 0.03125
3 0.21337890625 0.673828125 0.02001953125 0.03125
4 0.30029296875 0.674072265625 0.02001953125 0.03125
2 0.38818359375 0.671142578125 0.02001953125 0.03125
5 0.474609375 0.673583984375 0.02001953125 0.03125
6 0.564453125 0.6728515625 0.02001953125 0.03125
54 0.53515625 0.672607421875 0.02001953125 0.03125
0 0.125 0.7216796875 0.02001953125 0.03125
52 0.0908203125 0.866455078125 0.02001953125 0.03173828125
37 0.1201171875 0.86474609375 0.01806640625 0.03076171875
46 0.1494140625 0.865966796875 0.02099609375 0.033203125
37 0.18017578125 0.865966796875 0.02001953125 0.03271484375
53 0.20849609375 0.8681640625 0.01904296875 0.0322265625
41 0.2373046875 0.868408203125 0.01953125 0.03173828125
37 0.267578125 0.867431640625 0.02001953125 0.03076171875
53 0.296875 0.86767578125 0.02099609375 0.03369140625
46 0.32861328125 0.86865234375 0.0205078125 0.03369140625
61 0.38720703125 0.868896484375 0.02197265625 0.0341796875
52 0.4169921875 0.86669921875 0.02294921875 0.03271484375
37 0.44677734375 0.867919921875 0.0234375 0.03173828125
46 0.478515625 0.867919921875 0.0205078125 0.0341796875
37 0.50732421875 0.86767578125 0.02197265625 0.0322265625
50 0.092041015625 0.913818359375 0.0244140625 0.03369140625
61 0.120361328125 0.91455078125 0.02294921875 0.03466796875
52 0.149169921875 0.915283203125 0.0205078125 0.03369140625
61 0.177978515625 0.914794921875 0.02099609375 0.033203125
59 0.20751953125 0.91650390625 0.02099609375 0.03564453125
60 0.2373046875 0.916748046875 0.021484375 0.03515625
37 0.2666015625 0.916748046875 0.0205078125 0.03564453125
50 0.326171875 0.918212890625 0.01904296875 0.03369140625
37 0.357421875 0.918212890625 0.0205078125 0.03369140625
65 0.3876953125 0.917724609375 0.02099609375 0.03466796875
55 0.41796875 0.9189453125 0.02099609375 0.03466796875
44 0.55859375 0.221923828125 0.02197265625 0.02783203125
42 0.53076171875 0.221435546875 0.02001953125 0.02783203125
53 0.6142578125 0.220947265625 0.0205078125 0.02783203125
46 0.64306640625 0.219970703125 0.01904296875 0.029296875
55 0.7001953125 0.221435546875 0.02099609375 0.029296875
56 0.72900390625 0.22021484375 0.0224609375 0.0322265625
57 0.75634765625 0.22021484375 0.01806640625 0.029296875
58 0.7841796875 0.220947265625 0.01953125 0.0302734375
59 0.8125 0.220703125 0.02099609375 0.02734375
60 0.8408203125 0.220458984375 0.01953125 0.02783203125
61 0.869140625 0.2197265625 0.02294921875 0.0283203125
47 0.589599609375 0.354736328125 0.017578125 0.029296875
48 0.643310546875 0.353759765625 0.0185546875 0.0283203125
49 0.701904296875 0.3544921875 0.01904296875 0.02880859375
50 0.760009765625 0.353271484375 0.021484375 0.0302734375
51 0.817138671875 0.35107421875 0.02099609375 0.02978515625
52 0.873779296875 0.3515625 0.02197265625 0.0302734375
60 0.615478515625 0.398681640625 0.02001953125 0.02880859375
61 0.674072265625 0.399169921875 0.02001953125 0.0283203125
62 0.730712890625 0.3984375 0.02197265625 0.02978515625
63 0.788818359375 0.39990234375 0.02099609375 0.03076171875
54 0.5908203125 0.58154296875 0.02001953125 0.03125
54 0.677734375 0.580810546875 0.02001953125 0.03125
54 0.7666015625 0.582275390625 0.02001953125 0.03125
54 0.85546875 0.583251953125 0.02001953125 0.03125
54 0.62158203125 0.67333984375 0.02001953125 0.03125
54 0.71044921875 0.67333984375 0.02001953125 0.03125
54 0.7998046875 0.6767578125 0.02001953125 0.03125
6 0.61865234375 0.580810546875 0.0185546875 0.02978515625
7 0.70703125 0.58203125 0.02001953125 0.03076171875
8 0.7939453125 0.58203125 0.01953125 0.0302734375
9 0.88330078125 0.5830078125 0.01904296875 0.03271484375
7 0.6513671875 0.672607421875 0.01904296875 0.0302734375
8 0.73828125 0.672607421875 0.02001953125 0.03369140625
9 0.82763671875 0.675537109375 0.02197265625 0.03369140625
59 0.56591796875 0.866943359375 0.02197265625 0.03173828125
37 0.59375 0.8662109375 0.01806640625 0.03076171875
48 0.65625 0.867431640625 0.02001953125 0.03466796875
53 0.68603515625 0.867431640625 0.01953125 0.03369140625
65 0.7158203125 0.86865234375 0.0224609375 0.03173828125
55 0.74609375 0.868896484375 0.01904296875 0.033203125
54 0.50146484375 0.58349609375 0.02001953125 0.03125