40 0.19087 0.06444666666666667 0.02742333333333333 0.04333
22 0.23392333333333332 0.06472 0.02578 0.04278
14 0.27670666666666666 0.06389666666666667 0.02578 0.04004
30 0.31921333333333335 0.06801 0.02632666666666667 0.04278
30 0.36473666666666665 0.06883333333333333 0.02632666666666667 0.04113666666666667
43 0.40889000000000003 0.06910666666666666 0.02468 0.03949
28 0.4519433333333333 0.07185 0.02632666666666667 0.04168333333333333
29 0.4955466666666667 0.07349666666666667 0.02578 0.04058666666666667
53 0.5813833333333334 0.07843333333333334 0.02632666666666667 0.04058666666666667
55 0.6260866666666667 0.07953 0.02578 0.04278
59 0.71302 0.08666 0.029616666666666666 0.03949
56 0.7555266666666667 0.08858 0.026876666666666667 0.04333
37 0.7994033333333334 0.08967666666666665 0.02578 0.04223333333333333
39 0.8416366666666666 0.09214333333333334 0.026876666666666667 0.04168333333333333
43 0.8841433333333333 0.09817666666666666 0.02742333333333333 0.04717
37 0.18236666666666668 0.20074333333333333 0.026876666666666667 0.04387666666666667
38 0.22761666666666666 0.20348333333333335 0.02632666666666667 0.04168333333333333
39 0.2706733333333333 0.20348333333333335 0.02578 0.038393333333333335
41 0.31345333333333336 0.20595333333333335 0.02578 0.04223333333333333
43 0.3581533333333333 0.20787333333333333 0.02523 0.04168333333333333
45 0.40093666666666666 0.20897 0.02523 0.04058666666666667
46 0.4450866666666667 0.21089 0.02578 0.04223333333333333
47 0.4889666666666667 0.21253333333333335 0.026876666666666667 0.04113666666666667
48 0.5347633333333334 0.21555 0.02742333333333333 0.038393333333333335
49 0.5775433333333334 0.2204866666666667 0.02742333333333333 0.046073333333333334
50 0.6208733333333333 0.22103666666666666 0.02852 0.04497666666666667
51 0.6650266666666667 0.22323 0.026876666666666667 0.04278
52 0.7080833333333333 0.22350333333333333 0.02852 0.04113666666666667
53 0.7514133333333333 0.22569666666666668 0.02632666666666667 0.04113666666666667
42 0.83807 0.23420000000000002 0.029616666666666666 0.04497666666666667
44 0.8814 0.23337666666666668 0.029616666666666666 0.04333
53 0.9664133333333332 0.23858666666666667 0.02852 0.04826666666666667
62 0.17770666666666668 0.2725933333333333 0.031810000000000005 0.046073333333333334
63 0.22240666666666667 0.27369000000000004 0.02907 0.04168333333333333
64 0.2662833333333333 0.2742366666666667 0.030166666666666668 0.04387666666666667
65 0.31043666666666664 0.2780766666666667 0.029616666666666666 0.04497666666666667
66 0.35294333333333333 0.27890000000000004 0.02578 0.04442666666666667
54 0.6184066666666667 0.29316000000000003 0.027973333333333333 0.04442666666666667
54 0.7050666666666666 0.29480666666666666 0.027973333333333333 0.04442666666666667
54 0.7939200000000001 0.29974333333333336 0.027973333333333333 0.04442666666666667
40 0.44289666666666666 0.2843866666666667 0.027973333333333333 0.04442666666666667
40 0.48513 0.28548333333333337 0.027973333333333333 0.04442666666666667
40 0.5312033333333332 0.2893233333333333 0.027973333333333333 0.04442666666666667
40 0.17269666666666666 0.34076666666666666 0.02971666666666667 0.044906666666666664
33 0.2179333333333333 0.34109666666666666 0.03038 0.046889999999999994
19 0.26217999999999997 0.34076666666666666 0.029056666666666668 0.04094333333333333
30 0.3067566666666667 0.34407 0.02971666666666667 0.04358666666666666
18 0.35034333333333334 0.34671 0.02707666666666667 0.04226666666666667
59 0.4404866666666667 0.3519933333333333 0.027736666666666663 0.03962333333333334
56 0.48341333333333336 0.3519933333333333 0.027736666666666663 0.04226666666666667
37 0.52733 0.3523233333333333 0.028396666666666667 0.04160666666666667
39 0.57224 0.3543066666666667 0.02707666666666667 0.04292666666666667
43 0.6145033333333333 0.35595666666666664 0.025756666666666664 0.04358666666666666
37 0.17005333333333333 0.41011 0.02707666666666667 0.04358666666666666
38 0.21265 0.40978 0.027736666666666663 0.04292666666666667
37 0.3041166666666667 0.41572333333333333 0.028396666666666667 0.04292666666666667
38 0.39227999999999996 0.41902666666666666 0.03038 0.04160666666666667
39 0.4794533333333333 0.4233166666666667 0.027736666666666663 0.04358666666666666
41 0.5672866666666666 0.4305833333333333 0.02509666666666667 0.04755
43 0.65479 0.43322333333333335 0.02443333333333333 0.04755
45 0.7442733333333333 0.4345433333333334 0.029056666666666668 0.044906666666666664
46 0.8321066666666668 0.4404866666666667 0.026416666666666668 0.046226666666666666
47 0.9189499999999999 0.44544 0.025756666666666664 0.046889999999999994
53 0.16543 0.4817633333333333 0.02971666666666667 0.04424666666666667
42 0.25425333333333333 0.4853966666666667 0.0317 0.04358666666666666
44 0.29949333333333333 0.4867166666666667 0.028396666666666667 0.04755
53 0.38732666666666665 0.492 0.02971666666666667 0.046226666666666666
46 0.43190333333333336 0.49398000000000003 0.029056666666666668 0.046226666666666666
55 0.5177566666666666 0.4982733333333333 0.027736666666666663 0.04424666666666667
56 0.60724 0.5005833333333334 0.03104 0.046226666666666666
57 0.6957333333333333 0.5045466666666667 0.02971666666666667 0.04358666666666666
58 0.7842266666666666 0.5101600000000001 0.028396666666666667 0.04424666666666667
59 0.8733833333333334 0.5157733333333333 0.02971666666666667 0.044906666666666664
60 0.9595633333333333 0.5170933333333333 0.03038 0.04755
65 0.16377999999999998 0.5511066666666666 0.034339999999999996 0.04424666666666667
66 0.2526033333333333 0.55705 0.03104 0.04424666666666667
53 0.3394466666666667 0.6287033333333333 0.029056666666666668 0.044906666666666664
61 0.38138333333333335 0.6290333333333333 0.02707666666666667 0.04424666666666667
52 0.42364666666666667 0.6313433333333334 0.028396666666666667 0.044906666666666664
38 0.4682266666666667 0.6336566666666666 0.027736666666666663 0.04424666666666667
43 0.5131333333333333 0.6349766666666666 0.026416666666666668 0.045566666666666665
58 0.55672 0.6366266666666667 0.02509666666666667 0.046226666666666666
59 0.6012966666666667 0.64125 0.02707666666666667 0.044906666666666664
54 0.15453333333333333 0.7654066666666666 0.027736666666666663 0.04358666666666666
54 0.2872733333333333 0.7706900000000001 0.027736666666666663 0.04358666666666666
54 0.4193533333333333 0.7779533333333334 0.027736666666666663 0.04358666666666666
54 0.5078466666666667 0.7812566666666667 0.027736666666666663 0.04358666666666666
54 0.6399266666666666 0.78786 0.027736666666666663 0.04358666666666666
54 0.7720066666666666 0.7931433333333333 0.027736666666666663 0.04358666666666666
54 0.9014466666666667 0.7971066666666667 0.027736666666666663 0.04358666666666666
54 0.14991000000000002 0.90343 0.027736666666666663 0.04358666666666666
54 0.41275 0.9159766666666667 0.027736666666666663 0.04358666666666666
54 0.14793 0.9734333333333334 0.027736666666666663 0.04358666666666666
54 0.54681 0.9206000000000001 0.027736666666666663 0.04358666666666666
54 0.67757 0.9252233333333334 0.027736666666666663 0.04358666666666666
54 0.80965 0.9318266666666667 0.027736666666666663 0.04358666666666666
54 0.9417300000000001 0.93579 0.027736666666666663 0.04358666666666666
0 0.19779 0.7670566666666667 0.02971666666666667 0.04424666666666667
1 0.3325133333333333 0.7696999999999999 0.02707666666666667 0.045566666666666665
2 0.46260999999999997 0.7779533333333334 0.028396666666666667 0.044906666666666664
3 0.5507766666666667 0.7802666666666668 0.02509666666666667 0.04160666666666667
4 0.6821966666666667 0.7875300000000001 0.02377333333333333 0.04424666666666667
5 0.8165866666666668 0.7928133333333334 0.02443333333333333 0.046889999999999994
6 0.9440433333333333 0.7964433333333333 0.025756666666666664 0.04094333333333333
1 0.19250666666666666 0.9037600000000001 0.02971666666666667 0.04292666666666667
54 0.28001 0.9100333333333332 0.027736666666666663 0.04358666666666666
3 0.3245866666666667 0.9103633333333334 0.03104 0.04292666666666667
4 0.45799 0.9166366666666667 0.025756666666666664 0.04358666666666666
2 0.59007 0.9219200000000001 0.028396666666666667 0.04755
5 0.72215 0.9258833333333334 0.02971666666666667 0.044906666666666664
6 0.8532399999999999 0.9328166666666666 0.029056666666666668 0.04424666666666667
7 0.984 0.9351299999999999 0.02509666666666667 0.04094333333333333
0 0.19085666666666667 0.9737633333333333 0.02509666666666667 0.04160666666666667