44 0.09619140625 0.1005859375 0.03662109375 0.05419921875
42 0.04736328125 0.1005859375 0.03662109375 0.05419921875
53 0.19287109375 0.099609375 0.03662109375 0.05419921875
46 0.24072265625 0.099609375 0.03662109375 0.05419921875
55 0.3427734375 0.09814453125 0.03662109375 0.05419921875
56 0.3916015625 0.09814453125 0.03662109375 0.05419921875
57 0.4384765625 0.09619140625 0.03662109375 0.05419921875
58 0.49072265625 0.09521484375 0.03662109375 0.05419921875
59 0.54052734375 0.09375 0.03662109375 0.05419921875
60 0.5927734375 0.09375 0.03662109375 0.05419921875
61 0.6416015625 0.09375 0.03662109375 0.05419921875
46 0.03857421875 0.333984375 0.03662109375 0.05419921875
47 0.140625 0.33154296875 0.03662109375 0.05419921875
48 0.23828125 0.3330078125 0.03662109375 0.05419921875
49 0.34033203125 0.3330078125 0.03662109375 0.05419921875
50 0.44189453125 0.333984375 0.03662109375 0.05419921875
51 0.54150390625 0.3349609375 0.03662109375 0.05419921875
52 0.6416015625 0.333984375 0.03662109375 0.05419921875
59 0.08740234375 0.4169921875 0.03662109375 0.05419921875
60 0.18603515625 0.416015625 0.03662109375 0.05419921875
61 0.2861328125 0.4150390625 0.03662109375 0.05419921875
62 0.38818359375 0.416015625 0.03662109375 0.05419921875
63 0.4892578125 0.416015625 0.03662109375 0.05419921875
54 0.1328125 0.7392578125 0.03662109375 0.05419921875
54 0.03173828125 0.8974609375 0.03662109375 0.05419921875
54 0.1826171875 0.90185546875 0.03662109375 0.05419921875
54 0.3349609375 0.90380859375 0.03662109375 0.05419921875
54 0.49072265625 0.90283203125 0.03662109375 0.05419921875
54 0.5927734375 0.74169921875 0.03662109375 0.05419921875
54 0.439453125 0.74169921875 0.03662109375 0.05419921875
54 0.2861328125 0.7392578125 0.03662109375 0.05419921875
6 0.18408203125 0.736328125 0.03662109375 0.05419921875
7 0.333984375 0.736328125 0.03662109375 0.05419921875
8 0.48828125 0.73828125 0.03662109375 0.05419921875
9 0.6416015625 0.74072265625 0.03662109375 0.05419921875
9 0.54052734375 0.90283203125 0.03662109375 0.05419921875
8 0.384765625 0.90283203125 0.03662109375 0.05419921875
7 0.2314453125 0.8984375 0.03662109375 0.05419921875
6 0.08154296875 0.8974609375 0.03662109375 0.05419921875
43 0.03515625 0.7373046875 0.03662109375 0.05419921875