48 0.06611 0.33611 0.056666666666666664 0.09666666666666666
49 0.15 0.33611 0.06 0.10555666666666667
50 0.23666666666666666 0.33444333333333337 0.055556666666666664 0.10222333333333333
51 0.32777666666666666 0.33611 0.05777666666666667 0.09222333333333334
52 0.4166666666666667 0.33666666666666667 0.05777666666666667 0.09555666666666668
53 0.5044433333333334 0.34 0.055556666666666664 0.1
42 0.6772233333333334 0.34611 0.06444333333333334 0.09
44 0.76611 0.3455566666666667 0.061110000000000005 0.09555666666666668
53 0.9377766666666666 0.34833333333333333 0.06222333333333333 0.09666666666666666
40 0.05444333333333334 0.4777766666666666 0.05777666666666667 0.08889000000000001
54 0.22944333333333336 0.47611 0.05889 0.09222333333333334
54 0.41444333333333333 0.4816666666666667 0.05777666666666667 0.09
54 0.59 0.48389000000000004 0.05777666666666667 0.09444333333333332
37 0.041666666666666664 0.6055566666666667 0.05444333333333334 0.07555666666666666
39 0.13666666666666666 0.60389 0.05111 0.07889
43 0.22666666666666666 0.6133333333333333 0.055556666666666664 0.08666666666666667
41 0.12889 0.7633333333333333 0.055556666666666664 0.09555666666666668
43 0.30944333333333335 0.76111 0.061110000000000005 0.09333333333333334
45 0.49777666666666665 0.7633333333333333 0.05777666666666667 0.08889000000000001
46 0.6794433333333333 0.7705566666666667 0.06333333333333334 0.09222333333333334
47 0.86 0.7722233333333334 0.05111 0.08666666666666667
55 0.03777666666666667 0.9094433333333333 0.05777666666666667 0.09444333333333332
56 0.21611000000000002 0.9116666666666666 0.06777666666666667 0.09444333333333332
57 0.40055666666666667 0.9183333333333333 0.061110000000000005 0.09666666666666666
58 0.58389 0.9177766666666667 0.06333333333333334 0.1
59 0.7672233333333334 0.9177766666666667 0.05889 0.1
60 0.9427766666666666 0.91889 0.05444333333333334 0.09333333333333334
53 0.165 0.059443333333333334 0.05444333333333334 0.08777666666666666
55 0.25055666666666665 0.05777666666666667 0.056666666666666664 0.08889000000000001
59 0.42389000000000004 0.06444333333333334 0.05444333333333334 0.08444333333333334
56 0.51111 0.06666666666666667 0.04666666666666667 0.08
37 0.6 0.06555666666666667 0.05777666666666667 0.08222333333333333
39 0.6822233333333334 0.06666666666666667 0.05777666666666667 0.08222333333333333
43 0.76111 0.06888999999999999 0.05777666666666667 0.08666666666666667