60 0.52587890625 0.07958984375 0.0546875 0.087890625
60 0.45263671875 0.078125 0.0546875 0.087890625
40 0.24560546875 0.0673828125 0.0546875 0.087890625
22 0.31640625 0.06884765625 0.0546875 0.087890625
43 0.3818359375 0.07421875 0.0546875 0.087890625
43 0.59521484375 0.08056640625 0.0546875 0.087890625
55 0.93896484375 0.09765625 0.05224609375 0.08642578125
53 0.87109375 0.09521484375 0.0546875 0.087890625
59 0.7353515625 0.0859375 0.0546875 0.087890625
58 0.6669921875 0.0859375 0.0546875 0.087890625
63 0.3154296875 0.40478515625 0.0478515625 0.076171875
62 0.25146484375 0.4013671875 0.0478515625 0.076171875
51 0.97607421875 0.33203125 0.0478515625 0.076171875
50 0.91455078125 0.32666015625 0.0478515625 0.076171875
49 0.8486328125 0.3212890625 0.0478515625 0.076171875
48 0.78466796875 0.3203125 0.0478515625 0.076171875
47 0.71435546875 0.31494140625 0.0478515625 0.076171875
45 0.5849609375 0.310546875 0.0478515625 0.076171875
43 0.51318359375 0.306640625 0.0478515625 0.076171875
41 0.44775390625 0.30517578125 0.0478515625 0.076171875
39 0.3798828125 0.30126953125 0.0478515625 0.076171875
38 0.31591796875 0.29736328125 0.0478515625 0.076171875
54 0.90185546875 0.4345703125 0.0478515625 0.07080078125
37 0.248046875 0.2958984375 0.0478515625 0.076171875
64 0.38037109375 0.4091796875 0.0478515625 0.076171875
65 0.4423828125 0.4140625 0.0478515625 0.076171875
66 0.50732421875 0.41845703125 0.0478515625 0.076171875
33 0.31494140625 0.50341796875 0.04345703125 0.06982421875
40 0.25439453125 0.50439453125 0.04345703125 0.06982421875
48 0.37890625 0.50537109375 0.04345703125 0.06982421875
60 0.44140625 0.5078125 0.0478515625 0.06982421875
47 0.50341796875 0.51171875 0.0478515625 0.06982421875
59 0.63232421875 0.51611328125 0.0478515625 0.06982421875
40 0.70556640625 0.42529296875 0.0478515625 0.06982421875
40 0.6376953125 0.42138671875 0.0478515625 0.06982421875
40 0.7705078125 0.431640625 0.0478515625 0.06982421875
56 0.697265625 0.5185546875 0.0478515625 0.06982421875
37 0.76318359375 0.5205078125 0.0478515625 0.06982421875
39 0.8251953125 0.52587890625 0.0478515625 0.06982421875
43 0.88818359375 0.52880859375 0.0478515625 0.06982421875
41 0.8115234375 0.6220703125 0.0478515625 0.06982421875
43 0.93310546875 0.62841796875 0.0478515625 0.06982421875
39 0.68896484375 0.615234375 0.0478515625 0.06982421875
38 0.56298828125 0.6123046875 0.0478515625 0.06982421875
37 0.4423828125 0.603515625 0.0478515625 0.06982421875
38 0.31640625 0.6025390625 0.0478515625 0.06982421875
37 0.25341796875 0.59814453125 0.0478515625 0.06982421875
53 0.25390625 0.68798828125 0.0478515625 0.06982421875
65 0.2578125 0.77880859375 0.0478515625 0.06982421875
40 0.25439453125 0.85693359375 0.048828125 0.0595703125
24 0.31689453125 0.85595703125 0.048828125 0.0595703125
48 0.37548828125 0.85302734375 0.048828125 0.0595703125
53 0.486328125 0.86328125 0.048828125 0.0595703125
61 0.5439453125 0.86328125 0.048828125 0.0595703125
52 0.60498046875 0.86572265625 0.048828125 0.0595703125
38 0.666015625 0.86865234375 0.048828125 0.0595703125
43 0.7197265625 0.8671875 0.0390625 0.05908203125
58 0.77490234375 0.8759765625 0.0390625 0.05908203125
59 0.83349609375 0.87890625 0.0498046875 0.060546875
42 0.37744140625 0.6953125 0.0478515625 0.06982421875
44 0.43701171875 0.6953125 0.0478515625 0.06982421875
66 0.3740234375 0.7822265625 0.04638671875 0.0634765625
53 0.55517578125 0.69921875 0.04638671875 0.0634765625
46 0.6181640625 0.6982421875 0.04638671875 0.0634765625
55 0.73681640625 0.7109375 0.04638671875 0.0634765625
56 0.8583984375 0.71435546875 0.0537109375 0.0634765625
57 0.97314453125 0.72265625 0.0537109375 0.0634765625
46 0.6494140625 0.31396484375 0.0478515625 0.076171875