22 0.119140625 0.13671875 0.03271484375 0.04736328125
40 0.0810546875 0.1376953125 0.03271484375 0.04736328125
43 0.15283203125 0.13525390625 0.02734375 0.04736328125
60 0.1904296875 0.13525390625 0.02734375 0.04736328125
43 0.2607421875 0.13671875 0.02734375 0.04736328125
60 0.224609375 0.13525390625 0.02734375 0.04736328125
58 0.29736328125 0.13671875 0.02734375 0.04736328125
59 0.33349609375 0.134765625 0.02734375 0.04736328125
53 0.4033203125 0.13525390625 0.02734375 0.04736328125
55 0.439453125 0.13427734375 0.02734375 0.04736328125
59 0.51025390625 0.13330078125 0.02734375 0.04736328125
56 0.54541015625 0.13427734375 0.02734375 0.04736328125
37 0.58154296875 0.1376953125 0.02734375 0.04736328125
39 0.6181640625 0.13720703125 0.02734375 0.04736328125
43 0.65087890625 0.13671875 0.02734375 0.04736328125
39 0.1650390625 0.25732421875 0.0244140625 0.04150390625
38 0.12744140625 0.25830078125 0.02294921875 0.0439453125
37 0.0908203125 0.25830078125 0.02392578125 0.0439453125
41 0.19970703125 0.25732421875 0.02392578125 0.04150390625
45 0.2685546875 0.2568359375 0.02294921875 0.04296875
43 0.234375 0.25634765625 0.02490234375 0.041015625
46 0.3037109375 0.25732421875 0.02587890625 0.04296875
47 0.33935546875 0.25439453125 0.02734375 0.0419921875
48 0.3740234375 0.2568359375 0.0283203125 0.04150390625
49 0.4091796875 0.255859375 0.02734375 0.04296875
50 0.4443359375 0.25439453125 0.02685546875 0.04296875
51 0.4794921875 0.25537109375 0.02734375 0.041015625
52 0.51171875 0.25537109375 0.02734375 0.041015625
53 0.54443359375 0.25390625 0.02734375 0.041015625
42 0.6123046875 0.25244140625 0.02734375 0.041015625
44 0.6455078125 0.25244140625 0.02734375 0.041015625
53 0.712890625 0.25244140625 0.02734375 0.041015625
46 0.74755859375 0.25341796875 0.02734375 0.041015625
55 0.8134765625 0.25341796875 0.02734375 0.041015625
56 0.84716796875 0.25390625 0.02734375 0.041015625
57 0.88232421875 0.25341796875 0.02734375 0.041015625
58 0.9150390625 0.25341796875 0.02734375 0.041015625
59 0.947265625 0.2529296875 0.02734375 0.041015625
60 0.97998046875 0.25146484375 0.02734375 0.041015625
62 0.1015625 0.31298828125 0.03076171875 0.0419921875
63 0.13525390625 0.314453125 0.02783203125 0.04345703125
64 0.169921875 0.31396484375 0.02783203125 0.04345703125
65 0.20458984375 0.31396484375 0.02783203125 0.04345703125
66 0.240234375 0.31396484375 0.02783203125 0.04345703125
40 0.10888671875 0.3671875 0.02783203125 0.04345703125
33 0.14208984375 0.36767578125 0.02783203125 0.04345703125
48 0.173828125 0.3671875 0.02783203125 0.04345703125
60 0.2080078125 0.36767578125 0.02783203125 0.04345703125
47 0.24365234375 0.3662109375 0.02783203125 0.04345703125
59 0.3125 0.36474609375 0.02783203125 0.04345703125
56 0.34521484375 0.3642578125 0.02783203125 0.04052734375
37 0.38037109375 0.36474609375 0.02783203125 0.04052734375
39 0.4130859375 0.36572265625 0.02783203125 0.04052734375
43 0.44677734375 0.3642578125 0.02783203125 0.04052734375
40 0.310546875 0.3125 0.02783203125 0.04052734375
40 0.34375 0.310546875 0.02783203125 0.04052734375
40 0.3779296875 0.310546875 0.02783203125 0.04052734375
54 0.443359375 0.31298828125 0.02783203125 0.04052734375
54 0.51171875 0.31103515625 0.02783203125 0.04052734375
54 0.576171875 0.310546875 0.02783203125 0.04052734375
37 0.11181640625 0.42236328125 0.02783203125 0.04052734375
38 0.14501953125 0.42138671875 0.02783203125 0.04052734375
37 0.212890625 0.419921875 0.02783203125 0.04052734375
38 0.28173828125 0.4189453125 0.02783203125 0.04052734375
53 0.1181640625 0.47412109375 0.02783203125 0.04052734375
42 0.1845703125 0.47265625 0.02783203125 0.04052734375
44 0.21923828125 0.47216796875 0.02783203125 0.04052734375
53 0.28564453125 0.46728515625 0.02734375 0.03759765625
46 0.31787109375 0.466796875 0.02734375 0.03759765625
65 0.12548828125 0.5234375 0.02783203125 0.04052734375
66 0.1904296875 0.5205078125 0.02783203125 0.04052734375
40 0.13427734375 0.5654296875 0.02783203125 0.04052734375
24 0.16357421875 0.56591796875 0.02783203125 0.04052734375
48 0.1962890625 0.56689453125 0.025390625 0.03759765625
53 0.259765625 0.5625 0.02490234375 0.03515625
61 0.29345703125 0.56005859375 0.02490234375 0.03515625
52 0.3232421875 0.56005859375 0.02490234375 0.03515625
38 0.3564453125 0.560546875 0.02490234375 0.03515625
54 0.33056640625 0.64892578125 0.02294921875 0.03466796875
2 0.3603515625 0.650390625 0.02294921875 0.03466796875
43 0.38720703125 0.55859375 0.02294921875 0.03466796875
54 0.23779296875 0.65185546875 0.02294921875 0.03466796875
1 0.26708984375 0.65283203125 0.02294921875 0.03466796875
54 0.14453125 0.66015625 0.0244140625 0.03466796875
0 0.17626953125 0.658203125 0.0244140625 0.03466796875
54 0.39013671875 0.64892578125 0.02294921875 0.03466796875
3 0.419921875 0.6494140625 0.02294921875 0.03466796875
59 0.44921875 0.556640625 0.02294921875 0.03466796875
55 0.38330078125 0.4658203125 0.02392578125 0.03564453125
39 0.3486328125 0.416015625 0.02392578125 0.03564453125
41 0.41259765625 0.41259765625 0.02392578125 0.03564453125
43 0.4775390625 0.41259765625 0.02392578125 0.03564453125
56 0.4462890625 0.46533203125 0.02392578125 0.03564453125
57 0.50927734375 0.46435546875 0.02392578125 0.03564453125
45 0.5419921875 0.41259765625 0.02392578125 0.03564453125
46 0.6044921875 0.41259765625 0.02392578125 0.03564453125
58 0.57275390625 0.46240234375 0.02392578125 0.03564453125
48 0.734375 0.41162109375 0.02392578125 0.03564453125
47 0.67138671875 0.412109375 0.02392578125 0.03564453125
60 0.69873046875 0.46337890625 0.02392578125 0.03564453125
59 0.63525390625 0.462890625 0.02392578125 0.03564453125
61 0.76318359375 0.46142578125 0.02392578125 0.03564453125
49 0.80029296875 0.40966796875 0.02392578125 0.03564453125
62 0.826171875 0.46337890625 0.02392578125 0.03564453125
50 0.865234375 0.41064453125 0.02392578125 0.03564453125
51 0.92822265625 0.4111328125 0.02392578125 0.03564453125
63 0.8916015625 0.462890625 0.02392578125 0.03564453125
37 0.95458984375 0.46240234375 0.02392578125 0.03564453125
58 0.41748046875 0.55712890625 0.02294921875 0.03466796875
54 0.47998046875 0.64794921875 0.02294921875 0.03466796875
4 0.509765625 0.6474609375 0.02294921875 0.03466796875
54 0.56884765625 0.6484375 0.02294921875 0.03466796875
5 0.5986328125 0.6474609375 0.02294921875 0.03466796875
54 0.65869140625 0.6494140625 0.02294921875 0.03466796875
6 0.689453125 0.6494140625 0.02294921875 0.03466796875
54 0.75 0.65087890625 0.02294921875 0.03466796875
7 0.7822265625 0.6513671875 0.02294921875 0.03466796875
54 0.841796875 0.6513671875 0.02294921875 0.03466796875
8 0.873046875 0.6513671875 0.02294921875 0.03466796875
54 0.93408203125 0.65283203125 0.02294921875 0.03466796875
9 0.96435546875 0.6513671875 0.02294921875 0.03466796875
54 0.8671875 0.7392578125 0.02294921875 0.03466796875
9 0.896484375 0.740234375 0.02294921875 0.03466796875
54 0.77587890625 0.7392578125 0.02294921875 0.03466796875
8 0.806640625 0.7392578125 0.02294921875 0.03466796875
54 0.6865234375 0.73828125 0.02294921875 0.03466796875
7 0.716796875 0.73779296875 0.02294921875 0.03466796875
54 0.59765625 0.736328125 0.02294921875 0.03466796875
6 0.626953125 0.73583984375 0.02294921875 0.03466796875
54 0.5087890625 0.7353515625 0.02294921875 0.03466796875
5 0.5390625 0.7353515625 0.02294921875 0.03466796875
54 0.4228515625 0.73486328125 0.02294921875 0.03466796875
2 0.45068359375 0.73486328125 0.02294921875 0.03466796875
54 0.333984375 0.73486328125 0.02294921875 0.03466796875
4 0.36279296875 0.7353515625 0.02294921875 0.03466796875
54 0.24658203125 0.73681640625 0.02294921875 0.03466796875
3 0.275390625 0.7373046875 0.02294921875 0.03466796875
54 0.158203125 0.7421875 0.02294921875 0.03466796875
54 0.162109375 0.7822265625 0.02294921875 0.03466796875
1 0.185546875 0.7421875 0.02294921875 0.03466796875
0 0.19140625 0.78173828125 0.02294921875 0.03466796875
52 0.1728515625 0.89990234375 0.02294921875 0.03466796875
37 0.20068359375 0.90087890625 0.02294921875 0.03466796875
46 0.22705078125 0.90380859375 0.02294921875 0.03466796875
37 0.255859375 0.9033203125 0.02294921875 0.03466796875
53 0.283203125 0.9052734375 0.02294921875 0.03466796875
41 0.3095703125 0.908203125 0.02294921875 0.03466796875
37 0.33935546875 0.90869140625 0.02294921875 0.03466796875
50 0.17431640625 0.943359375 0.0205078125 0.03271484375
61 0.20166015625 0.94482421875 0.0205078125 0.03271484375
52 0.22802734375 0.947265625 0.0205078125 0.03271484375
61 0.2548828125 0.94921875 0.0205078125 0.03271484375
60 0.31103515625 0.9521484375 0.0205078125 0.03271484375
59 0.28369140625 0.9501953125 0.0205078125 0.03271484375
37 0.33837890625 0.95361328125 0.0205078125 0.03271484375
53 0.36572265625 0.90869140625 0.0205078125 0.03271484375
46 0.39501953125 0.91015625 0.0205078125 0.03271484375
50 0.39453125 0.95556640625 0.0205078125 0.03271484375
37 0.423828125 0.95556640625 0.0205078125 0.03271484375
65 0.45166015625 0.95703125 0.0205078125 0.03271484375
55 0.48046875 0.95556640625 0.0205078125 0.03271484375
61 0.4521484375 0.912109375 0.0205078125 0.03271484375
52 0.4814453125 0.91015625 0.0205078125 0.03271484375
37 0.51025390625 0.9111328125 0.0205078125 0.03271484375
46 0.5390625 0.9111328125 0.0205078125 0.03271484375
37 0.5673828125 0.9111328125 0.0205078125 0.03271484375
59 0.6240234375 0.91162109375 0.0205078125 0.03271484375
37 0.6533203125 0.9111328125 0.0205078125 0.03271484375
48 0.7109375 0.91259765625 0.0205078125 0.03271484375
53 0.73876953125 0.91259765625 0.0205078125 0.03271484375
65 0.76806640625 0.9140625 0.0205078125 0.03271484375
55 0.79736328125 0.9140625 0.0205078125 0.03271484375