53 0.220703125 0.126708984375 0.0458984375 0.0712890625
42 0.32958984375 0.12890625 0.05078125 0.0732421875
44 0.38818359375 0.129638671875 0.0517578125 0.072265625
53 0.49560546875 0.13134765625 0.04443359375 0.06884765625
46 0.55126953125 0.130126953125 0.0380859375 0.0693359375
55 0.66064453125 0.13037109375 0.041015625 0.06787109375
56 0.77392578125 0.12548828125 0.0458984375 0.06884765625
57 0.884765625 0.127197265625 0.0400390625 0.06689453125
65 0.231689453125 0.21875 0.041015625 0.05908203125
66 0.338134765625 0.218505859375 0.04443359375 0.064453125
40 0.243408203125 0.30322265625 0.04443359375 0.06005859375
24 0.292236328125 0.30419921875 0.0400390625 0.06689453125
19 0.344970703125 0.304443359375 0.03662109375 0.06689453125
53 0.445068359375 0.302490234375 0.041015625 0.0625
61 0.498779296875 0.30126953125 0.04443359375 0.064453125
52 0.550048828125 0.302001953125 0.03564453125 0.0625
38 0.600830078125 0.302978515625 0.0400390625 0.0625
43 0.654052734375 0.303466796875 0.0390625 0.064453125
58 0.707275390625 0.3017578125 0.03662109375 0.064453125
59 0.760009765625 0.303466796875 0.0380859375 0.0634765625
54 0.26318359375 0.461181640625 0.03466796875 0.05810546875
54 0.40673828125 0.459716796875 0.033203125 0.0537109375
54 0.5498046875 0.46240234375 0.03662109375 0.0537109375
54 0.646484375 0.466064453125 0.03466796875 0.0546875
54 0.799072265625 0.470703125 0.03662109375 0.05126953125
54 0.958251953125 0.4765625 0.03564453125 0.0537109375
54 0.277587890625 0.594970703125 0.0322265625 0.05224609375
54 0.410888671875 0.601318359375 0.0322265625 0.0546875
54 0.54931640625 0.60888671875 0.03125 0.046875
54 0.693603515625 0.61328125 0.03662109375 0.05029296875
54 0.84228515625 0.62353515625 0.03466796875 0.04931640625
54 0.27978515625 0.666748046875 0.03125 0.044921875
0 0.30908203125 0.462158203125 0.03564453125 0.05908203125
1 0.4521484375 0.459716796875 0.03662109375 0.05712890625
2 0.59619140625 0.462646484375 0.03466796875 0.0537109375
3 0.6962890625 0.465576171875 0.0390625 0.0546875
4 0.853271484375 0.468994140625 0.03662109375 0.0556640625
1 0.319580078125 0.594482421875 0.0322265625 0.05029296875
3 0.453857421875 0.602783203125 0.0322265625 0.05126953125
4 0.5947265625 0.6103515625 0.03125 0.05029296875
2 0.740966796875 0.614013671875 0.0322265625 0.05224609375
5 0.890625 0.622802734375 0.03125 0.04931640625
0 0.32421875 0.667724609375 0.02880859375 0.04345703125
52 0.2744140625 0.879150390625 0.03369140625 0.05029296875
37 0.3212890625 0.879150390625 0.03369140625 0.05029296875
46 0.36376953125 0.884033203125 0.03369140625 0.05029296875
37 0.40869140625 0.885009765625 0.03369140625 0.05029296875
53 0.452392578125 0.890380859375 0.03369140625 0.05029296875
41 0.499267578125 0.893310546875 0.03369140625 0.05029296875
37 0.544677734375 0.89404296875 0.03369140625 0.05029296875
53 0.590576171875 0.8984375 0.03369140625 0.05029296875
46 0.638427734375 0.900390625 0.03369140625 0.05029296875
61 0.732666015625 0.907958984375 0.03369140625 0.05029296875
52 0.780517578125 0.911376953125 0.03369140625 0.05029296875
37 0.826904296875 0.910888671875 0.03369140625 0.05029296875
46 0.877197265625 0.913818359375 0.03369140625 0.05029296875
37 0.9248046875 0.91552734375 0.03369140625 0.05029296875
50 0.276123046875 0.951416015625 0.03369140625 0.05029296875
61 0.319580078125 0.954345703125 0.03369140625 0.05029296875
52 0.363037109375 0.957275390625 0.03369140625 0.05029296875
61 0.4072265625 0.960205078125 0.03369140625 0.05029296875
59 0.453125 0.964599609375 0.03369140625 0.05029296875
60 0.498046875 0.966552734375 0.03369140625 0.05029296875
37 0.54150390625 0.968017578125 0.03369140625 0.05029296875
50 0.637451171875 0.974609375 0.03369140625 0.05029296875
37 0.682861328125 0.975341796875 0.03369140625 0.04931640625