57 0.33946666666666664 0.70338 0.055600000000000004 0.07942333333333333
58 0.46752999999999995 0.70338 0.055600000000000004 0.07942333333333333
59 0.60093 0.7020466666666666 0.055600000000000004 0.07942333333333333
60 0.7289933333333334 0.69938 0.055600000000000004 0.07942333333333333
61 0.8570566666666667 0.7007133333333333 0.055600000000000004 0.07942333333333333
59 0.21407 0.90065 0.055600000000000004 0.07942333333333333
58 0.15137333333333333 0.8979833333333332 0.055600000000000004 0.07942333333333333
43 0.09134333333333332 0.8939833333333332 0.055600000000000004 0.07942333333333333
38 0.02998 0.8939833333333332 0.055600000000000004 0.07942333333333333
55 0.08067333333333333 0.70071 0.055600000000000004 0.07942333333333333
56 0.20740333333333336 0.6993766666666668 0.055600000000000004 0.07942333333333333
41 0.13803666666666667 0.59541 0.055600000000000004 0.07942333333333333
43 0.26876666666666665 0.5967433333333333 0.055600000000000004 0.07942333333333333
45 0.39949666666666667 0.5927433333333333 0.055600000000000004 0.07942333333333333
46 0.5315633333333334 0.5927433333333333 0.055600000000000004 0.07942333333333333
47 0.6662966666666666 0.59141 0.055600000000000004 0.07942333333333333
48 0.7956933333333334 0.59141 0.055600000000000004 0.07942333333333333
49 0.92509 0.59141 0.055600000000000004 0.07942333333333333
37 0.08334333333333334 0.49277666666666664 0.055600000000000004 0.07942333333333333
39 0.13803666666666667 0.49277666666666664 0.055600000000000004 0.07942333333333333
43 0.20473666666666668 0.48877666666666664 0.055600000000000004 0.07942333333333333
40 0.07267 0.39147333333333334 0.055600000000000004 0.07942333333333333
54 0.46619999999999995 0.38614000000000004 0.055600000000000004 0.07942333333333333
54 0.21007333333333333 0.3888066666666667 0.055600000000000004 0.07942333333333333
54 0.33413333333333334 0.38747333333333334 0.055600000000000004 0.07942333333333333
48 0.08067333333333333 0.28884 0.055600000000000004 0.07942333333333333
49 0.14070333333333335 0.28217666666666663 0.055600000000000004 0.07942333333333333
50 0.20740333333333336 0.28351 0.055600000000000004 0.07942333333333333
51 0.27143666666666666 0.28217666666666663 0.055600000000000004 0.07942333333333333
52 0.33413333333333334 0.28084333333333333 0.055600000000000004 0.07942333333333333
53 0.39816666666666667 0.28084333333333333 0.055600000000000004 0.07942333333333333
53 0.14070666666666667 0.07824 0.055600000000000004 0.07942333333333333
59 0.029986666666666665 0.08890333333333332 0.055600000000000004 0.07942333333333333
55 0.20607333333333333 0.07690666666666666 0.055600000000000004 0.07942333333333333
59 0.33547 0.07024333333333332 0.055600000000000004 0.07942333333333333
56 0.39816666666666667 0.06757666666666666 0.055600000000000004 0.07942333333333333
37 0.4635333333333333 0.06491 0.055600000000000004 0.07942333333333333
39 0.5275666666666666 0.06224333333333333 0.055600000000000004 0.07942333333333333
43 0.5942666666666666 0.05424666666666667 0.055600000000000004 0.07942333333333333
42 0.5302333333333333 0.27684333333333333 0.055600000000000004 0.07942333333333333
44 0.5982666666666666 0.27551 0.055600000000000004 0.07942333333333333
53 0.7303333333333333 0.27551 0.055600000000000004 0.07942333333333333
46 0.7983666666666667 0.27551 0.055600000000000004 0.07942333333333333
55 0.9277633333333333 0.2728433333333333 0.055600000000000004 0.07942333333333333