54 0.09912109375 0.044921875 0.0546875 0.0830078125
54 0.3408203125 0.04150390625 0.0546875 0.0830078125
54 0.58935546875 0.044921875 0.0546875 0.0830078125
54 0.833984375 0.056640625 0.0546875 0.0830078125
4 0.1826171875 0.04150390625 0.0546875 0.0830078125
2 0.4208984375 0.04150390625 0.0546875 0.0830078125
5 0.67236328125 0.04150390625 0.0546875 0.0830078125
6 0.91748046875 0.056640625 0.0546875 0.0830078125
37 0.08740234375 0.546875 0.0546875 0.0830078125
53 0.1689453125 0.5517578125 0.0546875 0.0830078125
46 0.2490234375 0.5517578125 0.0546875 0.0830078125
61 0.40576171875 0.5615234375 0.0546875 0.0830078125
52 0.4873046875 0.56005859375 0.0546875 0.0830078125
37 0.5625 0.5634765625 0.0546875 0.0830078125
46 0.64892578125 0.56494140625 0.0546875 0.0830078125
37 0.7275390625 0.56494140625 0.0546875 0.0830078125
59 0.890625 0.578125 0.0546875 0.0830078125
37 0.97265625 0.580078125 0.0546875 0.0830078125
50 0.244140625 0.681640625 0.0546875 0.0830078125
37 0.32568359375 0.68017578125 0.0546875 0.0830078125
65 0.404296875 0.6865234375 0.0546875 0.0830078125
55 0.48095703125 0.6884765625 0.0546875 0.0830078125
37 0.09423828125 0.671875 0.0546875 0.0830078125
60 0.0234375 0.671875 0.04638671875 0.0830078125