60 0.30967 0.07926 0.044096666666666666 0.06604666666666666
40 0.12538333333333332 0.07926 0.044096666666666666 0.06604666666666666
22 0.18725 0.07991999999999999 0.044096666666666666 0.06604666666666666
43 0.2464866666666667 0.07794333333333334 0.044096666666666666 0.06604666666666666
60 0.37022333333333335 0.07728333333333333 0.044096666666666666 0.06604666666666666
43 0.43209 0.07728333333333333 0.044096666666666666 0.06604666666666666
58 0.49198333333333333 0.08189333333333333 0.044096666666666666 0.06604666666666666
59 0.5551666666666667 0.08057666666666666 0.044096666666666666 0.06604666666666666
53 0.6775866666666667 0.08320999999999999 0.044096666666666666 0.06604666666666666
55 0.7387966666666667 0.08518666666666666 0.044096666666666666 0.06604666666666666
59 0.8605566666666666 0.09111333333333332 0.044096666666666666 0.06604666666666666
56 0.9224233333333334 0.09111333333333332 0.044096666666666666 0.06604666666666666
37 0.9805833333333334 0.09342 0.038829999999999996 0.06538666666666666
37 0.12077666666666666 0.2702466666666667 0.044096666666666666 0.06604666666666666
38 0.18133 0.2722233333333333 0.044096666666666666 0.06604666666666666
39 0.24451333333333333 0.27354 0.044096666666666666 0.06604666666666666
41 0.30638 0.27551666666666663 0.044096666666666666 0.06604666666666666
43 0.36232333333333333 0.2761766666666667 0.044096666666666666 0.06604666666666666
45 0.4261666666666667 0.2768366666666667 0.044096666666666666 0.06604666666666666
62 0.11879999999999999 0.3736466666666667 0.044096666666666666 0.06604666666666666
64 0.23990666666666668 0.37627999999999995 0.044096666666666666 0.06604666666666666
63 0.1793533333333333 0.3729866666666667 0.044096666666666666 0.06604666666666666
65 0.3011166666666667 0.37561999999999995 0.044096666666666666 0.06604666666666666
66 0.3623266666666667 0.37957 0.044096666666666666 0.06604666666666666
40 0.11617 0.47176999999999997 0.044096666666666666 0.06604666666666666
33 0.17474666666666666 0.4704533333333333 0.044096666666666666 0.06604666666666666
48 0.23464 0.4684766666666667 0.044096666666666666 0.06604666666666666
47 0.3596933333333333 0.47374333333333335 0.044096666666666666 0.06604666666666666
37 0.11090333333333333 0.56792 0.044096666666666666 0.06604666666666666
38 0.16750666666666666 0.5712133333333334 0.044096666666666666 0.06604666666666666
37 0.2945333333333333 0.5692366666666667 0.044096666666666666 0.06604666666666666
38 0.4169533333333333 0.57187 0.044096666666666666 0.06604666666666666
53 0.10761333333333332 0.66934 0.044096666666666666 0.06604666666666666
42 0.23069 0.6686799999999999 0.044096666666666666 0.06604666666666666
44 0.2919 0.6732899999999999 0.04673 0.06736333333333333
65 0.10761333333333332 0.7694433333333333 0.04673 0.06736333333333333
66 0.22937333333333335 0.7740533333333333 0.04673 0.06736333333333333
40 0.10629666666666666 0.86362 0.04673 0.06736333333333333
24 0.16553333333333334 0.8655966666666667 0.04673 0.06736333333333333
48 0.23003333333333334 0.8616466666666667 0.04673 0.06736333333333333
53 0.35179333333333335 0.8721833333333334 0.04673 0.06736333333333333
61 0.4097133333333334 0.8728433333333334 0.04673 0.06736333333333333
52 0.47552999999999995 0.87416 0.04673 0.06736333333333333
38 0.5347666666666666 0.8761366666666666 0.04673 0.06736333333333333
53 0.41498 0.6765866666666667 0.04673 0.06736333333333333
46 0.48014 0.6759266666666667 0.04673 0.06736333333333333
43 0.5979533333333333 0.87745 0.04673 0.06736333333333333
58 0.6617966666666667 0.8800833333333333 0.04673 0.06736333333333333
59 0.7243233333333333 0.8800833333333333 0.04673 0.06736333333333333
55 0.6025633333333333 0.6805333333333333 0.04673 0.06736333333333333
56 0.7276166666666667 0.6851433333333333 0.04673 0.06736333333333333
57 0.85201 0.6864600000000001 0.04673 0.06736333333333333
43 0.7940933333333334 0.5824033333333334 0.04673 0.06736333333333333
58 0.9724566666666666 0.69041 0.04673 0.06736333333333333
41 0.6683833333333333 0.5810866666666666 0.04673 0.06736333333333333
39 0.5406966666666666 0.5777933333333334 0.04673 0.06736333333333333
59 0.48310666666666663 0.4763733333333333 0.048703333333333335 0.06736333333333333
56 0.5449733333333333 0.4770333333333333 0.048703333333333335 0.06736333333333333
37 0.6081566666666667 0.4770333333333333 0.048703333333333335 0.06736333333333333
39 0.6706833333333333 0.47835 0.048703333333333335 0.06736333333333333
46 0.49001 0.28013 0.044096666666666666 0.06604666666666666
47 0.5505633333333334 0.27881333333333336 0.044096666666666666 0.06604666666666666
48 0.61309 0.2814466666666667 0.044096666666666666 0.06604666666666666
40 0.48474666666666666 0.3841833333333333 0.044096666666666666 0.06604666666666666
40 0.5505633333333334 0.38220666666666664 0.044096666666666666 0.06604666666666666
40 0.6111166666666666 0.3841833333333333 0.044096666666666666 0.06604666666666666
54 0.7368266666666666 0.39010999999999996 0.044096666666666666 0.06604666666666666
54 0.8625366666666667 0.39142666666666664 0.044096666666666666 0.06604666666666666
53 0.9237466666666666 0.29198 0.044096666666666666 0.06604666666666666
52 0.86122 0.2860533333333333 0.044096666666666666 0.06604666666666666
51 0.8006666666666666 0.2867133333333333 0.044096666666666666 0.06604666666666666
50 0.7374833333333333 0.2853966666666667 0.044096666666666666 0.06604666666666666
49 0.6749566666666666 0.2821033333333333 0.044096666666666666 0.06604666666666666
60 0.29585 0.47242666666666666 0.044096666666666666 0.06604666666666666
43 0.7345866666666667 0.47751 0.048703333333333335 0.06736333333333333
45 0.9176966666666667 0.5849266666666667 0.04673 0.06736333333333333