53 0.050833333333333335 0.07583333333333334 0.041666666666666664 0.065
61 0.10416666666666667 0.07416666666666667 0.041666666666666664 0.065
52 0.16416666666666666 0.07416666666666667 0.041666666666666664 0.065
38 0.21916666666666668 0.0725 0.041666666666666664 0.065
43 0.2791666666666667 0.0725 0.041666666666666664 0.065
58 0.3375 0.0725 0.041666666666666664 0.065
59 0.3925 0.0725 0.041666666666666664 0.065
54 0.15916666666666668 0.25916666666666666 0.041666666666666664 0.065
54 0.2758333333333333 0.25916666666666666 0.041666666666666664 0.065
54 0.4508333333333333 0.2625 0.041666666666666664 0.065
54 0.6241666666666666 0.2625 0.041666666666666664 0.065
54 0.8025 0.26416666666666666 0.041666666666666664 0.065
54 0.9725 0.2658333333333333 0.041666666666666664 0.065
54 0.8658333333333333 0.4475 0.041666666666666664 0.065
54 0.6825 0.44416666666666665 0.041666666666666664 0.065
54 0.5125 0.44583333333333336 0.041666666666666664 0.065
54 0.3325 0.44083333333333335 0.041666666666666664 0.065
54 0.1525 0.44416666666666665 0.041666666666666664 0.065
37 0.04583333333333333 0.2575 0.041666666666666664 0.065
2 0.21583333333333332 0.25583333333333336 0.041666666666666664 0.065
3 0.33416666666666667 0.25583333333333336 0.041666666666666664 0.065
4 0.5075 0.2575 0.041666666666666664 0.065
5 0.6841666666666667 0.2608333333333333 0.041666666666666664 0.065
6 0.8591666666666666 0.2625 0.041666666666666664 0.065
39 0.0375 0.43916666666666665 0.041666666666666664 0.065
4 0.21416666666666667 0.4425 0.041666666666666664 0.065
2 0.3925 0.44083333333333335 0.041666666666666664 0.065
5 0.5641666666666667 0.44416666666666665 0.041666666666666664 0.065
6 0.7441666666666666 0.44083333333333335 0.041666666666666664 0.065
7 0.9191666666666667 0.44583333333333336 0.041666666666666664 0.065
53 0.029166666666666667 0.8175 0.041666666666666664 0.065
41 0.08916666666666667 0.8158333333333333 0.041666666666666664 0.065
37 0.1475 0.8191666666666667 0.041666666666666664 0.065
53 0.20583333333333334 0.8208333333333333 0.041666666666666664 0.065
46 0.26416666666666666 0.8225 0.041666666666666664 0.065
61 0.38416666666666666 0.8258333333333333 0.041666666666666664 0.065
52 0.4475 0.8258333333333333 0.041666666666666664 0.065
37 0.5075 0.8258333333333333 0.041666666666666664 0.065
46 0.5675 0.8275 0.041666666666666664 0.065
37 0.6325 0.8241666666666667 0.041666666666666664 0.065
59 0.7458333333333333 0.8258333333333333 0.041666666666666664 0.065
37 0.8041666666666667 0.8258333333333333 0.041666666666666664 0.065
48 0.9258333333333333 0.8258333333333333 0.041666666666666664 0.065
53 0.9791666666666666 0.8225 0.041666666666666664 0.065
59 0.030833333333333334 0.9191666666666667 0.041666666666666664 0.065
60 0.08916666666666667 0.9208333333333333 0.041666666666666664 0.065
37 0.1475 0.9191666666666667 0.041666666666666664 0.065
50 0.2675 0.9225 0.041666666666666664 0.065
37 0.3275 0.9241666666666667 0.041666666666666664 0.065
65 0.38416666666666666 0.9241666666666667 0.041666666666666664 0.065
55 0.44583333333333336 0.9258333333333333 0.041666666666666664 0.065