40 0.046142578125 0.306884765625 0.02490234375 0.03515625
22 0.081298828125 0.30615234375 0.02587890625 0.0380859375
14 0.114013671875 0.303955078125 0.0234375 0.037109375
30 0.147216796875 0.303955078125 0.02490234375 0.03759765625
30 0.180419921875 0.3046875 0.0234375 0.03955078125
14 0.213623046875 0.304443359375 0.0234375 0.0400390625
28 0.246826171875 0.30322265625 0.021484375 0.03662109375
29 0.281005859375 0.302490234375 0.02294921875 0.037109375
53 0.346923828125 0.30224609375 0.02099609375 0.0390625
55 0.380615234375 0.302001953125 0.02099609375 0.03955078125
59 0.447021484375 0.301513671875 0.0224609375 0.03759765625
56 0.480224609375 0.301513671875 0.0205078125 0.0380859375
37 0.514404296875 0.30224609375 0.02392578125 0.0380859375
39 0.546142578125 0.302001953125 0.021484375 0.03955078125
43 0.578857421875 0.30126953125 0.0205078125 0.03662109375
37 0.052734375 0.414794921875 0.02294921875 0.0380859375
38 0.08642578125 0.4140625 0.02392578125 0.03759765625
39 0.1201171875 0.413818359375 0.0224609375 0.0380859375
41 0.15185546875 0.412109375 0.02294921875 0.0361328125
43 0.18505859375 0.4130859375 0.02099609375 0.03662109375
45 0.21875 0.412353515625 0.0224609375 0.03515625
46 0.251953125 0.412109375 0.0224609375 0.03662109375
47 0.2861328125 0.411865234375 0.021484375 0.03662109375
48 0.3193359375 0.4111328125 0.021484375 0.03662109375
49 0.3525390625 0.41162109375 0.02001953125 0.03466796875
50 0.38671875 0.410888671875 0.02294921875 0.03662109375
51 0.41845703125 0.40966796875 0.02294921875 0.03515625
52 0.44921875 0.409423828125 0.021484375 0.0341796875
53 0.4814453125 0.408935546875 0.01953125 0.03515625
42 0.544921875 0.406982421875 0.0205078125 0.03369140625
44 0.578125 0.408203125 0.02392578125 0.03466796875
53 0.64208984375 0.406982421875 0.0234375 0.03466796875
46 0.673828125 0.40673828125 0.0185546875 0.03515625
55 0.73828125 0.40576171875 0.0234375 0.03466796875
56 0.771484375 0.40478515625 0.02392578125 0.0341796875
57 0.8037109375 0.406005859375 0.0224609375 0.03759765625
58 0.83642578125 0.4052734375 0.0234375 0.0361328125
59 0.8671875 0.403564453125 0.0205078125 0.03515625
60 0.89990234375 0.404052734375 0.02392578125 0.037109375
61 0.9306640625 0.40234375 0.021484375 0.033203125
62 0.056884765625 0.467529296875 0.02490234375 0.03369140625
63 0.091064453125 0.46630859375 0.0185546875 0.033203125
64 0.123779296875 0.466064453125 0.0234375 0.03466796875
65 0.156005859375 0.4658203125 0.02294921875 0.03466796875
66 0.189697265625 0.4658203125 0.0224609375 0.0322265625
40 0.255615234375 0.46533203125 0.02294921875 0.0322265625
40 0.288330078125 0.464111328125 0.021484375 0.03125
40 0.322021484375 0.46533203125 0.02294921875 0.029296875
54 0.387451171875 0.461669921875 0.01953125 0.033203125
54 0.452392578125 0.460693359375 0.0224609375 0.03466796875
54 0.513916015625 0.46142578125 0.0205078125 0.03466796875
40 0.06201171875 0.517822265625 0.02099609375 0.03515625
33 0.09326171875 0.51611328125 0.021484375 0.0361328125
19 0.12548828125 0.516357421875 0.02294921875 0.03515625
30 0.158203125 0.515625 0.02099609375 0.03515625
18 0.19091796875 0.5146484375 0.0224609375 0.03466796875
59 0.2587890625 0.51416015625 0.0205078125 0.03662109375
56 0.29052734375 0.513427734375 0.02099609375 0.03466796875
37 0.32421875 0.513671875 0.02294921875 0.03466796875
39 0.35595703125 0.51318359375 0.021484375 0.0361328125
43 0.3876953125 0.511962890625 0.0185546875 0.03369140625
37 0.0625 0.569091796875 0.02294921875 0.03369140625
38 0.0966796875 0.568359375 0.02099609375 0.0361328125
37 0.161376953125 0.56396484375 0.0234375 0.0322265625
38 0.230224609375 0.565185546875 0.02392578125 0.03125
39 0.292724609375 0.564208984375 0.0205078125 0.0341796875
41 0.357177734375 0.5634765625 0.0205078125 0.03662109375
43 0.419677734375 0.5615234375 0.02001953125 0.03515625
45 0.484130859375 0.559814453125 0.01953125 0.03515625
46 0.545654296875 0.558349609375 0.01806640625 0.03466796875
47 0.609619140625 0.5576171875 0.01953125 0.03466796875
48 0.673095703125 0.55615234375 0.0224609375 0.033203125
49 0.736572265625 0.556884765625 0.0205078125 0.03759765625
50 0.799072265625 0.555908203125 0.02294921875 0.03466796875
51 0.864013671875 0.554443359375 0.025390625 0.0380859375
52 0.924560546875 0.55517578125 0.02294921875 0.03515625
53 0.069091796875 0.6171875 0.0263671875 0.03076171875
42 0.132568359375 0.617431640625 0.0234375 0.03173828125
44 0.165771484375 0.61669921875 0.0224609375 0.0341796875
53 0.230712890625 0.615966796875 0.02294921875 0.03466796875
46 0.263427734375 0.615234375 0.0205078125 0.03369140625
55 0.328369140625 0.6123046875 0.02001953125 0.03369140625
56 0.389404296875 0.610595703125 0.0224609375 0.03515625
57 0.452880859375 0.608154296875 0.02099609375 0.03515625
58 0.515869140625 0.607421875 0.0205078125 0.033203125
59 0.577880859375 0.60693359375 0.0224609375 0.0341796875
60 0.639892578125 0.606689453125 0.021484375 0.033203125
61 0.702880859375 0.606201171875 0.02490234375 0.03662109375
62 0.764892578125 0.60595703125 0.02001953125 0.03173828125
63 0.827880859375 0.60498046875 0.01953125 0.0341796875
65 0.0732421875 0.6689453125 0.0263671875 0.03466796875
66 0.13818359375 0.667724609375 0.021484375 0.0341796875
53 0.204833984375 0.709228515625 0.0224609375 0.0322265625
61 0.236572265625 0.70947265625 0.0234375 0.0361328125
52 0.267333984375 0.70703125 0.0224609375 0.03173828125
38 0.299072265625 0.708251953125 0.02294921875 0.0322265625
43 0.331787109375 0.70703125 0.0185546875 0.0341796875
58 0.362060546875 0.706787109375 0.02294921875 0.0341796875
59 0.392822265625 0.703857421875 0.017578125 0.03369140625
54 0.089111328125 0.81005859375 0.02001953125 0.0322265625
54 0.182373046875 0.80419921875 0.01953125 0.0322265625
54 0.272705078125 0.80224609375 0.0185546875 0.0341796875
54 0.335693359375 0.8017578125 0.0185546875 0.0322265625
54 0.425048828125 0.80126953125 0.02001953125 0.033203125
54 0.517822265625 0.80029296875 0.0185546875 0.0341796875
54 0.610107421875 0.80029296875 0.0185546875 0.029296875
54 0.700439453125 0.798583984375 0.02099609375 0.02978515625
54 0.794189453125 0.799560546875 0.0234375 0.03466796875
54 0.886474609375 0.799072265625 0.0205078125 0.03466796875
54 0.098388671875 0.89599609375 0.0185546875 0.03173828125
54 0.188232421875 0.892578125 0.017578125 0.02490234375
54 0.276611328125 0.89453125 0.02099609375 0.0322265625
54 0.368896484375 0.893798828125 0.02099609375 0.03369140625
54 0.458740234375 0.892333984375 0.01708984375 0.03173828125
54 0.549560546875 0.892822265625 0.01953125 0.03369140625
54 0.639892578125 0.892333984375 0.02001953125 0.0322265625
54 0.733154296875 0.893798828125 0.02490234375 0.0341796875
54 0.822998046875 0.891357421875 0.02001953125 0.03125
54 0.1015625 0.9404296875 0.01953125 0.03173828125
0 0.118896484375 0.808349609375 0.021484375 0.03662109375
1 0.212158203125 0.803466796875 0.02099609375 0.03369140625
2 0.303955078125 0.802001953125 0.01953125 0.03369140625
3 0.364501953125 0.802001953125 0.0205078125 0.0341796875
4 0.455322265625 0.801025390625 0.02099609375 0.03662109375
5 0.548095703125 0.800537109375 0.02099609375 0.03515625
6 0.638916015625 0.799072265625 0.021484375 0.03369140625
7 0.732666015625 0.799560546875 0.01953125 0.033203125
8 0.823486328125 0.79931640625 0.0205078125 0.03662109375
9 0.916259765625 0.798828125 0.02001953125 0.03466796875
1 0.125732421875 0.895263671875 0.0205078125 0.033203125
3 0.217041015625 0.894775390625 0.02099609375 0.033203125
4 0.305908203125 0.894287109375 0.0185546875 0.03466796875
2 0.397705078125 0.892822265625 0.0224609375 0.0341796875
5 0.487060546875 0.891357421875 0.021484375 0.03173828125
6 0.578857421875 0.892578125 0.0185546875 0.03515625
7 0.669677734375 0.8916015625 0.02099609375 0.03369140625
8 0.763916015625 0.89404296875 0.02099609375 0.03369140625
9 0.853759765625 0.890625 0.021484375 0.02880859375
0 0.12939453125 0.940185546875 0.017578125 0.03369140625