49 0.015416666666666667 0.1025 0.030833333333333334 0.06
50 0.06291666666666666 0.10166666666666667 0.030833333333333334 0.06
51 0.11458333333333333 0.09833333333333333 0.030833333333333334 0.06
52 0.16625 0.09916666666666667 0.030833333333333334 0.06
53 0.21875 0.09583333333333334 0.030833333333333334 0.06
42 0.3229166666666667 0.095 0.030833333333333334 0.06
44 0.3745833333333333 0.09166666666666666 0.030833333333333334 0.06
53 0.4791666666666667 0.09166666666666666 0.03333333333333333 0.06
46 0.5308333333333334 0.09083333333333334 0.03333333333333333 0.06
55 0.635 0.08916666666666667 0.03333333333333333 0.06
56 0.6875 0.0875 0.03333333333333333 0.06
57 0.7383333333333333 0.0875 0.03333333333333333 0.06
58 0.7916666666666666 0.08666666666666667 0.03333333333333333 0.06
59 0.8416666666666667 0.08833333333333333 0.03333333333333333 0.06
60 0.8941666666666667 0.08833333333333333 0.03333333333333333 0.06
61 0.9425 0.08833333333333333 0.03333333333333333 0.06
40 0.07708333333333334 0.19041666666666668 0.030833333333333334 0.0525
54 0.07708333333333334 0.19041666666666668 0.030833333333333334 0.0525
54 0.17541666666666667 0.18541666666666667 0.030833333333333334 0.0525
54 0.27791666666666665 0.18375 0.030833333333333334 0.0525
39 0.030416666666666668 0.26625 0.030833333333333334 0.0525
43 0.08125 0.26708333333333334 0.030833333333333334 0.0525
41 0.03958333333333333 0.34875 0.030833333333333334 0.0525
43 0.13708333333333333 0.34708333333333335 0.034166666666666665 0.0525
45 0.23625 0.34458333333333335 0.034166666666666665 0.0525
46 0.33541666666666664 0.34458333333333335 0.034166666666666665 0.0525
47 0.43625 0.34375 0.034166666666666665 0.0525
48 0.53375 0.34291666666666665 0.034166666666666665 0.0525
49 0.6345833333333334 0.33958333333333335 0.034166666666666665 0.0525
50 0.7320833333333333 0.33875 0.034166666666666665 0.0525
51 0.83125 0.33708333333333335 0.034166666666666665 0.0525
52 0.9304166666666667 0.33625 0.034166666666666665 0.0525
56 0.09541666666666666 0.42875 0.030833333333333334 0.0525
57 0.19291666666666665 0.42875 0.030833333333333334 0.0525
58 0.29041666666666666 0.4270833333333333 0.030833333333333334 0.0525
59 0.38958333333333334 0.42625 0.030833333333333334 0.0525
60 0.4845833333333333 0.4245833333333333 0.030833333333333334 0.0525
61 0.5820833333333333 0.42125 0.030833333333333334 0.0525
62 0.6795833333333333 0.42041666666666666 0.030833333333333334 0.0525
63 0.7804166666666666 0.42125 0.030833333333333334 0.0525
43 0.017916666666666668 0.5779166666666666 0.030833333333333334 0.0525
58 0.06541666666666666 0.5770833333333333 0.030833333333333334 0.0525
59 0.11208333333333333 0.57625 0.030833333333333334 0.0525
54 0.02875 0.7279166666666667 0.030833333333333334 0.0525
54 0.07791666666666666 0.87125 0.030833333333333334 0.0525
54 0.16458333333333333 0.7270833333333333 0.030833333333333334 0.0525
54 0.21625 0.8729166666666667 0.030833333333333334 0.0525
54 0.3045833333333333 0.7270833333333333 0.030833333333333334 0.0525
54 0.3545833333333333 0.8704166666666666 0.030833333333333334 0.0525
54 0.44625 0.7229166666666667 0.030833333333333334 0.0525
54 0.49541666666666667 0.8695833333333334 0.030833333333333334 0.0525
54 0.5854166666666667 0.7254166666666667 0.030833333333333334 0.0525
54 0.6345833333333334 0.8679166666666667 0.030833333333333334 0.0525
54 0.7279166666666667 0.7220833333333333 0.030833333333333334 0.0525
54 0.7745833333333333 0.8629166666666667 0.030833333333333334 0.0525
54 0.8695833333333334 0.72125 0.030833333333333334 0.0525
3 0.07291666666666667 0.72875 0.030833333333333334 0.0525
4 0.21041666666666667 0.7245833333333334 0.030833333333333334 0.0525
5 0.34958333333333336 0.7254166666666667 0.030833333333333334 0.0525
6 0.49125 0.7229166666666667 0.030833333333333334 0.0525
7 0.63125 0.7204166666666667 0.030833333333333334 0.0525
8 0.7745833333333333 0.71875 0.030833333333333334 0.0525
9 0.9170833333333334 0.71875 0.030833333333333334 0.0525
2 0.12041666666666667 0.8720833333333333 0.030833333333333334 0.0525
5 0.2579166666666667 0.8720833333333333 0.030833333333333334 0.0525
6 0.39875 0.8704166666666666 0.030833333333333334 0.0525
7 0.54125 0.86875 0.030833333333333334 0.0525
8 0.6804166666666667 0.86625 0.030833333333333334 0.0525
9 0.8195833333333333 0.86375 0.030833333333333334 0.0525