54 0.25634765625 0.22314453125 0.03515625 0.060546875
54 0.41357421875 0.22119140625 0.03369140625 0.06103515625
54 0.5771484375 0.22119140625 0.03515625 0.0625
54 0.75048828125 0.220703125 0.03369140625 0.0625
54 0.92724609375 0.22216796875 0.041015625 0.06396484375
54 0.26318359375 0.3095703125 0.03125 0.05908203125
1 0.30615234375 0.22216796875 0.0341796875 0.060546875
3 0.46630859375 0.22021484375 0.03515625 0.0615234375
4 0.63623046875 0.21923828125 0.0302734375 0.06103515625
2 0.80615234375 0.2197265625 0.0341796875 0.06298828125
5 0.98291015625 0.220703125 0.03369140625 0.06396484375
0 0.3125 0.30810546875 0.03125 0.05859375
52 0.26123046875 0.55712890625 0.03125 0.05419921875
37 0.3095703125 0.55712890625 0.0302734375 0.05224609375
46 0.36279296875 0.55810546875 0.0322265625 0.05126953125
37 0.41162109375 0.55908203125 0.0283203125 0.0498046875
53 0.46435546875 0.56298828125 0.03515625 0.0576171875
41 0.51513671875 0.56396484375 0.03369140625 0.05322265625
37 0.56884765625 0.5654296875 0.03125 0.05126953125
53 0.62109375 0.56787109375 0.03369140625 0.05419921875
46 0.6767578125 0.56982421875 0.033203125 0.05322265625
61 0.78515625 0.57421875 0.03564453125 0.0576171875
52 0.8427734375 0.57666015625 0.03759765625 0.0556640625
37 0.8984375 0.57763671875 0.03173828125 0.05517578125
46 0.95458984375 0.5771484375 0.0341796875 0.05322265625
50 0.25927734375 0.63671875 0.03173828125 0.0517578125
61 0.3115234375 0.64013671875 0.033203125 0.056640625
52 0.36181640625 0.64208984375 0.03173828125 0.0556640625
61 0.412109375 0.6435546875 0.03515625 0.05224609375
59 0.46337890625 0.64697265625 0.03564453125 0.0537109375
60 0.51611328125 0.6484375 0.0302734375 0.05322265625
37 0.564453125 0.6484375 0.0302734375 0.05126953125
50 0.67333984375 0.65576171875 0.0341796875 0.05419921875
37 0.7314453125 0.6572265625 0.0341796875 0.0517578125
65 0.78125 0.66064453125 0.03564453125 0.05859375
55 0.83740234375 0.6630859375 0.0341796875 0.0576171875
54 0.23486328125 0.03955078125 0.03515625 0.060546875
54 0.40625 0.03466796875 0.03515625 0.060546875
0 0.29052734375 0.03466796875 0.03125 0.05859375
1 0.45751953125 0.0302734375 0.0341796875 0.060546875
54 0.57958984375 0.033203125 0.03515625 0.060546875
54 0.6982421875 0.033203125 0.03515625 0.060546875
54 0.88134765625 0.0302734375 0.03515625 0.060546875
2 0.63623046875 0.033203125 0.0341796875 0.06298828125
3 0.759765625 0.03076171875 0.03515625 0.0615234375
4 0.94580078125 0.03076171875 0.0302734375 0.06103515625