53 0.05078125 0.07568359375 0.04150390625 0.06494140625
61 0.10400390625 0.07421875 0.04150390625 0.06494140625
52 0.1640625 0.07421875 0.04150390625 0.06494140625
38 0.21923828125 0.072265625 0.04150390625 0.06494140625
43 0.279296875 0.072265625 0.04150390625 0.06494140625
58 0.33740234375 0.072265625 0.04150390625 0.06494140625
59 0.392578125 0.072265625 0.04150390625 0.06494140625
54 0.1591796875 0.25927734375 0.04150390625 0.06494140625
54 0.27587890625 0.25927734375 0.04150390625 0.06494140625
54 0.45068359375 0.2626953125 0.04150390625 0.06494140625
54 0.6240234375 0.2626953125 0.04150390625 0.06494140625
54 0.802734375 0.26416015625 0.04150390625 0.06494140625
54 0.97265625 0.265625 0.04150390625 0.06494140625
54 0.86572265625 0.447265625 0.04150390625 0.06494140625
54 0.6826171875 0.4443359375 0.04150390625 0.06494140625
54 0.5126953125 0.44580078125 0.04150390625 0.06494140625
54 0.33251953125 0.44091796875 0.04150390625 0.06494140625
54 0.15234375 0.4443359375 0.04150390625 0.06494140625
37 0.0458984375 0.25732421875 0.04150390625 0.06494140625
2 0.2158203125 0.255859375 0.04150390625 0.06494140625
3 0.333984375 0.255859375 0.04150390625 0.06494140625
4 0.50732421875 0.25732421875 0.04150390625 0.06494140625
5 0.68408203125 0.2607421875 0.04150390625 0.06494140625
6 0.859375 0.2626953125 0.04150390625 0.06494140625
39 0.03759765625 0.43896484375 0.04150390625 0.06494140625
4 0.21435546875 0.4423828125 0.04150390625 0.06494140625
2 0.392578125 0.44091796875 0.04150390625 0.06494140625
5 0.56396484375 0.4443359375 0.04150390625 0.06494140625
6 0.744140625 0.44091796875 0.04150390625 0.06494140625
7 0.9189453125 0.44580078125 0.04150390625 0.06494140625
53 0.029296875 0.8173828125 0.04150390625 0.06494140625
41 0.08935546875 0.81591796875 0.04150390625 0.06494140625
37 0.1474609375 0.8193359375 0.04150390625 0.06494140625
53 0.2060546875 0.82080078125 0.04150390625 0.06494140625
46 0.26416015625 0.822265625 0.04150390625 0.06494140625
61 0.38427734375 0.82568359375 0.04150390625 0.06494140625
52 0.447265625 0.82568359375 0.04150390625 0.06494140625
37 0.50732421875 0.82568359375 0.04150390625 0.06494140625
46 0.5673828125 0.82763671875 0.04150390625 0.06494140625
37 0.63232421875 0.82421875 0.04150390625 0.06494140625
59 0.74560546875 0.82568359375 0.04150390625 0.06494140625
37 0.80419921875 0.82568359375 0.04150390625 0.06494140625
48 0.92578125 0.82568359375 0.04150390625 0.06494140625
53 0.97900390625 0.822265625 0.04150390625 0.06494140625
59 0.03076171875 0.9189453125 0.04150390625 0.06494140625
60 0.08935546875 0.9208984375 0.04150390625 0.06494140625
37 0.1474609375 0.9189453125 0.04150390625 0.06494140625
50 0.267578125 0.92236328125 0.04150390625 0.06494140625
37 0.32763671875 0.92431640625 0.04150390625 0.06494140625
65 0.38427734375 0.92431640625 0.04150390625 0.06494140625
55 0.44580078125 0.92578125 0.04150390625 0.06494140625