54 0.16162109375 0.04736328125 0.05322265625 0.0712890625
54 0.1533203125 0.15576171875 0.05322265625 0.0712890625
54 0.3681640625 0.0458984375 0.05322265625 0.0712890625
54 0.580078125 0.04736328125 0.05322265625 0.0712890625
54 0.79345703125 0.04736328125 0.05322265625 0.0712890625
1 0.2314453125 0.0458984375 0.05322265625 0.0712890625
3 0.44189453125 0.04248046875 0.05322265625 0.0712890625
4 0.6533203125 0.0458984375 0.05322265625 0.0712890625
2 0.865234375 0.04931640625 0.05322265625 0.0712890625
0 0.22509765625 0.154296875 0.05322265625 0.0712890625
52 0.1318359375 0.490234375 0.05322265625 0.07958984375
37 0.205078125 0.48828125 0.05322265625 0.07958984375
46 0.27685546875 0.48681640625 0.05322265625 0.07958984375
37 0.35009765625 0.48681640625 0.05322265625 0.07958984375
53 0.4267578125 0.490234375 0.05322265625 0.07958984375
41 0.50341796875 0.490234375 0.05322265625 0.07958984375
37 0.578125 0.490234375 0.05322265625 0.07958984375
53 0.64990234375 0.490234375 0.05322265625 0.07958984375
46 0.72998046875 0.49169921875 0.05322265625 0.07958984375
61 0.88330078125 0.49658203125 0.05322265625 0.07958984375
52 0.95654296875 0.49169921875 0.05322265625 0.07958984375
50 0.12646484375 0.6064453125 0.05322265625 0.07958984375
61 0.20654296875 0.60986328125 0.05322265625 0.07958984375
52 0.27490234375 0.60986328125 0.05322265625 0.07958984375
61 0.34814453125 0.61181640625 0.05322265625 0.07958984375
59 0.4248046875 0.61181640625 0.05322265625 0.07958984375
60 0.50341796875 0.615234375 0.05322265625 0.07958984375
37 0.5751953125 0.615234375 0.05322265625 0.07958984375
50 0.728515625 0.6181640625 0.05322265625 0.07958984375
37 0.80517578125 0.61669921875 0.05322265625 0.07958984375
65 0.884765625 0.61669921875 0.05322265625 0.07958984375
55 0.9599609375 0.61669921875 0.05322265625 0.07958984375