44 0.2392578125 0.24169921875 0.05126953125 0.08642578125
42 0.1640625 0.24169921875 0.05126953125 0.08642578125
53 0.38232421875 0.2451171875 0.05126953125 0.08642578125
46 0.45751953125 0.2431640625 0.05126953125 0.08642578125
55 0.59228515625 0.25 0.05126953125 0.08642578125
56 0.666015625 0.25 0.05126953125 0.08642578125
57 0.732421875 0.24853515625 0.05126953125 0.08642578125
58 0.802734375 0.25 0.05126953125 0.08642578125
59 0.86767578125 0.2548828125 0.05126953125 0.08642578125
60 0.9306640625 0.25341796875 0.05126953125 0.08642578125
54 0.09423828125 0.36181640625 0.05126953125 0.08642578125
45 0.03564453125 0.580078125 0.05126953125 0.08642578125
46 0.177734375 0.580078125 0.05126953125 0.08642578125
47 0.3193359375 0.578125 0.05126953125 0.08642578125
48 0.4560546875 0.578125 0.05126953125 0.08642578125
49 0.58935546875 0.578125 0.05126953125 0.08642578125
50 0.72265625 0.5751953125 0.05126953125 0.08642578125
51 0.8525390625 0.580078125 0.05126953125 0.08642578125
52 0.97412109375 0.57568359375 0.05126953125 0.07470703125
58 0.1123046875 0.68896484375 0.05126953125 0.08154296875
59 0.2509765625 0.68896484375 0.05126953125 0.08154296875
60 0.3876953125 0.68603515625 0.05126953125 0.08154296875
61 0.51904296875 0.6826171875 0.05126953125 0.08154296875
62 0.65087890625 0.6806640625 0.05126953125 0.08154296875
63 0.78076171875 0.6826171875 0.05126953125 0.08154296875