37 0.06980666666666666 0.13774 0.019516666666666665 0.030776666666666667
38 0.10171 0.13736333333333334 0.017263333333333332 0.02852333333333333
39 0.13473666666666667 0.13774 0.017263333333333332 0.02777333333333333
41 0.16326 0.13736333333333334 0.018766666666666664 0.02702333333333333
43 0.19403666666666666 0.13999333333333333 0.018766666666666664 0.02777333333333333
45 0.22594000000000003 0.13886666666666667 0.019516666666666665 0.03152666666666667
46 0.25709 0.14111666666666667 0.021766666666666667 0.03152666666666667
47 0.2886166666666667 0.14111666666666667 0.020266666666666665 0.03453
48 0.32164333333333334 0.14187 0.021766666666666667 0.03302666666666667
49 0.34979333333333334 0.14262 0.022520000000000002 0.03302666666666667
50 0.38169333333333333 0.14412 0.020266666666666665 0.03152666666666667
51 0.41472000000000003 0.14299333333333333 0.021766666666666667 0.03528
52 0.44699666666666665 0.14337 0.021766666666666667 0.03302666666666667
53 0.4762733333333333 0.14599666666666666 0.020266666666666665 0.03377666666666666
42 0.5408266666666667 0.14562 0.018766666666666664 0.03152666666666667
44 0.5704766666666667 0.14637333333333333 0.021016666666666666 0.03603
53 0.6339033333333334 0.14862333333333333 0.021766666666666667 0.03453
46 0.6658066666666667 0.14825 0.019516666666666665 0.03377666666666666
55 0.7292333333333333 0.14975 0.021766666666666667 0.03227666666666667
56 0.76151 0.14975 0.020266666666666665 0.03377666666666666
57 0.7941633333333332 0.14975 0.019516666666666665 0.03528
58 0.8241866666666666 0.15087666666666666 0.02402 0.03603
59 0.8579666666666667 0.15087666666666666 0.022520000000000002 0.03302666666666667
60 0.8906200000000001 0.15162666666666666 0.020266666666666665 0.03152666666666667
61 0.92102 0.15425333333333333 0.019516666666666665 0.030776666666666667
62 0.06793 0.18816 0.02124 0.03166
63 0.09919 0.18836000000000003 0.02124 0.029656666666666668
64 0.13105 0.18735666666666667 0.018436666666666667 0.03166
65 0.16030666666666668 0.18855999999999998 0.019236666666666666 0.03246333333333333
66 0.19176666666666664 0.18996333333333332 0.018033333333333335 0.03126
54 0.38133 0.19396999999999998 0.018836666666666665 0.030456666666666667
54 0.44384999999999997 0.19357000000000002 0.018836666666666665 0.030456666666666667
54 0.50637 0.19677666666666668 0.018836666666666665 0.030456666666666667
40 0.25428666666666666 0.19036333333333336 0.018836666666666665 0.030456666666666667
40 0.28634666666666664 0.1907633333333333 0.018836666666666665 0.030456666666666667
40 0.31921 0.19236666666666669 0.018836666666666665 0.030456666666666667
40 0.06432333333333333 0.23444666666666666 0.018836666666666665 0.030456666666666667
33 0.09658333333333333 0.23525 0.020036666666666668 0.030456666666666667
19 0.12624000000000002 0.23504999999999998 0.020036666666666668 0.030056666666666666
30 0.1575 0.23604999999999998 0.022443333333333332 0.032863333333333335
18 0.18936333333333336 0.23625 0.019636666666666667 0.03246333333333333
59 0.25228333333333336 0.23845666666666668 0.02044 0.032863333333333335
56 0.2839433333333333 0.2380533333333333 0.02044 0.029656666666666668
37 0.31420000000000003 0.23865666666666668 0.02084 0.030056666666666666
39 0.34746333333333335 0.23765333333333336 0.017633333333333334 0.028053333333333333
43 0.3785233333333333 0.23825666666666667 0.018033333333333335 0.029256666666666667
37 0.06011333333333333 0.2839433333333333 0.016833333333333332 0.02685
38 0.09197666666666666 0.28194 0.02044 0.027653333333333332
37 0.15389333333333333 0.2835433333333333 0.019236666666666666 0.02605
38 0.21841666666666668 0.28674666666666665 0.02084 0.03086
39 0.28113666666666665 0.28634666666666664 0.019636666666666667 0.028453333333333334
41 0.34486 0.28895333333333334 0.018836666666666665 0.029656666666666668
43 0.40758 0.28895333333333334 0.020036666666666668 0.028856666666666666
45 0.47190333333333334 0.29195666666666664 0.018836666666666665 0.03326333333333333
46 0.5356233333333333 0.29296 0.018836666666666665 0.029656666666666668
47 0.5991433333333334 0.29356 0.017633333333333334 0.029256666666666667
48 0.66467 0.29516333333333333 0.02044 0.03166
49 0.7289933333333334 0.29797 0.018436666666666667 0.03406666666666667
50 0.7939166666666667 0.29917333333333335 0.020036666666666668 0.03086
51 0.8580399999999999 0.30057333333333336 0.022443333333333332 0.034466666666666666
52 0.9223633333333334 0.30278 0.025246666666666664 0.034866666666666664
63 0.82638 0.3528733333333333 0.020036666666666668 0.03086
62 0.75925 0.35086999999999996 0.02124 0.03406666666666667
61 0.6947266666666666 0.35067 0.022843333333333334 0.03366333333333333
60 0.6294033333333333 0.34886666666666666 0.02044 0.03246333333333333
59 0.5662833333333332 0.3476633333333333 0.02084 0.03086
58 0.50156 0.34626 0.02124 0.032060000000000005
53 0.057909999999999996 0.33524 0.023646666666666667 0.03166
42 0.12303666666666667 0.3366433333333333 0.020036666666666668 0.032863333333333335
44 0.15249000000000001 0.3386466666666667 0.02044 0.03526666666666667
53 0.21561333333333335 0.33945000000000003 0.018436666666666667 0.03366333333333333
46 0.24687333333333333 0.33904666666666666 0.020036666666666668 0.034466666666666666
55 0.3107933333333333 0.34125333333333335 0.018033333333333335 0.03246333333333333
56 0.37511666666666665 0.3430566666666667 0.018436666666666667 0.034466666666666666
57 0.43884 0.34506000000000003 0.02084 0.032863333333333335
65 0.05570666666666667 0.38553666666666664 0.020036666666666668 0.03126
66 0.11862666666666667 0.38774000000000003 0.02084 0.03326333333333333
53 0.17934333333333333 0.43843666666666664 0.02044 0.03526666666666667
61 0.21120333333333333 0.43823666666666666 0.02084 0.036469999999999995
52 0.24266333333333334 0.43904 0.019636666666666667 0.035666666666666666
38 0.27532666666666666 0.44004 0.02084 0.034466666666666666
43 0.30899 0.4414433333333333 0.02084 0.03727
58 0.33965 0.44244666666666665 0.019636666666666667 0.03526666666666667
59 0.3729133333333333 0.4436466666666667 0.019636666666666667 0.03366333333333333
54 0.048093333333333335 0.5402333333333333 0.020036666666666668 0.032863333333333335
54 0.14307333333333333 0.54304 0.020036666666666668 0.032863333333333335
54 0.23965666666666668 0.54384 0.020036666666666668 0.032863333333333335
54 0.30498000000000003 0.5462433333333333 0.020036666666666668 0.032863333333333335
54 0.4015633333333333 0.5478466666666667 0.020036666666666668 0.032863333333333335
54 0.4965433333333334 0.5510533333333334 0.020036666666666668 0.032863333333333335
54 0.04328 0.6416266666666667 0.020036666666666668 0.032863333333333335
54 0.13645666666666667 0.64323 0.02124 0.032863333333333335
54 0.23384333333333332 0.6468366666666666 0.02124 0.032863333333333335
54 0.3332333333333333 0.64804 0.02124 0.032863333333333335
54 0.43061999999999995 0.6504433333333333 0.02124 0.032863333333333335
54 0.5264033333333333 0.6528466666666667 0.02124 0.032863333333333335
54 0.04027333333333333 0.6941266666666667 0.02124 0.032863333333333335
54 0.5937333333333333 0.5518533333333333 0.02124 0.032863333333333335
54 0.6911200000000001 0.55506 0.02124 0.032863333333333335
54 0.79091 0.55947 0.02124 0.032863333333333335
54 0.8903 0.5614733333333334 0.02124 0.032863333333333335
54 0.6257933333333334 0.6556533333333333 0.02124 0.032863333333333335
54 0.7251833333333334 0.65886 0.02124 0.032863333333333335
54 0.82337 0.6624666666666666 0.02124 0.032863333333333335
0 0.07955333333333334 0.5406333333333334 0.02204333333333333 0.03366333333333333
1 0.17513333333333334 0.5412333333333333 0.02164 0.03406666666666667
2 0.27212000000000003 0.54404 0.022443333333333332 0.034866666666666664
3 0.3376466666666667 0.5462433333333333 0.02124 0.032060000000000005
4 0.4328266666666667 0.5484466666666666 0.02084 0.03326333333333333
1 0.07293999999999999 0.6402233333333334 0.02084 0.03086
3 0.17012666666666668 0.64363 0.02124 0.032060000000000005
4 0.26691 0.6472366666666667 0.02084 0.032863333333333335
2 0.3648966666666667 0.6470366666666666 0.019636666666666667 0.03326333333333333
5 0.46168333333333333 0.6510433333333334 0.020036666666666668 0.034866666666666664
0 0.07314 0.6945266666666666 0.02124 0.03526666666666667
5 0.52861 0.54925 0.019236666666666666 0.03326333333333333
6 0.6259966666666666 0.5532566666666666 0.02084 0.03326333333333333
7 0.7235833333333334 0.55486 0.019636666666666667 0.03166
8 0.8231733333333333 0.5588666666666666 0.02084 0.03326333333333333
9 0.9215599999999999 0.5614733333333334 0.019636666666666667 0.030456666666666667
6 0.56007 0.6528466666666667 0.018836666666666665 0.030456666666666667
7 0.6580566666666667 0.6552533333333334 0.02084 0.03366333333333333
8 0.7566466666666667 0.65906 0.020036666666666668 0.03326333333333333
9 0.8560366666666667 0.6622666666666667 0.02084 0.034866666666666664
53 0.25729 0.8580399999999999 0.02164 0.03607
46 0.29055666666666663 0.8596433333333333 0.019236666666666666 0.032863333333333335
61 0.3568833333333334 0.86305 0.02204333333333333 0.03727
52 0.38994666666666666 0.86325 0.02164 0.03526666666666667
37 0.42240666666666665 0.8652533333333334 0.020036666666666668 0.03526666666666667
46 0.45647333333333334 0.8658533333333334 0.020036666666666668 0.03727
37 0.48933666666666664 0.8660533333333332 0.02084 0.03607
59 0.55526 0.8680599999999999 0.02204333333333333 0.03366333333333333
37 0.5895266666666666 0.86866 0.019236666666666666 0.030056666666666666
48 0.6568566666666666 0.8728666666666667 0.020036666666666668 0.03767333333333333
53 0.6893166666666666 0.8724666666666667 0.02164 0.03687
65 0.7219800000000001 0.87387 0.022843333333333334 0.036469999999999995
55 0.7554433333333334 0.87447 0.022443333333333332 0.03607
50 0.2891533333333333 0.91555 0.02124 0.034866666666666664
37 0.3228166666666667 0.9159499999999999 0.02204333333333333 0.03406666666666667
65 0.35508 0.9177533333333334 0.023243333333333335 0.03687
55 0.38793999999999995 0.9181533333333334 0.02084 0.03607
52 0.03195666666666667 0.85004 0.02164 0.03607
37 0.06329 0.85004 0.02164 0.03607
46 0.09595666666666666 0.8527066666666666 0.02164 0.03607
37 0.12662333333333334 0.8527066666666666 0.02164 0.03607
53 0.15995666666666666 0.8553733333333333 0.02164 0.03607
41 0.19395666666666667 0.8560399999999999 0.02164 0.03607
37 0.22462333333333334 0.8567066666666666 0.02164 0.03607
50 0.02995666666666667 0.9033733333333333 0.02164 0.03607
61 0.06195666666666667 0.9067066666666667 0.02164 0.03607
52 0.09329 0.90604 0.02164 0.03607
61 0.12595666666666666 0.9073733333333333 0.02164 0.03607
59 0.15795666666666666 0.9087066666666667 0.02164 0.03607
60 0.19062333333333334 0.91004 0.02164 0.03607
37 0.22129000000000001 0.9113733333333333 0.02164 0.03607