58 0.435546875 0.077880859375 0.06103515625 0.099609375
43 0.353759765625 0.073486328125 0.06103515625 0.099609375
59 0.517578125 0.078369140625 0.06103515625 0.099609375
38 0.27099609375 0.074951171875 0.06103515625 0.099609375
52 0.18994140625 0.079833984375 0.06103515625 0.099609375
61 0.10791015625 0.083251953125 0.06103515625 0.099609375
53 0.03662109375 0.08056640625 0.06103515625 0.099609375
54 0.188232421875 0.343505859375 0.06201171875 0.08935546875
54 0.172607421875 0.596435546875 0.06201171875 0.08935546875
54 0.40966796875 0.60986328125 0.06201171875 0.08935546875
54 0.342041015625 0.351806640625 0.06201171875 0.08935546875
2 0.49365234375 0.61083984375 0.06201171875 0.08935546875
2 0.265869140625 0.344970703125 0.06201171875 0.08935546875
4 0.252197265625 0.599365234375 0.06201171875 0.08935546875
54 0.59228515625 0.358642578125 0.06201171875 0.08935546875
3 0.425537109375 0.351806640625 0.06201171875 0.08935546875
4 0.676025390625 0.355712890625 0.06201171875 0.08935546875
54 0.852294921875 0.373291015625 0.0615234375 0.10107421875
43 0.940185546875 0.37158203125 0.0615234375 0.10107421875
54 0.662109375 0.63330078125 0.0615234375 0.10107421875
5 0.748046875 0.63427734375 0.0615234375 0.10107421875
54 0.921142578125 0.64990234375 0.0615234375 0.10107421875