54 0.1650390625 0.30126953125 0.06103515625 0.1064453125
54 0.45166015625 0.314453125 0.0498046875 0.10888671875
54 0.72998046875 0.330078125 0.06201171875 0.10888671875
54 0.9169921875 0.34375 0.05859375 0.0986328125
54 0.17333984375 0.5810546875 0.05517578125 0.09521484375
54 0.4365234375 0.59423828125 0.05322265625 0.0908203125
54 0.7041015625 0.6142578125 0.0654296875 0.09326171875
54 0.17626953125 0.71337890625 0.04736328125 0.0908203125
0 0.2607421875 0.3017578125 0.06298828125 0.107421875
1 0.5439453125 0.31689453125 0.05859375 0.099609375
2 0.8291015625 0.333984375 0.06201171875 0.10546875
1 0.25830078125 0.580078125 0.05859375 0.09326171875
3 0.52783203125 0.599609375 0.0576171875 0.09423828125
4 0.79931640625 0.61279296875 0.0517578125 0.08544921875
0 0.2587890625 0.71923828125 0.0576171875 0.08984375