53 0.13488666666666668 0.07766333333333333 0.043320000000000004 0.06475
55 0.19283666666666666 0.07822666666666667 0.043320000000000004 0.06475
59 0.31829666666666667 0.07372333333333334 0.043320000000000004 0.06475
56 0.37961999999999996 0.07203333333333334 0.043320000000000004 0.06475
37 0.44207 0.07147 0.043320000000000004 0.06475
39 0.5062066666666666 0.06865666666666667 0.043320000000000004 0.06475
43 0.5669666666666667 0.06865666666666667 0.043320000000000004 0.06475
48 0.07018666666666666 0.27695000000000003 0.043320000000000004 0.06475
49 0.12982333333333335 0.27638666666666667 0.043320000000000004 0.06475
50 0.19058333333333333 0.2780766666666667 0.043320000000000004 0.06475
51 0.25078333333333336 0.27582333333333336 0.043320000000000004 0.06475
52 0.3143566666666667 0.27582333333333336 0.043320000000000004 0.06475
37 0.06456 0.47004333333333337 0.043320000000000004 0.06475
53 0.37737 0.27526 0.043320000000000004 0.06475
54 0.18945666666666666 0.38109666666666664 0.043320000000000004 0.06475
54 0.3149166666666667 0.38222333333333336 0.043320000000000004 0.06475
54 0.44206666666666666 0.38166 0.043320000000000004 0.06475
39 0.12588333333333332 0.46948 0.043320000000000004 0.06475
43 0.18777 0.47097 0.043320000000000004 0.06475
40 0.06624666666666668 0.3805333333333333 0.043320000000000004 0.06475
42 0.50508 0.27301 0.043320000000000004 0.06475
44 0.5664033333333334 0.2747 0.043320000000000004 0.06475
53 0.6936233333333333 0.2747 0.043320000000000004 0.06475
46 0.7561533333333333 0.27614 0.043320000000000004 0.06475
55 0.88481 0.27686 0.043320000000000004 0.06475
56 0.9477 0.27578 0.04404 0.06978333333333334
41 0.123 0.57238 0.043320000000000004 0.06475
43 0.24911000000000003 0.56895 0.04713 0.06398666666666666
45 0.37484 0.5674266666666666 0.04713 0.06398666666666666
58 0.43770666666666663 0.6787466666666667 0.05094 0.07008666666666666
46 0.5028566666666666 0.5758133333333334 0.04713 0.06398666666666666
57 0.31045 0.67875 0.05094 0.07008666666666666
56 0.18624333333333334 0.6779866666666666 0.05094 0.07008666666666666
55 0.06127333333333333 0.6779866666666666 0.05094 0.07008666666666666
43 0.06584666666666666 0.8716533333333334 0.05094 0.07008666666666666
58 0.12833 0.8747033333333334 0.05094 0.07008666666666666
59 0.18700333333333333 0.8762300000000001 0.05094 0.07008666666666666
59 0.5638166666666666 0.6817966666666667 0.05322666666666667 0.07313666666666667
60 0.69107 0.6840833333333334 0.05322666666666667 0.07313666666666667
47 0.6285866666666666 0.5788633333333333 0.05322666666666667 0.07313666666666667
48 0.7581266666666667 0.5803866666666667 0.05322666666666667 0.07313666666666667
49 0.8876666666666667 0.58115 0.05322666666666667 0.07313666666666667
61 0.8221333333333334 0.6840833333333334 0.05322666666666667 0.07313666666666667
62 0.94634 0.68637 0.05322666666666667 0.07313666666666667