40 0.18505859375 0.32568359375 0.04541015625 0.07958984375
51 0.2568359375 0.32666015625 0.048828125 0.08203125
43 0.32177734375 0.33154296875 0.04736328125 0.0830078125
60 0.39208984375 0.33837890625 0.04638671875 0.091796875
60 0.46142578125 0.34033203125 0.04541015625 0.0810546875
43 0.53515625 0.34619140625 0.0498046875 0.091796875
58 0.60791015625 0.34765625 0.04638671875 0.0908203125
59 0.685546875 0.34912109375 0.05078125 0.07763671875
53 0.8359375 0.35595703125 0.0498046875 0.08984375
55 0.912109375 0.35595703125 0.048828125 0.0830078125
37 0.1826171875 0.5419921875 0.03662109375 0.06396484375
38 0.25 0.55126953125 0.04443359375 0.0732421875
39 0.31884765625 0.5537109375 0.03955078125 0.07421875
41 0.38720703125 0.5634765625 0.04541015625 0.07958984375
43 0.455078125 0.56494140625 0.04541015625 0.0810546875
45 0.52587890625 0.57080078125 0.0498046875 0.08544921875
46 0.59765625 0.57421875 0.04638671875 0.08642578125
47 0.666015625 0.58544921875 0.04541015625 0.083984375
48 0.74560546875 0.58984375 0.048828125 0.07958984375
49 0.81689453125 0.59716796875 0.048828125 0.08544921875
50 0.890625 0.60009765625 0.05419921875 0.083984375
51 0.962890625 0.6044921875 0.04736328125 0.07763671875
62 0.18798828125 0.65234375 0.04443359375 0.07080078125
63 0.25048828125 0.6611328125 0.041015625 0.07080078125
64 0.31494140625 0.6650390625 0.03857421875 0.07666015625
65 0.38134765625 0.67333984375 0.0419921875 0.08203125
66 0.451171875 0.677734375 0.04638671875 0.07763671875
40 0.5859375 0.69091796875 0.04736328125 0.0732421875
40 0.65966796875 0.705078125 0.04541015625 0.0673828125
40 0.7333984375 0.71044921875 0.048828125 0.0654296875
54 0.88037109375 0.71435546875 0.0498046875 0.07080078125
40 0.18603515625 0.76171875 0.041015625 0.06298828125
33 0.2509765625 0.76220703125 0.03955078125 0.07763671875
19 0.31396484375 0.76611328125 0.04296875 0.07666015625
30 0.38232421875 0.77099609375 0.0419921875 0.07080078125
18 0.44384765625 0.7783203125 0.041015625 0.07861328125
59 0.58349609375 0.794921875 0.048828125 0.07861328125
56 0.65576171875 0.79736328125 0.04638671875 0.07861328125
37 0.72705078125 0.8076171875 0.04736328125 0.08203125
39 0.80126953125 0.81103515625 0.05078125 0.08203125
43 0.8701171875 0.814453125 0.04443359375 0.07958984375