48 0.063232421875 0.343505859375 0.05810546875 0.09716796875
49 0.14697265625 0.342041015625 0.0615234375 0.1064453125
50 0.23388671875 0.339111328125 0.05712890625 0.10302734375
51 0.32470703125 0.3388671875 0.05908203125 0.0927734375
52 0.41357421875 0.337890625 0.05908203125 0.09619140625
53 0.501708984375 0.33984375 0.05712890625 0.1005859375
42 0.674560546875 0.343017578125 0.0654296875 0.0908203125
44 0.763427734375 0.341064453125 0.0625 0.09619140625
53 0.935302734375 0.340576171875 0.0634765625 0.09716796875
40 0.053955078125 0.4853515625 0.05908203125 0.08984375
54 0.22900390625 0.480712890625 0.06005859375 0.0927734375
54 0.414306640625 0.48291015625 0.05908203125 0.0908203125
54 0.589599609375 0.482421875 0.05908203125 0.09521484375
37 0.04345703125 0.613525390625 0.0556640625 0.076171875
39 0.138671875 0.6103515625 0.05224609375 0.07958984375
43 0.228515625 0.617919921875 0.056640625 0.08740234375
41 0.133544921875 0.76953125 0.056640625 0.09619140625
43 0.314208984375 0.764404296875 0.0625 0.09423828125
45 0.502197265625 0.76318359375 0.05908203125 0.08984375
46 0.683837890625 0.767333984375 0.064453125 0.0927734375
47 0.864501953125 0.76611328125 0.05224609375 0.08740234375
55 0.044921875 0.917724609375 0.05908203125 0.09521484375
56 0.2236328125 0.91650390625 0.06884765625 0.09521484375
57 0.40771484375 0.920166015625 0.0625 0.09716796875
58 0.59130859375 0.91650390625 0.06494140625 0.1005859375
59 0.7744140625 0.913330078125 0.060546875 0.1005859375
60 0.9501953125 0.9111328125 0.0556640625 0.09423828125
53 0.157470703125 0.0654296875 0.0556640625 0.08837890625
55 0.242919921875 0.06201171875 0.05810546875 0.08984375
59 0.416259765625 0.06591796875 0.0556640625 0.0849609375
56 0.503662109375 0.066650390625 0.0478515625 0.08056640625
37 0.592529296875 0.063720703125 0.05908203125 0.0830078125
39 0.674560546875 0.063720703125 0.05908203125 0.0830078125
43 0.753662109375 0.064453125 0.05908203125 0.08740234375