54 0.068359375 0.085205078125 0.056640625 0.08984375
54 0.298828125 0.0771484375 0.05322265625 0.0908203125
54 0.534423828125 0.066650390625 0.05224609375 0.083984375
54 0.770263671875 0.06591796875 0.05029296875 0.08642578125
5 0.1435546875 0.084228515625 0.05224609375 0.09716796875
6 0.378662109375 0.0732421875 0.0556640625 0.09423828125
7 0.615966796875 0.066162109375 0.0546875 0.08837890625
8 0.845947265625 0.067138671875 0.05224609375 0.0849609375
46 0.1708984375 0.580078125 0.0556640625 0.08984375
37 0.249755859375 0.5771484375 0.0556640625 0.0927734375
59 0.392822265625 0.5693359375 0.048828125 0.07763671875
37 0.466552734375 0.56640625 0.0458984375 0.07763671875
48 0.616943359375 0.56396484375 0.04345703125 0.07470703125
53 0.687744140625 0.564208984375 0.05224609375 0.083984375
65 0.763916015625 0.562255859375 0.05126953125 0.0830078125
55 0.841552734375 0.5615234375 0.05322265625 0.08837890625