59 0.03271484375 0.06103515625 0.056640625 0.083984375
56 0.11572265625 0.06103515625 0.0576171875 0.0888671875
37 0.19677734375 0.0595703125 0.05517578125 0.09423828125
39 0.28076171875 0.056640625 0.056640625 0.0888671875
43 0.3623046875 0.05517578125 0.05517578125 0.08740234375
53 0.09423828125 0.3251953125 0.0595703125 0.08984375
42 0.27099609375 0.328125 0.0595703125 0.09423828125
44 0.35400390625 0.3271484375 0.05859375 0.08984375
53 0.5283203125 0.3310546875 0.06103515625 0.0888671875
46 0.61669921875 0.3291015625 0.05322265625 0.08642578125
55 0.79345703125 0.33203125 0.0595703125 0.0888671875
56 0.8779296875 0.3349609375 0.0595703125 0.08984375
57 0.9609375 0.333984375 0.05322265625 0.09423828125
54 0.1767578125 0.46923828125 0.06201171875 0.091796875
45 0.07763671875 0.7490234375 0.0595703125 0.09521484375
46 0.2578125 0.75341796875 0.06396484375 0.10205078125
47 0.43994140625 0.75341796875 0.0576171875 0.10205078125
48 0.62060546875 0.75244140625 0.05859375 0.0908203125
49 0.80078125 0.75732421875 0.0517578125 0.09619140625
58 0.16357421875 0.89794921875 0.0595703125 0.09326171875
59 0.3466796875 0.90283203125 0.06201171875 0.09619140625
60 0.52490234375 0.90576171875 0.06298828125 0.09326171875
61 0.70703125 0.904296875 0.06103515625 0.099609375
62 0.8828125 0.89892578125 0.06103515625 0.09765625