60 0.059326171875 0.04443359375 0.02783203125 0.04443359375
60 0.096923828125 0.045166015625 0.02783203125 0.04443359375
43 0.020751953125 0.044189453125 0.02783203125 0.04443359375
43 0.133544921875 0.0439453125 0.02783203125 0.04443359375
58 0.170166015625 0.04443359375 0.02783203125 0.04443359375
59 0.205810546875 0.044677734375 0.02783203125 0.04443359375
53 0.28173828125 0.04296875 0.02783203125 0.04443359375
55 0.321044921875 0.045654296875 0.02783203125 0.04443359375
59 0.395751953125 0.0478515625 0.02783203125 0.04443359375
56 0.433349609375 0.047607421875 0.02783203125 0.04443359375
37 0.470947265625 0.04833984375 0.02783203125 0.04443359375
39 0.510986328125 0.047119140625 0.02783203125 0.04443359375
43 0.545166015625 0.047607421875 0.02783203125 0.04443359375
39 0.01806640625 0.164306640625 0.02783203125 0.04443359375
41 0.05419921875 0.1640625 0.02783203125 0.04443359375
43 0.08984375 0.164306640625 0.02783203125 0.04443359375
45 0.1298828125 0.163818359375 0.02783203125 0.04443359375
46 0.16650390625 0.16455078125 0.02783203125 0.04443359375
47 0.2041015625 0.164306640625 0.02783203125 0.04443359375
48 0.244140625 0.1650390625 0.02783203125 0.04443359375
49 0.2822265625 0.1650390625 0.02783203125 0.04443359375
50 0.32080078125 0.165771484375 0.02783203125 0.04443359375
51 0.35595703125 0.16796875 0.02783203125 0.04443359375
52 0.39404296875 0.16748046875 0.02783203125 0.04443359375
53 0.4326171875 0.167724609375 0.02783203125 0.04443359375
42 0.50634765625 0.1689453125 0.02783203125 0.04443359375
44 0.5458984375 0.168701171875 0.02783203125 0.04443359375
53 0.6201171875 0.1708984375 0.02783203125 0.04443359375
46 0.65673828125 0.170654296875 0.02783203125 0.04443359375
55 0.733154296875 0.174560546875 0.02783203125 0.04443359375
56 0.771240234375 0.176025390625 0.02783203125 0.04443359375
57 0.809814453125 0.1748046875 0.02783203125 0.04443359375
58 0.846435546875 0.175537109375 0.02783203125 0.04443359375
59 0.884033203125 0.176025390625 0.02783203125 0.04443359375
60 0.920654296875 0.1767578125 0.02783203125 0.04443359375
61 0.959716796875 0.177001953125 0.02783203125 0.04443359375
64 0.0166015625 0.223388671875 0.02783203125 0.04443359375
65 0.05078125 0.22412109375 0.02783203125 0.04443359375
66 0.08837890625 0.2265625 0.02783203125 0.04443359375
39 0.16748046875 0.2255859375 0.02783203125 0.04443359375
39 0.2060546875 0.225341796875 0.02783203125 0.04443359375
39 0.244140625 0.22705078125 0.02783203125 0.04443359375
54 0.3173828125 0.227294921875 0.02783203125 0.04443359375
54 0.3916015625 0.2294921875 0.02783203125 0.04443359375
54 0.469970703125 0.2314453125 0.02783203125 0.04443359375
60 0.048828125 0.283203125 0.02783203125 0.04443359375
47 0.0869140625 0.28369140625 0.02783203125 0.04443359375
59 0.162109375 0.2861328125 0.02783203125 0.04443359375
56 0.201171875 0.284423828125 0.02783203125 0.04443359375
37 0.23779296875 0.284912109375 0.02783203125 0.04443359375
39 0.27685546875 0.28466796875 0.02783203125 0.04443359375
43 0.3154296875 0.286376953125 0.02783203125 0.04443359375
37 0.045654296875 0.341796875 0.02783203125 0.04443359375
38 0.122314453125 0.343017578125 0.02783203125 0.04443359375
39 0.199951171875 0.344482421875 0.02783203125 0.04443359375
41 0.276611328125 0.34423828125 0.02783203125 0.04443359375
43 0.352294921875 0.345947265625 0.02783203125 0.04443359375
45 0.428466796875 0.347412109375 0.02783203125 0.04443359375
46 0.505126953125 0.349609375 0.02783203125 0.04443359375
47 0.581787109375 0.35107421875 0.02783203125 0.04443359375
48 0.655029296875 0.351318359375 0.02783203125 0.04443359375
49 0.729736328125 0.3544921875 0.02783203125 0.04443359375
50 0.8037109375 0.35595703125 0.02783203125 0.04443359375
51 0.878173828125 0.356201171875 0.02783203125 0.04443359375
52 0.958740234375 0.357666015625 0.02783203125 0.04443359375
53 0.046142578125 0.40283203125 0.02783203125 0.04443359375
53 0.120849609375 0.403076171875 0.02783203125 0.04443359375
46 0.160888671875 0.4052734375 0.02783203125 0.04443359375
55 0.236328125 0.408447265625 0.02783203125 0.04443359375
56 0.311767578125 0.406494140625 0.02783203125 0.04443359375
57 0.38818359375 0.40869140625 0.02783203125 0.04443359375
58 0.4638671875 0.4091796875 0.02783203125 0.04443359375
59 0.5390625 0.411376953125 0.02783203125 0.04443359375
60 0.6142578125 0.4130859375 0.02783203125 0.04443359375
61 0.69091796875 0.4140625 0.02783203125 0.04443359375
62 0.767578125 0.415771484375 0.02783203125 0.04443359375
63 0.84423828125 0.417236328125 0.02783203125 0.04443359375
53 0.077880859375 0.52490234375 0.02783203125 0.04443359375
61 0.116943359375 0.525634765625 0.02783203125 0.04443359375
52 0.15576171875 0.5244140625 0.02783203125 0.04443359375
38 0.192138671875 0.52685546875 0.02783203125 0.04443359375
43 0.231201171875 0.526611328125 0.02783203125 0.04443359375
58 0.271240234375 0.52734375 0.02783203125 0.04443359375
59 0.309814453125 0.527099609375 0.02783203125 0.04443359375
54 0.03857421875 0.649169921875 0.02783203125 0.04443359375
54 0.033935546875 0.766845703125 0.02783203125 0.04443359375
54 0.154296875 0.64990234375 0.02783203125 0.04443359375
54 0.150634765625 0.76806640625 0.02783203125 0.04443359375
54 0.232666015625 0.651123046875 0.02783203125 0.04443359375
54 0.266845703125 0.77001953125 0.02783203125 0.04443359375
54 0.344970703125 0.652099609375 0.02783203125 0.04443359375
54 0.381591796875 0.7705078125 0.02783203125 0.04443359375
54 0.460693359375 0.65087890625 0.02783203125 0.04443359375
54 0.494873046875 0.7724609375 0.02783203125 0.04443359375
54 0.573974609375 0.6552734375 0.02783203125 0.04443359375
54 0.6123046875 0.776123046875 0.02783203125 0.04443359375
54 0.688232421875 0.65380859375 0.02783203125 0.04443359375
54 0.725341796875 0.778076171875 0.02783203125 0.04443359375
54 0.802978515625 0.65673828125 0.02783203125 0.04443359375
54 0.919677734375 0.6611328125 0.02783203125 0.04443359375
54 0.841064453125 0.781005859375 0.02783203125 0.04443359375
1 0.076171875 0.64990234375 0.02783203125 0.04443359375
2 0.189208984375 0.65087890625 0.02783203125 0.04443359375
3 0.268310546875 0.6513671875 0.02783203125 0.04443359375
4 0.381591796875 0.65087890625 0.02783203125 0.04443359375
5 0.498046875 0.6494140625 0.02783203125 0.04443359375
6 0.611083984375 0.6533203125 0.02783203125 0.04443359375
7 0.725830078125 0.654541015625 0.02783203125 0.04443359375
8 0.841064453125 0.657470703125 0.02783203125 0.04443359375
9 0.956787109375 0.659912109375 0.02783203125 0.04443359375
9 0.880615234375 0.77978515625 0.02783203125 0.04443359375
8 0.76220703125 0.775146484375 0.02783203125 0.04443359375
7 0.648681640625 0.773193359375 0.02783203125 0.04443359375
6 0.5341796875 0.774658203125 0.02783203125 0.04443359375
5 0.419189453125 0.771728515625 0.02783203125 0.04443359375
2 0.303466796875 0.7705078125 0.02783203125 0.04443359375
4 0.188232421875 0.76904296875 0.02783203125 0.04443359375
3 0.073486328125 0.7666015625 0.02783203125 0.04443359375