54 0.06396484375 0.3642578125 0.07763671875 0.12060546875
6 0.16259765625 0.36279296875 0.07763671875 0.12060546875
54 0.373046875 0.357421875 0.07763671875 0.12060546875
7 0.46923828125 0.35595703125 0.07763671875 0.12060546875
54 0.6611328125 0.353515625 0.07763671875 0.12060546875
8 0.75732421875 0.35205078125 0.07763671875 0.12060546875
54 0.93701171875 0.35107421875 0.07763671875 0.12060546875
54 0.74462890625 0.63916015625 0.07861328125 0.10888671875
9 0.833984375 0.63671875 0.07861328125 0.10888671875
54 0.4736328125 0.65283203125 0.07861328125 0.10888671875
8 0.5703125 0.6435546875 0.072265625 0.10888671875
54 0.1904296875 0.66845703125 0.072265625 0.10888671875
7 0.28759765625 0.66357421875 0.072265625 0.10888671875