54 0.141357421875 0.137451171875 0.0390625 0.06396484375
54 0.315185546875 0.137451171875 0.0380859375 0.06396484375
54 0.490966796875 0.14013671875 0.0400390625 0.07177734375
54 0.667724609375 0.1396484375 0.04345703125 0.07568359375
54 0.853271484375 0.14599609375 0.0390625 0.0732421875
4 0.198974609375 0.137451171875 0.0390625 0.0673828125
2 0.372802734375 0.135009765625 0.04248046875 0.06787109375
5 0.549560546875 0.140869140625 0.04248046875 0.07373046875
6 0.729248046875 0.141845703125 0.04345703125 0.07373046875
7 0.910400390625 0.1494140625 0.0458984375 0.07470703125
53 0.03857421875 0.505615234375 0.0380859375 0.06640625
41 0.0908203125 0.50341796875 0.0400390625 0.06298828125
37 0.14501953125 0.504638671875 0.0400390625 0.06298828125
53 0.20361328125 0.507568359375 0.0390625 0.0673828125
46 0.26025390625 0.505859375 0.0390625 0.06396484375
61 0.37353515625 0.513916015625 0.0390625 0.0673828125
52 0.42919921875 0.51318359375 0.037109375 0.0654296875
37 0.48681640625 0.515625 0.04345703125 0.06591796875
46 0.5439453125 0.520263671875 0.0400390625 0.07177734375
37 0.60302734375 0.51953125 0.0400390625 0.07177734375
59 0.71435546875 0.523681640625 0.037109375 0.0654296875
37 0.7705078125 0.521484375 0.03564453125 0.06298828125
59 0.0390625 0.590087890625 0.0380859375 0.06640625
60 0.09521484375 0.59765625 0.04150390625 0.0673828125
37 0.1494140625 0.595947265625 0.04150390625 0.06103515625
50 0.26123046875 0.599609375 0.04248046875 0.0634765625
37 0.3193359375 0.599609375 0.0390625 0.06396484375
65 0.3720703125 0.603271484375 0.0380859375 0.06640625
55 0.42822265625 0.60595703125 0.04150390625 0.07080078125
48 0.890869140625 0.531005859375 0.04541015625 0.07177734375
53 0.947265625 0.529541015625 0.04541015625 0.07177734375