54 0.24567333333333333 0.12538333333333332 0.04788666666666667 0.07171666666666666
54 0.24400666666666665 0.21704666666666667 0.04788666666666667 0.07171666666666666
0 0.2964733333333333 0.21621333333333334 0.04788666666666667 0.07171666666666666
1 0.30147 0.12621666666666667 0.04788666666666667 0.07171666666666666
54 0.40848333333333336 0.12246666666666665 0.05205 0.07255
3 0.4676133333333333 0.12329999999999999 0.05205 0.07255
54 0.5792066666666666 0.12246666666666665 0.05205 0.07255
4 0.6466633333333334 0.11913333333333333 0.05205 0.07255
54 0.7632533333333335 0.12163333333333333 0.05205 0.07255
2 0.8290433333333334 0.11996666666666667 0.05205 0.07255
54 0.9539633333333333 0.12079999999999999 0.05205 0.07255
61 0.8015599999999999 0.5074566666666667 0.05205 0.07255
52 0.86402 0.5082899999999999 0.05205 0.07255
37 0.9281466666666667 0.5103733333333333 0.04872 0.06671666666666667
65 0.7965666666666666 0.60037 0.04872 0.07171666666666666
37 0.7391033333333333 0.5995366666666666 0.04872 0.07171666666666666
50 0.6808066666666667 0.59787 0.04872 0.07171666666666666
46 0.68497 0.50454 0.04872 0.07171666666666666
53 0.62501 0.5003733333333333 0.04872 0.07171666666666666
37 0.56588 0.59037 0.04872 0.07171666666666666
60 0.508 0.5862033333333333 0.04455666666666666 0.06838333333333334
37 0.5742066666666666 0.49954 0.04872 0.07171666666666666
59 0.45386666666666664 0.5845366666666666 0.04455666666666666 0.06838333333333334
41 0.5129966666666667 0.4953733333333333 0.04455666666666666 0.06838333333333334
53 0.4547 0.49037333333333327 0.04455666666666666 0.06838333333333334
37 0.4030666666666667 0.4928733333333333 0.04455666666666666 0.06838333333333334
46 0.34726999999999997 0.48954 0.04455666666666666 0.06838333333333334
37 0.29230666666666666 0.4853733333333333 0.04455666666666666 0.06838333333333334
52 0.24150666666666665 0.4837066666666666 0.04455666666666666 0.06838333333333334
50 0.23234666666666665 0.5737033333333333 0.04455666666666666 0.06838333333333334
61 0.28564666666666666 0.5762033333333333 0.04455666666666666 0.06838333333333334
52 0.34310999999999997 0.5787033333333333 0.04455666666666666 0.06838333333333334
61 0.3955766666666667 0.58287 0.04455666666666666 0.06838333333333334
54 0.85736 0.6037033333333333 0.04872 0.07171666666666666