58 0.0419921875 0.1376953125 0.03515625 0.05908203125
53 0.18212890625 0.135986328125 0.03515625 0.05908203125
59 0.08740234375 0.135009765625 0.03515625 0.05908203125
55 0.23291015625 0.134033203125 0.03515625 0.0556640625
59 0.3330078125 0.1328125 0.03515625 0.0556640625
56 0.379638671875 0.130615234375 0.03515625 0.0556640625
37 0.4296875 0.132568359375 0.03515625 0.0556640625
39 0.479736328125 0.12939453125 0.03515625 0.0556640625
43 0.529541015625 0.129150390625 0.03515625 0.0556640625
46 0.047119140625 0.301025390625 0.03515625 0.05908203125
47 0.094482421875 0.300537109375 0.03515625 0.05908203125
48 0.143798828125 0.298828125 0.03515625 0.05908203125
49 0.192138671875 0.299560546875 0.03515625 0.05908203125
50 0.237060546875 0.300537109375 0.03515625 0.05908203125
51 0.286865234375 0.2998046875 0.03515625 0.05908203125
52 0.336669921875 0.29931640625 0.03515625 0.05908203125
53 0.382568359375 0.300048828125 0.03515625 0.05908203125
42 0.481689453125 0.2998046875 0.03515625 0.05908203125
44 0.530029296875 0.299560546875 0.03515625 0.05908203125
53 0.626953125 0.30029296875 0.03515625 0.05908203125
46 0.6787109375 0.300048828125 0.03515625 0.05908203125
55 0.777099609375 0.297607421875 0.03515625 0.05908203125
56 0.825439453125 0.298095703125 0.03515625 0.05908203125
57 0.876220703125 0.2978515625 0.03515625 0.05908203125
58 0.924560546875 0.29833984375 0.03515625 0.05908203125
59 0.975830078125 0.296142578125 0.03515625 0.05908203125
40 0.054931640625 0.375732421875 0.03515625 0.05908203125
40 0.101806640625 0.375 0.03515625 0.05908203125
40 0.149169921875 0.379150390625 0.03515625 0.05908203125
54 0.244873046875 0.37841796875 0.03515625 0.05908203125
54 0.338134765625 0.378173828125 0.03515625 0.05908203125
54 0.434814453125 0.380615234375 0.03515625 0.05908203125
59 0.056640625 0.453857421875 0.03271484375 0.0517578125
56 0.1025390625 0.4521484375 0.03271484375 0.0517578125
37 0.14892578125 0.452880859375 0.03271484375 0.0517578125
39 0.19921875 0.45263671875 0.03271484375 0.0517578125
43 0.24560546875 0.4521484375 0.03271484375 0.0517578125
38 0.0166015625 0.527587890625 0.03271484375 0.0517578125
39 0.10791015625 0.527587890625 0.03271484375 0.0517578125
41 0.2041015625 0.52880859375 0.03271484375 0.0517578125
43 0.29833984375 0.528076171875 0.03271484375 0.0517578125
45 0.3896484375 0.527099609375 0.03271484375 0.0517578125
46 0.48388671875 0.527099609375 0.03271484375 0.0517578125
47 0.57568359375 0.527099609375 0.03271484375 0.0517578125
48 0.67041015625 0.52685546875 0.03271484375 0.0517578125
49 0.7666015625 0.530517578125 0.03271484375 0.0517578125
50 0.86328125 0.531005859375 0.03271484375 0.0517578125
51 0.95751953125 0.533203125 0.03271484375 0.0517578125
53 0.022705078125 0.601806640625 0.03271484375 0.0517578125
46 0.070068359375 0.600341796875 0.03271484375 0.0517578125
55 0.160888671875 0.6015625 0.03271484375 0.0517578125
56 0.251708984375 0.6005859375 0.03271484375 0.0517578125
57 0.346923828125 0.601806640625 0.03271484375 0.0517578125
58 0.439208984375 0.60009765625 0.03271484375 0.0517578125
59 0.529541015625 0.598388671875 0.03271484375 0.0517578125
60 0.620849609375 0.6044921875 0.03271484375 0.0517578125
61 0.716064453125 0.60302734375 0.03271484375 0.0517578125
62 0.8095703125 0.608154296875 0.03271484375 0.0517578125
63 0.90869140625 0.607177734375 0.03271484375 0.0517578125
61 0.034912109375 0.7373046875 0.03271484375 0.0517578125
52 0.078369140625 0.73779296875 0.03271484375 0.0517578125
38 0.123291015625 0.73779296875 0.03271484375 0.0517578125
43 0.169189453125 0.7392578125 0.03271484375 0.0517578125
58 0.215087890625 0.73876953125 0.03271484375 0.0517578125
59 0.260986328125 0.739013671875 0.03271484375 0.0517578125
54 0.0947265625 0.871826171875 0.03271484375 0.0517578125
54 0.1806640625 0.872314453125 0.03271484375 0.0517578125
54 0.310791015625 0.874267578125 0.03271484375 0.0517578125
54 0.44580078125 0.873291015625 0.03271484375 0.0517578125
54 0.576904296875 0.878662109375 0.03271484375 0.0517578125
54 0.710205078125 0.8779296875 0.03271484375 0.0517578125
54 0.843994140625 0.8837890625 0.03271484375 0.0517578125
54 0.9833984375 0.886962890625 0.03271484375 0.0517578125
2 0.1357421875 0.874267578125 0.03271484375 0.0517578125
3 0.2255859375 0.874267578125 0.03271484375 0.0517578125
4 0.35400390625 0.872802734375 0.03271484375 0.0517578125
5 0.488525390625 0.874755859375 0.03271484375 0.0517578125
6 0.619384765625 0.879150390625 0.03271484375 0.0517578125
7 0.756103515625 0.88232421875 0.03271484375 0.0517578125
8 0.891845703125 0.885498046875 0.03271484375 0.0517578125