54 0.046110000000000005 0.06833333333333333 0.04555666666666666 0.07
54 0.22944333333333336 0.065 0.04555666666666666 0.07
54 0.415 0.06722333333333333 0.04555666666666666 0.07
54 0.6005566666666667 0.06611333333333333 0.04555666666666666 0.07
54 0.7805566666666667 0.06611333333333333 0.04555666666666666 0.07
54 0.9705566666666667 0.05722333333333333 0.04555666666666666 0.07
6 0.8427800000000001 0.061669999999999996 0.04555666666666666 0.07
3 0.10944333333333332 0.06722333333333333 0.04555666666666666 0.07
4 0.2916666666666667 0.06833333333333333 0.04555666666666666 0.07
2 0.47722333333333333 0.065 0.04555666666666666 0.07
5 0.6572233333333334 0.06611 0.04555666666666666 0.07
37 0.046110000000000005 0.4544433333333333 0.03666666666666667 0.06444333333333334
53 0.10722000000000001 0.45555333333333337 0.03666666666666667 0.06444333333333334
41 0.16944333333333333 0.4544433333333333 0.03666666666666667 0.06444333333333334
37 0.22833333333333333 0.4544433333333333 0.03666666666666667 0.06444333333333334
53 0.29389 0.45555333333333337 0.03666666666666667 0.06444333333333334
46 0.35389000000000004 0.45333 0.03666666666666667 0.06444333333333334
61 0.47722333333333333 0.4577733333333333 0.03666666666666667 0.06444333333333334
52 0.5372233333333334 0.45333 0.03666666666666667 0.06444333333333334
37 0.59389 0.45222 0.03666666666666667 0.06444333333333334
46 0.6616666666666666 0.4544433333333333 0.03666666666666667 0.06444333333333334
37 0.7216666666666667 0.4533333333333333 0.03666666666666667 0.06444333333333334
59 0.8472233333333333 0.4544433333333333 0.03666666666666667 0.06444333333333334
37 0.9072233333333334 0.4533333333333333 0.03666666666666667 0.06444333333333334
61 0.04361 0.5586099999999999 0.03666666666666667 0.06444333333333334
59 0.10694333333333333 0.55611 0.03666666666666667 0.06444333333333334
60 0.17027666666666666 0.5577766666666666 0.03666666666666667 0.06444333333333334
37 0.22944333333333336 0.5594433333333333 0.03666666666666667 0.06444333333333334
50 0.3527766666666666 0.55611 0.03666666666666667 0.06444333333333334
37 0.41194333333333333 0.55611 0.03666666666666667 0.06444333333333334
65 0.47735999999999995 0.5540266666666667 0.04083333333333333 0.06694333333333334
55 0.53736 0.55486 0.04083333333333333 0.06694333333333334