53 0.1064453125 0.104248046875 0.05126953125 0.08447265625
55 0.177734375 0.099853515625 0.05224609375 0.0791015625
59 0.318359375 0.101318359375 0.046875 0.07470703125
56 0.38818359375 0.101318359375 0.0458984375 0.07666015625
37 0.4560546875 0.10302734375 0.046875 0.07470703125
39 0.52685546875 0.103759765625 0.0478515625 0.072265625
43 0.591796875 0.10546875 0.048828125 0.078125
48 0.05224609375 0.329345703125 0.04443359375 0.0732421875
49 0.11962890625 0.3271484375 0.0458984375 0.07470703125
50 0.1875 0.32763671875 0.04345703125 0.07275390625
51 0.25634765625 0.32763671875 0.0478515625 0.072265625
52 0.32275390625 0.328857421875 0.04296875 0.07080078125
53 0.388671875 0.328857421875 0.04052734375 0.0703125
42 0.5166015625 0.327880859375 0.04638671875 0.06884765625
44 0.58349609375 0.33154296875 0.0419921875 0.06982421875
53 0.7099609375 0.330078125 0.04443359375 0.07568359375
46 0.7744140625 0.33203125 0.03955078125 0.0703125
55 0.89892578125 0.334716796875 0.0439453125 0.06689453125
56 0.96240234375 0.33349609375 0.04833984375 0.06787109375
54 0.196044921875 0.432861328125 0.0419921875 0.07080078125
54 0.326416015625 0.43310546875 0.04248046875 0.07177734375
54 0.45556640625 0.4345703125 0.04052734375 0.0625
37 0.06640625 0.529541015625 0.04541015625 0.06787109375
39 0.13232421875 0.529541015625 0.0439453125 0.06787109375
43 0.1982421875 0.530517578125 0.04541015625 0.0712890625
41 0.139892578125 0.625732421875 0.04736328125 0.06689453125
43 0.263427734375 0.624755859375 0.0458984375 0.0732421875
45 0.389404296875 0.617431640625 0.0439453125 0.0625
46 0.509521484375 0.618896484375 0.03955078125 0.0634765625
47 0.630615234375 0.61865234375 0.03955078125 0.06689453125
48 0.752197265625 0.62158203125 0.04541015625 0.06884765625
49 0.869873046875 0.62353515625 0.04345703125 0.07177734375
55 0.08837890625 0.713623046875 0.04541015625 0.06103515625
56 0.210205078125 0.71142578125 0.04833984375 0.0634765625
57 0.329345703125 0.70947265625 0.0439453125 0.0634765625
58 0.447998046875 0.707763671875 0.0419921875 0.06201171875
59 0.567138671875 0.709228515625 0.0439453125 0.05810546875
60 0.684326171875 0.709716796875 0.04541015625 0.0625
61 0.799560546875 0.709228515625 0.04052734375 0.05908203125
62 0.914306640625 0.70849609375 0.04052734375 0.05810546875
38 0.046142578125 0.874755859375 0.03759765625 0.05224609375
43 0.105224609375 0.874755859375 0.03955078125 0.05810546875
58 0.161865234375 0.873046875 0.0419921875 0.05615234375
59 0.220458984375 0.872314453125 0.03515625 0.0546875