54 0.154052734375 0.05419921875 0.05517578125 0.07275390625
54 0.1484375 0.162841796875 0.05517578125 0.07275390625
54 0.360595703125 0.050537109375 0.05517578125 0.07275390625
54 0.572509765625 0.049560546875 0.05517578125 0.07275390625
54 0.78564453125 0.046875 0.05517578125 0.07275390625
1 0.223876953125 0.0517578125 0.05517578125 0.07275390625
3 0.43408203125 0.0458984375 0.05517578125 0.07275390625
4 0.6455078125 0.046875 0.05517578125 0.07275390625
2 0.857666015625 0.0478515625 0.05517578125 0.07275390625
0 0.219970703125 0.160400390625 0.05517578125 0.07275390625
52 0.134765625 0.497314453125 0.05517578125 0.0810546875
37 0.207763671875 0.49462890625 0.05517578125 0.0810546875
46 0.279541015625 0.492431640625 0.05517578125 0.0810546875
37 0.352783203125 0.491455078125 0.05517578125 0.0810546875
53 0.429443359375 0.493896484375 0.05517578125 0.0810546875
41 0.506103515625 0.4931640625 0.05517578125 0.0810546875
37 0.580810546875 0.4921875 0.05517578125 0.0810546875
53 0.652587890625 0.4912109375 0.05517578125 0.0810546875
46 0.732666015625 0.491943359375 0.05517578125 0.0810546875
61 0.88623046875 0.4951171875 0.05517578125 0.0810546875
52 0.959228515625 0.4892578125 0.05517578125 0.0810546875
50 0.132080078125 0.61376953125 0.05517578125 0.0810546875
61 0.212158203125 0.6162109375 0.05517578125 0.0810546875
52 0.280517578125 0.615478515625 0.05517578125 0.0810546875
61 0.353759765625 0.616455078125 0.05517578125 0.0810546875
59 0.430419921875 0.615478515625 0.05517578125 0.0810546875
60 0.509033203125 0.6181640625 0.05517578125 0.0810546875
37 0.580810546875 0.617431640625 0.05517578125 0.0810546875
50 0.734130859375 0.618408203125 0.05517578125 0.0810546875
37 0.810791015625 0.615966796875 0.05517578125 0.0810546875
65 0.890380859375 0.614990234375 0.05517578125 0.0810546875
55 0.965576171875 0.6142578125 0.05517578125 0.0810546875