45 0.0556640625 0.12109375 0.03466796875 0.06005859375
46 0.103515625 0.123291015625 0.03466796875 0.05712890625
47 0.15087890625 0.122314453125 0.03564453125 0.05908203125
48 0.20166015625 0.12060546875 0.0322265625 0.05908203125
49 0.24853515625 0.12158203125 0.033203125 0.0615234375
50 0.30029296875 0.11669921875 0.03466796875 0.06005859375
51 0.35107421875 0.118408203125 0.0380859375 0.0625
52 0.3994140625 0.115478515625 0.041015625 0.05908203125
53 0.44873046875 0.1162109375 0.03564453125 0.05908203125
42 0.54931640625 0.115966796875 0.041015625 0.05908203125
44 0.601318359375 0.115966796875 0.0400390625 0.0625
53 0.705322265625 0.11328125 0.0380859375 0.06005859375
46 0.756591796875 0.1142578125 0.033203125 0.064453125
55 0.862548828125 0.11279296875 0.0390625 0.06689453125
56 0.916748046875 0.11328125 0.04248046875 0.05908203125
57 0.968505859375 0.112060546875 0.03662109375 0.0615234375
40 0.10546875 0.203125 0.03564453125 0.05126953125
40 0.15478515625 0.205322265625 0.03466796875 0.0546875
40 0.2041015625 0.204345703125 0.03466796875 0.05224609375
54 0.2998046875 0.20166015625 0.0380859375 0.05712890625
54 0.3984375 0.199951171875 0.03662109375 0.05712890625
54 0.49755859375 0.2001953125 0.03564453125 0.0556640625
59 0.10791015625 0.2802734375 0.0380859375 0.0546875
56 0.154296875 0.280517578125 0.0390625 0.05810546875
37 0.200927734375 0.279541015625 0.0390625 0.06005859375
39 0.249267578125 0.27880859375 0.0400390625 0.05810546875
43 0.298095703125 0.279296875 0.03564453125 0.05908203125
38 0.064697265625 0.362548828125 0.041015625 0.0625
39 0.156982421875 0.3623046875 0.0390625 0.0615234375
41 0.252685546875 0.36328125 0.03662109375 0.06005859375
43 0.348388671875 0.363525390625 0.0400390625 0.05712890625
45 0.447021484375 0.36181640625 0.03466796875 0.0546875
46 0.545654296875 0.366943359375 0.0390625 0.06591796875
47 0.649658203125 0.367919921875 0.03564453125 0.06591796875
48 0.751220703125 0.36767578125 0.041015625 0.0693359375
49 0.855712890625 0.368408203125 0.0390625 0.064453125
50 0.961181640625 0.366455078125 0.04345703125 0.0615234375
53 0.066162109375 0.441162109375 0.03466796875 0.05810546875
46 0.114013671875 0.441162109375 0.03466796875 0.0556640625
55 0.206787109375 0.441162109375 0.04248046875 0.05908203125
56 0.304443359375 0.4443359375 0.03564453125 0.05810546875
57 0.396728515625 0.445556640625 0.03564453125 0.05908203125
58 0.494873046875 0.44580078125 0.03662109375 0.05810546875
59 0.594482421875 0.448486328125 0.03564453125 0.064453125
60 0.695556640625 0.4482421875 0.0380859375 0.05712890625
61 0.800048828125 0.4482421875 0.0380859375 0.05908203125
62 0.903076171875 0.447998046875 0.0400390625 0.06689453125
53 0.03173828125 0.585205078125 0.03662109375 0.05810546875
61 0.072998046875 0.58935546875 0.03564453125 0.06005859375
52 0.118896484375 0.590087890625 0.033203125 0.0556640625
38 0.164306640625 0.58935546875 0.033203125 0.0546875
43 0.212158203125 0.5947265625 0.033203125 0.0615234375
58 0.257080078125 0.593505859375 0.03466796875 0.06005859375
59 0.304931640625 0.595703125 0.0322265625 0.06005859375
54 0.123291015625 0.73681640625 0.02880859375 0.0556640625
54 0.215576171875 0.73974609375 0.03564453125 0.0556640625
54 0.3525390625 0.7451171875 0.0390625 0.0556640625
54 0.49267578125 0.75048828125 0.033203125 0.05712890625
54 0.638671875 0.7578125 0.0380859375 0.05810546875
54 0.787109375 0.760498046875 0.0380859375 0.0556640625
54 0.936767578125 0.765625 0.0390625 0.06005859375
54 0.124267578125 0.8818359375 0.033203125 0.05029296875
54 0.259033203125 0.888427734375 0.0322265625 0.0546875
54 0.399658203125 0.893310546875 0.03125 0.05712890625
54 0.53955078125 0.899169921875 0.0380859375 0.0546875
54 0.684326171875 0.9033203125 0.0302734375 0.0537109375
54 0.830810546875 0.91015625 0.03466796875 0.04931640625
2 0.168212890625 0.739990234375 0.03466796875 0.06005859375
3 0.262451171875 0.741455078125 0.03662109375 0.05810546875
4 0.3994140625 0.746826171875 0.033203125 0.0546875
5 0.5400390625 0.750732421875 0.03466796875 0.05810546875
6 0.68603515625 0.7587890625 0.03564453125 0.06005859375
7 0.836181640625 0.763916015625 0.03564453125 0.0556640625
4 0.170654296875 0.884033203125 0.03564453125 0.05029296875
2 0.306884765625 0.889404296875 0.0322265625 0.05712890625
5 0.447021484375 0.895263671875 0.03466796875 0.05908203125
6 0.5869140625 0.900634765625 0.03662109375 0.05810546875
7 0.730224609375 0.905029296875 0.03564453125 0.0556640625
8 0.875732421875 0.909912109375 0.0380859375 0.0556640625