53 0.07363666666666667 0.2961 0.06125 0.08508
53 0.22766666666666666 0.2933966666666667 0.06125 0.08508
46 0.30423 0.28979 0.06125 0.08508
55 0.45375333333333334 0.28979 0.06125 0.08508
56 0.5303166666666667 0.28618333333333335 0.06125 0.08508
57 0.6023766666666667 0.28438 0.06125 0.08508
58 0.6726366666666667 0.28348 0.06125 0.08508
59 0.7419933333333334 0.28438 0.06125 0.08508
60 0.8131533333333334 0.2825766666666667 0.06125 0.08508
61 0.8780066666666667 0.2830266666666667 0.057646666666666666 0.08417999999999999
46 0.03941 0.6404 0.06125 0.08508
47 0.18082666666666666 0.63409 0.06125 0.08508
48 0.3231466666666667 0.6286833333333334 0.06125 0.08508
49 0.4636633333333333 0.6219233333333333 0.05404333333333333 0.08417999999999999
59 0.12408000000000001 0.7399933333333334 0.05404333333333333 0.08417999999999999
60 0.26009333333333334 0.7363866666666666 0.05404333333333333 0.08417999999999999
61 0.3943066666666667 0.7273733333333333 0.05404333333333333 0.08417999999999999
62 0.52852 0.7210633333333334 0.05404333333333333 0.08417999999999999
50 0.5978766666666667 0.61561 0.05404333333333333 0.08417999999999999
51 0.7275866666666667 0.6102033333333333 0.05404333333333333 0.08417999999999999
63 0.6618333333333334 0.7156566666666666 0.05404333333333333 0.08417999999999999
52 0.8608999999999999 0.6093033333333333 0.05404333333333333 0.08417999999999999