54 0.0166015625 0.338623046875 0.033203125 0.06005859375
54 0.18017578125 0.332275390625 0.0341796875 0.0537109375
54 0.34521484375 0.326904296875 0.03515625 0.06005859375
54 0.507568359375 0.321044921875 0.03759765625 0.0556640625
54 0.669189453125 0.31298828125 0.03857421875 0.05224609375
54 0.8349609375 0.30810546875 0.03759765625 0.05908203125
54 0.0771484375 0.5068359375 0.03271484375 0.0634765625
54 0.24072265625 0.503662109375 0.03515625 0.05810546875
54 0.40576171875 0.494873046875 0.03857421875 0.0556640625
54 0.568115234375 0.489013671875 0.03955078125 0.0556640625
54 0.732666015625 0.480224609375 0.03759765625 0.0625
4 0.06591796875 0.337646484375 0.0361328125 0.06005859375
5 0.232421875 0.330322265625 0.0341796875 0.0537109375
6 0.39697265625 0.326904296875 0.0361328125 0.05908203125
7 0.560791015625 0.31884765625 0.03759765625 0.06005859375
8 0.722900390625 0.3115234375 0.03515625 0.0537109375
9 0.88916015625 0.30322265625 0.03076171875 0.05810546875
5 0.1279296875 0.504150390625 0.03857421875 0.064453125
6 0.2939453125 0.502685546875 0.03515625 0.0625
7 0.457763671875 0.491943359375 0.0361328125 0.05810546875
8 0.624755859375 0.486572265625 0.03515625 0.0625
9 0.785888671875 0.478515625 0.03271484375 0.064453125
59 0.307861328125 0.85009765625 0.03759765625 0.06005859375
37 0.362060546875 0.849609375 0.03759765625 0.0615234375
48 0.472900390625 0.8466796875 0.0361328125 0.0634765625
53 0.5263671875 0.84228515625 0.03515625 0.0615234375
65 0.58203125 0.84033203125 0.03759765625 0.05908203125
55 0.63720703125 0.83642578125 0.0341796875 0.05810546875