48 0.1240234375 0.0546875 0.046875 0.07568359375
49 0.259033203125 0.047119140625 0.048828125 0.078125
50 0.398193359375 0.04296875 0.06005859375 0.07470703125
51 0.532958984375 0.041015625 0.05419921875 0.0712890625
52 0.659912109375 0.03662109375 0.0498046875 0.0634765625
60 0.06494140625 0.169189453125 0.048828125 0.07666015625
61 0.196533203125 0.15869140625 0.05126953125 0.0810546875
62 0.333251953125 0.1533203125 0.05078125 0.0712890625
63 0.467041015625 0.147705078125 0.0458984375 0.072265625
54 0.03369140625 0.59423828125 0.041015625 0.07470703125
54 0.22802734375 0.587890625 0.05029296875 0.072265625
54 0.42626953125 0.580322265625 0.04638671875 0.0703125
54 0.623291015625 0.57373046875 0.04345703125 0.07177734375
54 0.117919921875 0.793212890625 0.0419921875 0.0673828125
54 0.30859375 0.788330078125 0.0439453125 0.06787109375
54 0.50390625 0.77587890625 0.04541015625 0.064453125
6 0.0908203125 0.593994140625 0.048828125 0.07470703125
7 0.29296875 0.58837890625 0.046875 0.078125
8 0.49072265625 0.580322265625 0.046875 0.0732421875
9 0.690673828125 0.56982421875 0.04248046875 0.07275390625
7 0.179443359375 0.792724609375 0.04736328125 0.0712890625
8 0.369140625 0.785888671875 0.04736328125 0.0703125
9 0.566162109375 0.7734375 0.0419921875 0.06396484375