53 0.06875 0.145 0.04583333333333333 0.07666666666666666
55 0.13875 0.14166666666666666 0.04583333333333333 0.07666666666666666
59 0.28208333333333335 0.14583333333333334 0.04583333333333333 0.07666666666666666
56 0.35625 0.13916666666666666 0.04583333333333333 0.07666666666666666
37 0.42375 0.14083333333333334 0.04583333333333333 0.07666666666666666
39 0.5029166666666667 0.13916666666666666 0.04583333333333333 0.07666666666666666
49 0.07986 0.37722333333333335 0.04583333333333333 0.07666666666666666
43 0.57375 0.13833333333333334 0.04583333333333333 0.07666666666666666
50 0.14763666666666667 0.37944666666666665 0.04583333333333333 0.07666666666666666
51 0.21430333333333332 0.37722333333333335 0.04583333333333333 0.07666666666666666
52 0.28763666666666665 0.37722333333333335 0.04583333333333333 0.07666666666666666
53 0.35874666666666666 0.37833333333333335 0.04583333333333333 0.07666666666666666
42 0.49874666666666667 0.3805566666666667 0.04583333333333333 0.07666666666666666
44 0.5698566666666667 0.38277999999999995 0.04583333333333333 0.07666666666666666
53 0.7109666666666667 0.37944666666666665 0.04583333333333333 0.07666666666666666
46 0.7809666666666667 0.3805566666666667 0.04583333333333333 0.07666666666666666
55 0.9243 0.38722333333333336 0.04583333333333333 0.07666666666666666
54 0.15874333333333335 0.4905566666666667 0.04583333333333333 0.07666666666666666
54 0.29318666666666665 0.49389000000000005 0.04583333333333333 0.07666666666666666
54 0.43207666666666666 0.495 0.04583333333333333 0.07666666666666666
39 0.08874333333333334 0.5894466666666667 0.04583333333333333 0.07666666666666666
43 0.15652 0.5883366666666666 0.04583333333333333 0.07666666666666666
41 0.09763333333333332 0.6961133333333334 0.04583333333333333 0.07666666666666666
43 0.22985666666666668 0.6994466666666667 0.04583333333333333 0.07666666666666666
45 0.3643 0.7005566666666667 0.04583333333333333 0.07666666666666666
46 0.4965233333333333 0.6994466666666667 0.04583333333333333 0.07666666666666666
47 0.6309666666666667 0.7027800000000001 0.04583333333333333 0.07666666666666666
48 0.76541 0.7094466666666667 0.04583333333333333 0.07666666666666666
49 0.9020766666666666 0.7105566666666667 0.04583333333333333 0.07666666666666666
55 0.040966666666666665 0.79389 0.04583333333333333 0.07666666666666666
56 0.16763333333333333 0.8005566666666667 0.04583333333333333 0.07666666666666666
57 0.2976333333333333 0.80278 0.04583333333333333 0.07666666666666666
58 0.42541 0.8061133333333333 0.04583333333333333 0.07666666666666666
59 0.5598533333333333 0.8072233333333334 0.04583333333333333 0.07666666666666666
60 0.6920766666666667 0.8105566666666667 0.04583333333333333 0.07666666666666666
61 0.8231866666666666 0.81389 0.04583333333333333 0.07666666666666666
62 0.9542966666666666 0.815 0.04583333333333333 0.07666666666666666