60 0.051666666666666666 0.052083333333333336 0.02666666666666667 0.04416666666666667
60 0.08916666666666667 0.052083333333333336 0.02666666666666667 0.04416666666666667
43 0.013333333333333334 0.05291666666666667 0.02666666666666667 0.04416666666666667
43 0.12583333333333332 0.050416666666666665 0.02666666666666667 0.04416666666666667
58 0.1625 0.050416666666666665 0.02666666666666667 0.04416666666666667
59 0.19833333333333333 0.04958333333333333 0.02666666666666667 0.04416666666666667
53 0.27416666666666667 0.04708333333333333 0.02666666666666667 0.04416666666666667
55 0.31333333333333335 0.04875 0.02666666666666667 0.04416666666666667
59 0.3883333333333333 0.04958333333333333 0.02666666666666667 0.04416666666666667
56 0.42583333333333334 0.04875 0.02666666666666667 0.04416666666666667
37 0.4633333333333333 0.04875 0.02666666666666667 0.04416666666666667
39 0.5033333333333333 0.04708333333333333 0.02666666666666667 0.04416666666666667
43 0.5375 0.04708333333333333 0.02666666666666667 0.04416666666666667
39 0.013333333333333334 0.17291666666666666 0.02666666666666667 0.04416666666666667
41 0.049166666666666664 0.17208333333333334 0.02666666666666667 0.04416666666666667
43 0.085 0.17125 0.02666666666666667 0.04416666666666667
45 0.125 0.17041666666666666 0.02666666666666667 0.04416666666666667
46 0.16166666666666665 0.17041666666666666 0.02666666666666667 0.04416666666666667
47 0.19916666666666666 0.16958333333333334 0.02666666666666667 0.04416666666666667
48 0.23916666666666667 0.16958333333333334 0.02666666666666667 0.04416666666666667
49 0.2775 0.16875 0.02666666666666667 0.04416666666666667
50 0.31583333333333335 0.16875 0.02666666666666667 0.04416666666666667
51 0.35083333333333333 0.17041666666666666 0.02666666666666667 0.04416666666666667
52 0.38916666666666666 0.16958333333333334 0.02666666666666667 0.04416666666666667
53 0.4275 0.16875 0.02666666666666667 0.04416666666666667
42 0.5016666666666667 0.16875 0.02666666666666667 0.04416666666666667
44 0.5408333333333334 0.16791666666666666 0.02666666666666667 0.04416666666666667
53 0.615 0.16875 0.02666666666666667 0.04416666666666667
46 0.6516666666666666 0.16791666666666666 0.02666666666666667 0.04416666666666667
55 0.7283333333333334 0.17041666666666666 0.02666666666666667 0.04416666666666667
56 0.7666666666666667 0.17125 0.02666666666666667 0.04416666666666667
57 0.805 0.16958333333333334 0.02666666666666667 0.04416666666666667
58 0.8416666666666667 0.16958333333333334 0.02666666666666667 0.04416666666666667
59 0.8791666666666667 0.16958333333333334 0.02666666666666667 0.04416666666666667
60 0.9158333333333334 0.16958333333333334 0.02666666666666667 0.04416666666666667
61 0.955 0.16875 0.02666666666666667 0.04416666666666667
64 0.013333333333333334 0.23208333333333334 0.02666666666666667 0.04416666666666667
65 0.0475 0.23208333333333334 0.02666666666666667 0.04416666666666667
66 0.085 0.23375 0.02666666666666667 0.04416666666666667
39 0.16416666666666666 0.23125 0.02666666666666667 0.04416666666666667
39 0.2025 0.23041666666666666 0.02666666666666667 0.04416666666666667
39 0.24083333333333334 0.23125 0.02666666666666667 0.04416666666666667
54 0.31416666666666665 0.23041666666666666 0.02666666666666667 0.04416666666666667
54 0.3883333333333333 0.23125 0.02666666666666667 0.04416666666666667
54 0.4666666666666667 0.23208333333333334 0.02666666666666667 0.04416666666666667
60 0.04666666666666667 0.29125 0.02666666666666667 0.04416666666666667
47 0.085 0.29125 0.02666666666666667 0.04416666666666667
59 0.16 0.2920833333333333 0.02666666666666667 0.04416666666666667
56 0.19916666666666666 0.28958333333333336 0.02666666666666667 0.04416666666666667
37 0.23583333333333334 0.28958333333333336 0.02666666666666667 0.04416666666666667
39 0.275 0.28875 0.02666666666666667 0.04416666666666667
43 0.31333333333333335 0.28958333333333336 0.02666666666666667 0.04416666666666667
37 0.045 0.34958333333333336 0.02666666666666667 0.04416666666666667
38 0.12166666666666667 0.34958333333333336 0.02666666666666667 0.04416666666666667
39 0.19916666666666666 0.34958333333333336 0.02666666666666667 0.04416666666666667
41 0.2758333333333333 0.34791666666666665 0.02666666666666667 0.04416666666666667
43 0.3516666666666667 0.34875 0.02666666666666667 0.04416666666666667
45 0.4275 0.34875 0.02666666666666667 0.04416666666666667
46 0.5041666666666667 0.34958333333333336 0.02666666666666667 0.04416666666666667
47 0.5808333333333333 0.34958333333333336 0.02666666666666667 0.04416666666666667
48 0.6541666666666667 0.34875 0.02666666666666667 0.04416666666666667
49 0.7291666666666666 0.35041666666666665 0.02666666666666667 0.04416666666666667
50 0.8033333333333333 0.35041666666666665 0.02666666666666667 0.04416666666666667
51 0.8775 0.34958333333333336 0.02666666666666667 0.04416666666666667
52 0.9583333333333334 0.34958333333333336 0.02666666666666667 0.04416666666666667
53 0.04666666666666667 0.41041666666666665 0.02666666666666667 0.04416666666666667
53 0.12166666666666667 0.40958333333333335 0.02666666666666667 0.04416666666666667
46 0.16166666666666665 0.41125 0.02666666666666667 0.04416666666666667
55 0.2375 0.41291666666666665 0.02666666666666667 0.04416666666666667
56 0.3125 0.40958333333333335 0.02666666666666667 0.04416666666666667
57 0.38916666666666666 0.41041666666666665 0.02666666666666667 0.04416666666666667
58 0.465 0.40958333333333335 0.02666666666666667 0.04416666666666667
59 0.54 0.41041666666666665 0.02666666666666667 0.04416666666666667
60 0.615 0.41125 0.02666666666666667 0.04416666666666667
61 0.6916666666666667 0.41041666666666665 0.02666666666666667 0.04416666666666667
62 0.7683333333333333 0.41125 0.02666666666666667 0.04416666666666667
63 0.845 0.41125 0.02666666666666667 0.04416666666666667
53 0.08166666666666667 0.5320833333333334 0.02666666666666667 0.04416666666666667
61 0.12083333333333333 0.5320833333333334 0.02666666666666667 0.04416666666666667
52 0.15916666666666668 0.5304166666666666 0.02666666666666667 0.04416666666666667
38 0.19583333333333333 0.5320833333333334 0.02666666666666667 0.04416666666666667
43 0.235 0.53125 0.02666666666666667 0.04416666666666667
58 0.275 0.53125 0.02666666666666667 0.04416666666666667
59 0.31333333333333335 0.5304166666666666 0.02666666666666667 0.04416666666666667
54 0.045 0.6570833333333334 0.02666666666666667 0.04416666666666667
54 0.04277666666666667 0.77486 0.02666666666666667 0.04416666666666667
54 0.16055333333333335 0.65597 0.02666666666666667 0.04416666666666667
54 0.15944333333333333 0.7737466666666666 0.02666666666666667 0.04416666666666667
54 0.23944333333333334 0.65597 0.02666666666666667 0.04416666666666667
54 0.27611 0.7737466666666666 0.02666666666666667 0.04416666666666667
54 0.3516666666666667 0.6548566666666666 0.02666666666666667 0.04416666666666667
54 0.3905566666666667 0.7726333333333334 0.02666666666666667 0.04416666666666667
54 0.4672233333333334 0.6515233333333333 0.02666666666666667 0.04416666666666667
54 0.5038900000000001 0.7726333333333334 0.02666666666666667 0.04416666666666667
54 0.5805566666666667 0.6537433333333333 0.02666666666666667 0.04416666666666667
54 0.6216666666666667 0.7737433333333333 0.02666666666666667 0.04416666666666667
54 0.695 0.65041 0.02666666666666667 0.04416666666666667
54 0.735 0.7737433333333333 0.02666666666666667 0.04416666666666667
54 0.8094433333333333 0.65152 0.02666666666666667 0.04416666666666667
54 0.92611 0.6537433333333333 0.02666666666666667 0.04416666666666667
54 0.8505533333333333 0.7748533333333333 0.02666666666666667 0.04416666666666667
1 0.0825 0.6570833333333334 0.02666666666666667 0.04416666666666667
2 0.19583333333333333 0.65625 0.02666666666666667 0.04416666666666667
3 0.275 0.6554166666666666 0.02666666666666667 0.04416666666666667
4 0.3883333333333333 0.6529166666666667 0.02666666666666667 0.04416666666666667
5 0.5041666666666667 0.6495833333333333 0.02666666666666667 0.04416666666666667
6 0.6175 0.65125 0.02666666666666667 0.04416666666666667
7 0.7325 0.6504166666666666 0.02666666666666667 0.04416666666666667
8 0.8475 0.65125 0.02666666666666667 0.04416666666666667
9 0.9633333333333334 0.6520833333333333 0.02666666666666667 0.04416666666666667
9 0.89 0.7729166666666667 0.02666666666666667 0.04416666666666667
8 0.7716666666666666 0.7704166666666666 0.02666666666666667 0.04416666666666667
7 0.6575 0.7704166666666666 0.02666666666666667 0.04416666666666667
6 0.5433333333333333 0.77375 0.02666666666666667 0.04416666666666667
5 0.42833333333333334 0.7729166666666667 0.02666666666666667 0.04416666666666667
2 0.3125 0.77375 0.02666666666666667 0.04416666666666667
4 0.1975 0.7745833333333333 0.02666666666666667 0.04416666666666667
3 0.0825 0.77375 0.02666666666666667 0.04416666666666667