54 0.28861000000000003 0.13166666666666665 0.03722333333333333 0.07
54 0.4569433333333333 0.12972333333333333 0.040556666666666664 0.07722333333333332
54 0.6344433333333334 0.13111 0.042223333333333335 0.07
54 0.81861 0.13083333333333333 0.041666666666666664 0.06944333333333334
54 0.2880566666666666 0.22861 0.036109999999999996 0.07166666666666667
1 0.34389000000000003 0.13222333333333333 0.04 0.07111
3 0.51639 0.13111 0.040556666666666664 0.07889
4 0.6972233333333333 0.13139 0.03889 0.07389
2 0.8783333333333333 0.13027666666666665 0.042223333333333335 0.07055666666666666
0 0.34389000000000003 0.22805666666666666 0.03555666666666667 0.075
52 0.285 0.49861 0.03777666666666667 0.06722333333333333
37 0.34 0.49861 0.03889 0.06611
46 0.3972233333333334 0.49916666666666665 0.03777666666666667 0.06277666666666668
37 0.4544433333333333 0.49916666666666665 0.04 0.065
53 0.5097233333333333 0.5058333333333334 0.03944333333333333 0.07055666666666666
41 0.5652766666666666 0.5047233333333334 0.03833333333333333 0.06944333333333334
37 0.6230566666666667 0.5047233333333334 0.03833333333333333 0.06722333333333333
53 0.6827766666666666 0.5075 0.04111 0.06611
46 0.7416666666666667 0.5075 0.04111 0.06611
61 0.8619433333333333 0.5102766666666666 0.04389 0.065
52 0.9197233333333333 0.5138900000000001 0.040556666666666664 0.06777666666666667
50 0.285 0.5902766666666667 0.04 0.07166666666666667
61 0.3397233333333333 0.59139 0.036109999999999996 0.06833333333333333
52 0.3958333333333333 0.5941666666666666 0.03833333333333333 0.07166666666666667
61 0.45110999999999996 0.5958333333333333 0.03777666666666667 0.07166666666666667
59 0.5077766666666667 0.5980566666666667 0.04 0.06833333333333333
60 0.5644433333333333 0.59861 0.03777666666666667 0.06944333333333334
37 0.6238900000000001 0.5997233333333334 0.03889 0.06944333333333334
50 0.7416666666666667 0.6033333333333334 0.044443333333333335 0.07
37 0.8019433333333333 0.6044433333333333 0.045 0.06777666666666667
65 0.8583333333333333 0.6044433333333333 0.043333333333333335 0.06555666666666667
55 0.91639 0.6080566666666667 0.04833333333333333 0.07055666666666666
37 0.9747233333333334 0.5105566666666667 0.040556666666666664 0.06777666666666667