52 0.1405 0.38151999999999997 0.071 0.11304
37 0.22983333333333333 0.3908466666666667 0.071 0.11304
46 0.3245 0.4001733333333333 0.071 0.11304
37 0.4125 0.4055033333333333 0.071 0.11304
53 0.5071666666666667 0.40417 0.071 0.11304
41 0.5978333333333333 0.4055033333333333 0.071 0.11304
37 0.6951666666666667 0.41483 0.071 0.11304
53 0.7871666666666667 0.4174966666666667 0.071 0.11304
46 0.8831666666666667 0.42949 0.071 0.11304
37 0.9631666666666666 0.5734 0.071 0.11304
50 0.8711666666666666 0.5720666666666667 0.071 0.11304
41 0.6898333333333333 0.5614066666666667 0.071 0.11304
60 0.5925 0.55741 0.071 0.11304
59 0.5031666666666667 0.5547466666666667 0.071 0.11304
61 0.4111666666666667 0.55075 0.071 0.11304
52 0.31516666666666665 0.5440866666666667 0.071 0.11304
61 0.22583333333333333 0.53476 0.071 0.11304
50 0.13516666666666666 0.5307633333333334 0.071 0.11304