54 0.0634765625 0.2021484375 0.037109375 0.0693359375
2 0.11083984375 0.19921875 0.037109375 0.0693359375
54 0.2333984375 0.1962890625 0.0439453125 0.06689453125
5 0.2900390625 0.1904296875 0.04541015625 0.0693359375
54 0.4111328125 0.18994140625 0.0419921875 0.07275390625
6 0.47119140625 0.185546875 0.04443359375 0.07275390625
54 0.5947265625 0.18603515625 0.0458984375 0.07275390625
7 0.6552734375 0.17724609375 0.0458984375 0.07275390625
54 0.7822265625 0.17578125 0.0458984375 0.07275390625
8 0.84228515625 0.17578125 0.0458984375 0.07275390625
54 0.96630859375 0.17333984375 0.04833984375 0.07080078125
65 0.15185546875 0.65576171875 0.0458984375 0.064453125
46 0.0380859375 0.57080078125 0.0419921875 0.064453125
55 0.208984375 0.654296875 0.0458984375 0.064453125
37 0.10009765625 0.6591796875 0.0458984375 0.064453125
50 0.0458984375 0.65869140625 0.0458984375 0.064453125
61 0.1484375 0.5673828125 0.0419921875 0.064453125
52 0.20068359375 0.56640625 0.0419921875 0.064453125
37 0.2568359375 0.5673828125 0.0419921875 0.064453125
46 0.31494140625 0.56640625 0.0419921875 0.064453125
37 0.37060546875 0.56494140625 0.0419921875 0.064453125
59 0.4814453125 0.5615234375 0.0419921875 0.064453125
37 0.5380859375 0.5615234375 0.0419921875 0.064453125
48 0.65087890625 0.560546875 0.0419921875 0.064453125
53 0.708984375 0.55859375 0.0419921875 0.064453125
65 0.76708984375 0.55859375 0.0419921875 0.064453125
55 0.82421875 0.56005859375 0.0419921875 0.064453125