37 0.075439453125 0.62646484375 0.03515625 0.0615234375
59 0.199462890625 0.62109375 0.04345703125 0.0625
37 0.258056640625 0.619140625 0.03857421875 0.06494140625
48 0.383056640625 0.61572265625 0.0419921875 0.06494140625
53 0.445556640625 0.6142578125 0.04296875 0.06494140625
65 0.505615234375 0.6142578125 0.04443359375 0.06640625
55 0.564208984375 0.61328125 0.03955078125 0.06640625
6 0.182373046875 0.2294921875 0.04296875 0.0673828125
7 0.370361328125 0.22607421875 0.041015625 0.07080078125
8 0.556396484375 0.2255859375 0.04296875 0.0673828125
8 0.677490234375 0.0302734375 0.04345703125 0.05908203125
7 0.489013671875 0.03173828125 0.0419921875 0.0615234375
6 0.301025390625 0.03125 0.0400390625 0.0625
5 0.114013671875 0.03466796875 0.04345703125 0.0654296875
54 0.051513671875 0.03564453125 0.0419921875 0.0654296875
54 0.11962890625 0.23291015625 0.04345703125 0.06884765625
54 0.309814453125 0.2265625 0.04296875 0.06787109375
54 0.239501953125 0.03173828125 0.0458984375 0.06298828125
54 0.426025390625 0.02978515625 0.04296875 0.0595703125
54 0.616455078125 0.0302734375 0.0458984375 0.060546875
54 0.682373046875 0.22314453125 0.04541015625 0.06884765625
54 0.495849609375 0.2265625 0.04541015625 0.06787109375
54 0.799560546875 0.0302734375 0.0458984375 0.060546875
9 0.862548828125 0.02978515625 0.04345703125 0.05908203125
9 0.738525390625 0.22314453125 0.04345703125 0.06787109375