54 0.23866666666666667 0.04887333333333334 0.064 0.08708333333333333
2 0.32 0.05020666666666667 0.064 0.08708333333333333
54 0.4693333333333333 0.04887333333333334 0.064 0.08708333333333333
5 0.5453333333333333 0.04754 0.064 0.08708333333333333
54 0.6946666666666667 0.04887333333333334 0.064 0.08708333333333333
6 0.772 0.04487000000000001 0.064 0.08708333333333333
54 0.912 0.05287666666666666 0.064 0.08708333333333333
53 0.06133333333333333 0.5285033333333333 0.06133333333333333 0.09909
46 0.14266666666666666 0.5298366666666666 0.06133333333333333 0.09909
50 0.13733333333333334 0.6699233333333333 0.06133333333333333 0.09909
37 0.22133333333333333 0.6645866666666667 0.06133333333333333 0.09909
65 0.30266666666666664 0.66592 0.06133333333333333 0.09909
55 0.38666666666666666 0.6632533333333334 0.06133333333333333 0.09909
61 0.30666666666666664 0.5298366666666666 0.06133333333333333 0.09909
52 0.388 0.5258333333333334 0.06133333333333333 0.09909
37 0.4693333333333333 0.5298366666666666 0.06133333333333333 0.09909
46 0.552 0.5325033333333333 0.06133333333333333 0.09909
37 0.632 0.5285033333333333 0.06133333333333333 0.09909
59 0.7906666666666666 0.5218333333333334 0.06133333333333333 0.09909
37 0.876 0.5245033333333333 0.06133333333333333 0.09909