60 0.20166015625 0.350341796875 0.04296875 0.0703125
61 0.318359375 0.35009765625 0.04296875 0.0703125
48 0.25146484375 0.248046875 0.04296875 0.0703125
49 0.37109375 0.249267578125 0.04296875 0.0703125
50 0.48974609375 0.24853515625 0.04296875 0.0703125
51 0.6142578125 0.247802734375 0.04296875 0.0703125
47 0.1298828125 0.253173828125 0.04296875 0.0703125
59 0.0830078125 0.3564453125 0.04296875 0.0703125
62 0.4375 0.349609375 0.04833984375 0.0693359375
63 0.55615234375 0.346435546875 0.04833984375 0.0693359375
52 0.73779296875 0.24560546875 0.04833984375 0.0693359375
54 0.1728515625 0.70947265625 0.0390625 0.0615234375
6 0.22509765625 0.709228515625 0.0390625 0.0615234375
54 0.07470703125 0.88134765625 0.0390625 0.0615234375
54 0.33837890625 0.7099609375 0.0390625 0.0615234375
54 0.23583984375 0.88330078125 0.0390625 0.0615234375
54 0.3994140625 0.88232421875 0.0390625 0.0615234375
7 0.28857421875 0.878662109375 0.0390625 0.0615234375
6 0.125 0.878173828125 0.0390625 0.0615234375
7 0.39306640625 0.710205078125 0.0390625 0.0615234375
54 0.50732421875 0.7109375 0.0390625 0.0615234375
54 0.56591796875 0.880126953125 0.0390625 0.0615234375
54 0.67578125 0.70947265625 0.0390625 0.0615234375
8 0.55810546875 0.706787109375 0.0390625 0.0615234375
8 0.4541015625 0.883544921875 0.0390625 0.0615234375
9 0.62060546875 0.882568359375 0.0390625 0.0615234375
9 0.7333984375 0.707763671875 0.0390625 0.0615234375