58 0.4287166666666667 0.07647999999999999 0.05950666666666667 0.09832333333333335
43 0.34649 0.07431333333333333 0.05950666666666667 0.09832333333333335
59 0.5109433333333333 0.07539666666666667 0.05950666666666667 0.09832333333333335
38 0.2642633333333333 0.07756333333333333 0.05950666666666667 0.09832333333333335
52 0.18311666666666668 0.08406 0.05950666666666667 0.09832333333333335
61 0.10089000000000001 0.08947333333333334 0.05950666666666667 0.09832333333333335
53 0.029753333333333336 0.08814000000000001 0.05950666666666667 0.09832333333333335
54 0.1873 0.3477733333333333 0.06040333333333334 0.08809333333333333
54 0.17755666666666664 0.6012366666666666 0.06040333333333334 0.08809333333333333
54 0.4152733333333333 0.6090366666666667 0.06040333333333334 0.08809333333333333
54 0.34123000000000003 0.35265 0.06040333333333334 0.08809333333333333
2 0.4990566666666667 0.6080633333333334 0.06040333333333334 0.08809333333333333
2 0.2652366666666667 0.3477766666666666 0.06040333333333334 0.08809333333333333
4 0.25744333333333336 0.6022133333333334 0.06040333333333334 0.08809333333333333
54 0.5916133333333333 0.3536233333333333 0.06040333333333334 0.08809333333333333
3 0.42501666666666665 0.35069999999999996 0.06040333333333334 0.08809333333333333
4 0.6754 0.34875 0.06040333333333334 0.08809333333333333
54 0.8522266666666666 0.3623966666666667 0.05943 0.09979
43 0.93991 0.3584966666666667 0.05943 0.09979
54 0.6680933333333333 0.6265833333333334 0.05943 0.09979
5 0.7538266666666666 0.62561 0.05943 0.09979
54 0.9272433333333333 0.6373066666666667 0.05943 0.09979