45 0.06298828125 0.245849609375 0.0361328125 0.05419921875
46 0.16259765625 0.2451171875 0.037109375 0.0537109375
47 0.26611328125 0.248779296875 0.03466796875 0.05908203125
48 0.3681640625 0.249267578125 0.033203125 0.0556640625
49 0.4716796875 0.251708984375 0.03369140625 0.056640625
50 0.57421875 0.252197265625 0.03466796875 0.052734375
51 0.676513671875 0.25439453125 0.0361328125 0.05224609375
58 0.1103515625 0.327392578125 0.0361328125 0.05224609375
59 0.2119140625 0.32958984375 0.0361328125 0.05322265625
60 0.31494140625 0.331298828125 0.03564453125 0.05224609375
61 0.41943359375 0.333984375 0.03515625 0.05322265625
62 0.52099609375 0.335205078125 0.03515625 0.05322265625
63 0.623779296875 0.33740234375 0.0322265625 0.0546875
52 0.776123046875 0.2587890625 0.03515625 0.0546875
54 0.10888671875 0.657470703125 0.03564453125 0.05517578125
54 0.26220703125 0.659912109375 0.03369140625 0.05419921875
54 0.4150390625 0.66015625 0.03076171875 0.05419921875
54 0.56689453125 0.660400390625 0.0322265625 0.05322265625
54 0.7197265625 0.663330078125 0.0302734375 0.0546875
54 0.161376953125 0.8134765625 0.03173828125 0.04931640625
54 0.314208984375 0.814453125 0.0322265625 0.05078125
54 0.463623046875 0.816650390625 0.03271484375 0.052734375
54 0.614990234375 0.818115234375 0.03125 0.05419921875
5 0.15869140625 0.65869140625 0.03564453125 0.056640625
6 0.3125 0.66015625 0.03515625 0.0546875
7 0.46630859375 0.660400390625 0.03369140625 0.0546875
8 0.6171875 0.660400390625 0.03466796875 0.05322265625
9 0.77001953125 0.663818359375 0.03369140625 0.05419921875
6 0.211181640625 0.814208984375 0.0322265625 0.048828125
7 0.364013671875 0.815673828125 0.03173828125 0.05029296875
8 0.514404296875 0.818115234375 0.0322265625 0.05517578125
9 0.664794921875 0.8193359375 0.03369140625 0.05224609375
54 0.118408203125 0.086669921875 0.03369140625 0.05126953125
54 0.0146484375 0.81201171875 0.029296875 0.0517578125
5 0.060302734375 0.8134765625 0.0341796875 0.05322265625