60 0.5258333333333334 0.07944999999999999 0.055 0.08823333333333333
60 0.4525 0.07811666666666667 0.055 0.08823333333333333
40 0.24583333333333332 0.06745666666666666 0.055 0.08823333333333333
22 0.3165 0.06879 0.055 0.08823333333333333
43 0.38183333333333336 0.07412 0.055 0.08823333333333333
43 0.5951666666666666 0.08078333333333333 0.055 0.08823333333333333
55 0.9391666666666667 0.09744 0.052333333333333336 0.08689999999999999
53 0.8711666666666666 0.09544 0.055 0.08823333333333333
59 0.7351666666666666 0.08611333333333332 0.055 0.08823333333333333
58 0.6671666666666667 0.08611333333333332 0.055 0.08823333333333333
63 0.31539 0.4049066666666667 0.04833333333333333 0.07624
62 0.25143666666666664 0.4013066666666667 0.04833333333333333 0.07624
51 0.9758333333333333 0.33199 0.04833333333333333 0.07624
50 0.91439 0.32659 0.04833333333333333 0.07624
49 0.8486366666666666 0.32119000000000003 0.04833333333333333 0.07624
48 0.7846799999999999 0.32029 0.04833333333333333 0.07624
47 0.7144233333333333 0.31488666666666665 0.04833333333333333 0.07624
45 0.5851666666666666 0.31063999999999997 0.04833333333333333 0.07624
43 0.5131666666666667 0.3066433333333333 0.04833333333333333 0.07624
41 0.44783333333333336 0.30530999999999997 0.04833333333333333 0.07624
39 0.37983333333333336 0.3013133333333334 0.04833333333333333 0.07624
38 0.31583333333333335 0.2973166666666667 0.04833333333333333 0.07624
54 0.9019733333333334 0.4346133333333333 0.04833333333333333 0.07084
37 0.24783333333333332 0.2959833333333334 0.04833333333333333 0.07624
64 0.3802466666666667 0.4094066666666667 0.04833333333333333 0.07624
65 0.4424 0.4139066666666667 0.04833333333333333 0.07624
66 0.5072533333333333 0.41840666666666665 0.04833333333333333 0.07624
33 0.31494333333333335 0.5034733333333333 0.04383 0.06994
40 0.25459333333333334 0.5043733333333333 0.04383 0.06994
48 0.37889666666666666 0.5052733333333334 0.04383 0.06994
60 0.4415 0.5079733333333334 0.04833333333333333 0.06994
47 0.5036533333333334 0.5115733333333333 0.04833333333333333 0.06994
59 0.63246 0.5160733333333334 0.04833333333333333 0.06994
40 0.70542 0.4251533333333333 0.04833333333333333 0.06994
40 0.6378633333333333 0.42155333333333334 0.04833333333333333 0.06994
40 0.7702733333333334 0.4314533333333333 0.04833333333333333 0.06994
56 0.6973133333333333 0.5187733333333333 0.04833333333333333 0.06994
37 0.7630666666666666 0.5205733333333333 0.04833333333333333 0.06994
39 0.82522 0.5259733333333334 0.04833333333333333 0.06994
43 0.8882733333333334 0.5286733333333333 0.04833333333333333 0.06994
41 0.81171 0.6222933333333334 0.04833333333333333 0.06994
43 0.93331 0.6285933333333333 0.04833333333333333 0.06994
39 0.6892066666666666 0.6150933333333333 0.04833333333333333 0.06994
38 0.5630999999999999 0.6123933333333333 0.04833333333333333 0.06994
37 0.4424 0.60339 0.04833333333333333 0.06994
38 0.3162933333333333 0.60249 0.04833333333333333 0.06994
37 0.25324 0.59799 0.04833333333333333 0.06994
53 0.25414 0.6880100000000001 0.04833333333333333 0.06994
65 0.2577433333333333 0.77893 0.04833333333333333 0.06994
40 0.25459 0.8567966666666667 0.04923333333333333 0.06003666666666667
24 0.3167433333333333 0.8558966666666666 0.04923333333333333 0.06003666666666667
48 0.37529333333333337 0.8531966666666667 0.04923333333333333 0.06003666666666667
53 0.48608666666666667 0.8631000000000001 0.04923333333333333 0.06003666666666667
61 0.5437333333333334 0.8631000000000001 0.04923333333333333 0.06003666666666667
52 0.6049833333333333 0.8658 0.04923333333333333 0.06003666666666667
38 0.6662333333333333 0.8685 0.04923333333333333 0.06003666666666667
43 0.7198266666666667 0.86715 0.03932666666666667 0.059136666666666664
58 0.7747733333333334 0.8761533333333333 0.03932666666666667 0.059136666666666664
59 0.8333233333333333 0.8788533333333333 0.05013666666666666 0.06093666666666667
42 0.3775433333333334 0.69521 0.04833333333333333 0.06994
44 0.43699333333333334 0.69521 0.04833333333333333 0.06994
66 0.37394 0.7820799999999999 0.04653333333333333 0.06364
53 0.55499 0.6992633333333333 0.04653333333333333 0.06364
46 0.6180433333333334 0.6983633333333333 0.04653333333333333 0.06364
55 0.7369433333333333 0.7109666666666667 0.04653333333333333 0.06364
56 0.8585433333333333 0.7145666666666666 0.05374 0.06364
57 0.9731299999999999 0.72267 0.05374 0.06364
46 0.64957 0.3139866666666667 0.04833333333333333 0.07624