52 0.24444333333333335 0.4944433333333333 0.05333333333333334 0.08222333333333333
37 0.325 0.49277666666666664 0.05 0.08111
46 0.4083333333333333 0.49333333333333335 0.05444333333333334 0.08444333333333334
37 0.48889000000000005 0.48833333333333334 0.048889999999999996 0.07666666666666666
53 0.5727766666666666 0.49277666666666664 0.056666666666666664 0.08111
41 0.6583333333333333 0.49333333333333335 0.05222333333333333 0.08222333333333333
37 0.7377766666666666 0.49333333333333335 0.055556666666666664 0.07777666666666667
53 0.82389 0.49722333333333335 0.05889 0.08555666666666667
46 0.9055566666666667 0.495 0.05111 0.08333333333333333
50 0.23833333333333334 0.6255566666666666 0.056666666666666664 0.08444333333333334
61 0.32277666666666666 0.625 0.056666666666666664 0.09
52 0.4077766666666666 0.6272233333333334 0.055556666666666664 0.09
61 0.49166666666666664 0.6266666666666667 0.056666666666666664 0.09555666666666668
59 0.5783333333333334 0.63 0.05889 0.09111
60 0.6616666666666666 0.6316666666666667 0.06555666666666667 0.09889
37 0.7427766666666666 0.6327766666666667 0.061110000000000005 0.09222333333333334