54 0.0458984375 0.068359375 0.04541015625 0.06982421875
54 0.2294921875 0.06494140625 0.04541015625 0.06982421875
54 0.4150390625 0.0673828125 0.04541015625 0.06982421875
54 0.6005859375 0.06591796875 0.04541015625 0.06982421875
54 0.78076171875 0.06591796875 0.04541015625 0.06982421875
54 0.970703125 0.05712890625 0.04541015625 0.06982421875
6 0.8427734375 0.0615234375 0.04541015625 0.06982421875
3 0.109375 0.0673828125 0.04541015625 0.06982421875
4 0.29150390625 0.068359375 0.04541015625 0.06982421875
2 0.47705078125 0.06494140625 0.04541015625 0.06982421875
5 0.6572265625 0.06591796875 0.04541015625 0.06982421875
37 0.0458984375 0.45458984375 0.03662109375 0.06396484375
53 0.107421875 0.45556640625 0.03662109375 0.06396484375
41 0.16943359375 0.45458984375 0.03662109375 0.06396484375
37 0.228515625 0.45458984375 0.03662109375 0.06396484375
53 0.2939453125 0.45556640625 0.03662109375 0.06396484375
46 0.35400390625 0.453125 0.03662109375 0.06396484375
61 0.47705078125 0.4580078125 0.03662109375 0.06396484375
52 0.537109375 0.453125 0.03662109375 0.06396484375
37 0.59375 0.4521484375 0.03662109375 0.06396484375
46 0.66162109375 0.45458984375 0.03662109375 0.06396484375
37 0.7216796875 0.453125 0.03662109375 0.06396484375
59 0.84716796875 0.45458984375 0.03662109375 0.06396484375
37 0.9072265625 0.453125 0.03662109375 0.06396484375
61 0.04345703125 0.55859375 0.03662109375 0.06396484375
59 0.10693359375 0.55615234375 0.03662109375 0.06396484375
60 0.17041015625 0.5576171875 0.03662109375 0.06396484375
37 0.2294921875 0.5595703125 0.03662109375 0.06396484375
50 0.3525390625 0.55615234375 0.03662109375 0.06396484375
37 0.412109375 0.55615234375 0.03662109375 0.06396484375
65 0.4775390625 0.55419921875 0.04052734375 0.06689453125
55 0.53759765625 0.5546875 0.04052734375 0.06689453125