48 0.12353515625 0.2783203125 0.048828125 0.07666015625
49 0.27392578125 0.2734375 0.04541015625 0.07958984375
50 0.42431640625 0.2666015625 0.048828125 0.0732421875
51 0.57373046875 0.26318359375 0.0498046875 0.07763671875
52 0.72265625 0.25927734375 0.0517578125 0.0810546875
60 0.0478515625 0.3994140625 0.05322265625 0.0830078125
61 0.1982421875 0.392578125 0.0498046875 0.0830078125
62 0.35009765625 0.390625 0.05517578125 0.0830078125
63 0.50146484375 0.3857421875 0.0517578125 0.07958984375
54 0.20458984375 0.892578125 0.05078125 0.08984375
54 0.443359375 0.88671875 0.05322265625 0.08642578125
54 0.68017578125 0.88134765625 0.05078125 0.0908203125
7 0.28076171875 0.89013671875 0.0517578125 0.0908203125
8 0.52099609375 0.88623046875 0.05322265625 0.09423828125
9 0.7607421875 0.87841796875 0.05419921875 0.08984375