24 0.43798828125 0.05078125 0.03955078125 0.06298828125
40 0.3876953125 0.05078125 0.03955078125 0.06298828125
48 0.48681640625 0.05078125 0.03955078125 0.06298828125
53 0.58984375 0.05517578125 0.03955078125 0.06298828125
61 0.64111328125 0.05517578125 0.03955078125 0.06298828125
52 0.6923828125 0.0537109375 0.03955078125 0.06298828125
38 0.74658203125 0.05517578125 0.03955078125 0.06298828125
43 0.798828125 0.0537109375 0.03955078125 0.06298828125
58 0.85009765625 0.060546875 0.03955078125 0.06298828125
59 0.90576171875 0.06298828125 0.03955078125 0.06298828125
54 0.38671875 0.21826171875 0.03955078125 0.05859375
54 0.38330078125 0.3681640625 0.03955078125 0.05859375
54 0.38232421875 0.44580078125 0.03759765625 0.05322265625
54 0.5322265625 0.22265625 0.03955078125 0.05859375
54 0.6787109375 0.228515625 0.03955078125 0.05859375
54 0.78125 0.23388671875 0.03955078125 0.05859375
54 0.9345703125 0.24169921875 0.03955078125 0.05859375
54 0.5224609375 0.37744140625 0.03955078125 0.05859375
54 0.66552734375 0.38720703125 0.03955078125 0.05859375
54 0.81689453125 0.392578125 0.03955078125 0.05859375
54 0.96142578125 0.40234375 0.041015625 0.0595703125
0 0.435546875 0.21826171875 0.03955078125 0.05859375
0 0.42626953125 0.44873046875 0.03662109375 0.05322265625
1 0.5810546875 0.22265625 0.03955078125 0.05859375
2 0.72998046875 0.23046875 0.03955078125 0.05859375
3 0.83447265625 0.236328125 0.03955078125 0.05859375
3 0.5732421875 0.3837890625 0.03955078125 0.05859375
4 0.7177734375 0.390625 0.03955078125 0.05859375
2 0.86572265625 0.3974609375 0.03955078125 0.05859375
1 0.43115234375 0.36962890625 0.03955078125 0.05859375
52 0.38134765625 0.6474609375 0.033203125 0.0498046875
46 0.46533203125 0.65478515625 0.033203125 0.0498046875
37 0.42236328125 0.6484375 0.033203125 0.0498046875
37 0.509765625 0.65478515625 0.033203125 0.0498046875
53 0.55322265625 0.65966796875 0.033203125 0.0498046875
41 0.59765625 0.66064453125 0.033203125 0.0498046875
37 0.64013671875 0.66064453125 0.033203125 0.0498046875
53 0.685546875 0.6640625 0.033203125 0.0498046875
46 0.732421875 0.67041015625 0.033203125 0.0498046875
61 0.822265625 0.67822265625 0.033203125 0.0498046875
52 0.8720703125 0.68408203125 0.033203125 0.0498046875
37 0.91796875 0.6884765625 0.033203125 0.0498046875
46 0.96533203125 0.69482421875 0.033203125 0.0498046875
50 0.3798828125 0.70849609375 0.033203125 0.0498046875
61 0.42236328125 0.71142578125 0.033203125 0.0498046875
52 0.46533203125 0.7138671875 0.033203125 0.0498046875
61 0.5068359375 0.71484375 0.033203125 0.0498046875
59 0.5498046875 0.71826171875 0.033203125 0.0498046875
60 0.59326171875 0.71923828125 0.033203125 0.0498046875
37 0.638671875 0.72412109375 0.033203125 0.0498046875
50 0.724609375 0.736328125 0.033203125 0.0498046875
37 0.77001953125 0.7392578125 0.033203125 0.0498046875
65 0.814453125 0.7470703125 0.033203125 0.0498046875
55 0.8623046875 0.7529296875 0.033203125 0.0498046875