54 0.07555666666666666 0.07777666666666667 0.055556666666666664 0.08889000000000001
54 0.30611 0.07389 0.05222333333333333 0.09
54 0.5422233333333334 0.06722333333333333 0.05111 0.08333333333333333
54 0.7777766666666667 0.07055666666666666 0.048889999999999996 0.08555666666666667
5 0.15111 0.07833333333333334 0.05111 0.09666666666666666
6 0.38610999999999995 0.07111 0.05444333333333334 0.09333333333333334
7 0.6233333333333333 0.06833333333333333 0.05333333333333334 0.08777666666666666
8 0.8533333333333334 0.07333333333333333 0.05111 0.08444333333333334
46 0.16944333333333333 0.5744433333333333 0.05444333333333334 0.08889000000000001
37 0.24833333333333332 0.5727766666666666 0.05444333333333334 0.09222333333333334
59 0.39166666666666666 0.5672233333333334 0.04777666666666667 0.07666666666666666
37 0.4655566666666667 0.56611 0.044443333333333335 0.07666666666666666
48 0.6155566666666666 0.56611 0.042223333333333335 0.07444333333333333
53 0.6866666666666666 0.5672233333333334 0.05111 0.08333333333333333
65 0.7627766666666667 0.5666666666666667 0.05 0.08222333333333333
55 0.8405566666666667 0.5672233333333334 0.05222333333333333 0.08777666666666666