54 0.110595703125 0.20166015625 0.0322265625 0.06103515625
2 0.159423828125 0.201171875 0.037109375 0.0595703125
54 0.271728515625 0.19921875 0.037109375 0.06298828125
54 0.437255859375 0.1962890625 0.037109375 0.0673828125
54 0.609130859375 0.19287109375 0.0400390625 0.06982421875
54 0.784912109375 0.189453125 0.04150390625 0.07421875
3 0.323974609375 0.19873046875 0.0390625 0.06396484375
4 0.492919921875 0.197265625 0.037109375 0.0673828125
5 0.667724609375 0.193359375 0.04248046875 0.07080078125
6 0.847412109375 0.189453125 0.04150390625 0.07177734375
54 0.9677734375 0.18798828125 0.0380859375 0.06640625
46 0.078369140625 0.55078125 0.03466796875 0.056640625
37 0.127197265625 0.54833984375 0.0322265625 0.056640625
53 0.179931640625 0.54931640625 0.0380859375 0.05859375
41 0.230224609375 0.5498046875 0.037109375 0.05517578125
37 0.284423828125 0.5498046875 0.03564453125 0.05322265625
53 0.338134765625 0.54931640625 0.03466796875 0.05859375
46 0.390869140625 0.5498046875 0.0380859375 0.0595703125
61 0.496337890625 0.5498046875 0.03369140625 0.0595703125
52 0.552001953125 0.55078125 0.03564453125 0.06103515625
37 0.604736328125 0.5498046875 0.03466796875 0.0595703125
46 0.660400390625 0.5517578125 0.0390625 0.05859375
37 0.714599609375 0.55126953125 0.0322265625 0.0576171875
59 0.828369140625 0.55126953125 0.0390625 0.0576171875
37 0.883056640625 0.55224609375 0.03564453125 0.0576171875
37 0.035888671875 0.63134765625 0.03564453125 0.05322265625
52 0.081787109375 0.63232421875 0.0322265625 0.05517578125
61 0.133056640625 0.63330078125 0.0322265625 0.05322265625
60 0.233642578125 0.63330078125 0.03564453125 0.05517578125
59 0.184326171875 0.63232421875 0.03466796875 0.05517578125
37 0.286865234375 0.63232421875 0.03369140625 0.05322265625
50 0.394287109375 0.63427734375 0.0390625 0.0576171875
37 0.448486328125 0.634765625 0.0390625 0.06103515625
65 0.497314453125 0.6357421875 0.037109375 0.0576171875
55 0.552978515625 0.63623046875 0.03466796875 0.05859375