53 0.076171875 0.29296875 0.052734375 0.07568359375
53 0.19921875 0.28515625 0.052734375 0.07568359375
46 0.262939453125 0.280517578125 0.052734375 0.07568359375
55 0.388916015625 0.279052734375 0.052734375 0.07568359375
56 0.454345703125 0.27734375 0.052734375 0.07568359375
57 0.516357421875 0.276123046875 0.052734375 0.07568359375
58 0.581787109375 0.2724609375 0.052734375 0.07568359375
59 0.640380859375 0.273193359375 0.052734375 0.07568359375
60 0.702392578125 0.271484375 0.052734375 0.07568359375
61 0.760986328125 0.272705078125 0.052734375 0.07568359375
52 0.769775390625 0.565673828125 0.052734375 0.07568359375
51 0.648193359375 0.571044921875 0.052734375 0.07568359375
50 0.5224609375 0.573974609375 0.052734375 0.07568359375
49 0.39990234375 0.577880859375 0.052734375 0.07568359375
48 0.271484375 0.586181640625 0.052734375 0.07568359375
47 0.1455078125 0.589111328125 0.052734375 0.07568359375
46 0.02490234375 0.594482421875 0.0498046875 0.07568359375
59 0.087158203125 0.698974609375 0.0537109375 0.08447265625
60 0.214111328125 0.692626953125 0.0537109375 0.08447265625
61 0.337890625 0.689697265625 0.05908203125 0.0869140625
62 0.464599609375 0.682861328125 0.05908203125 0.0859375
63 0.587158203125 0.67578125 0.05908203125 0.0859375