54 0.226806640625 0.403564453125 0.0517578125 0.08447265625
54 0.473388671875 0.402099609375 0.05615234375 0.087890625
54 0.71728515625 0.3994140625 0.052734375 0.08349609375
54 0.959716796875 0.3955078125 0.0537109375 0.08544921875
54 0.073974609375 0.660888671875 0.04931640625 0.08447265625
54 0.317138671875 0.65869140625 0.0537109375 0.08447265625
54 0.5625 0.652587890625 0.04736328125 0.08447265625
54 0.805419921875 0.64892578125 0.0517578125 0.0869140625
5 0.309814453125 0.403076171875 0.0595703125 0.087890625
6 0.55322265625 0.399658203125 0.05615234375 0.09130859375
7 0.799560546875 0.39697265625 0.05615234375 0.0869140625
5 0.151123046875 0.659423828125 0.05078125 0.087890625
6 0.400634765625 0.65380859375 0.04931640625 0.08349609375
7 0.64208984375 0.654052734375 0.05517578125 0.09326171875
8 0.88232421875 0.64892578125 0.04931640625 0.09130859375