60 0.245 0.10555666666666667 0.027776666666666665 0.042223333333333335
60 0.2816666666666667 0.10722333333333334 0.027776666666666665 0.042223333333333335
40 0.1375 0.10722333333333334 0.027776666666666665 0.042223333333333335
22 0.17166666666666666 0.10722333333333334 0.027776666666666665 0.042223333333333335
43 0.209 0.10722333333333334 0.027776666666666665 0.042223333333333335
43 0.317 0.10389000000000001 0.027776666666666665 0.042223333333333335
58 0.35233333333333333 0.10455666666666667 0.027776666666666665 0.042223333333333335
59 0.38966666666666666 0.10322333333333333 0.027776666666666665 0.042223333333333335
53 0.4603333333333333 0.10522333333333334 0.027776666666666665 0.042223333333333335
55 0.49633333333333335 0.10522333333333334 0.027776666666666665 0.042223333333333335
59 0.5703333333333334 0.10589000000000001 0.027776666666666665 0.042223333333333335
56 0.6076666666666667 0.10522333333333334 0.027776666666666665 0.042223333333333335
37 0.6436666666666667 0.10522333333333334 0.027776666666666665 0.042223333333333335
39 0.6803333333333333 0.10455666666666667 0.027776666666666665 0.042223333333333335
43 0.7183333333333334 0.10455666666666667 0.027776666666666665 0.042223333333333335
37 0.1335 0.22122333333333333 0.027776666666666665 0.042223333333333335
38 0.17016666666666666 0.22255666666666665 0.027776666666666665 0.042223333333333335
39 0.20683333333333334 0.22255666666666665 0.027776666666666665 0.042223333333333335
41 0.2415 0.22255666666666665 0.027776666666666665 0.042223333333333335
43 0.2795 0.22188999999999998 0.027776666666666665 0.042223333333333335
45 0.31216666666666665 0.22188999999999998 0.027776666666666665 0.042223333333333335
46 0.3501666666666667 0.22122333333333333 0.027776666666666665 0.042223333333333335
47 0.38616666666666666 0.22122333333333333 0.027776666666666665 0.042223333333333335
49 0.4575 0.22188999999999998 0.027776666666666665 0.042223333333333335
48 0.42283333333333334 0.22122333333333333 0.027776666666666665 0.042223333333333335
50 0.49483333333333335 0.22188999999999998 0.027776666666666665 0.042223333333333335
51 0.5328333333333334 0.22322333333333333 0.027776666666666665 0.042223333333333335
52 0.5688333333333333 0.22188999999999998 0.027776666666666665 0.042223333333333335
53 0.6055 0.22188999999999998 0.027776666666666665 0.042223333333333335
42 0.6781666666666667 0.22322333333333333 0.027776666666666665 0.042223333333333335
44 0.7161666666666666 0.22388999999999998 0.027776666666666665 0.042223333333333335
53 0.7895 0.22522333333333333 0.027776666666666665 0.042223333333333335
46 0.8261666666666667 0.22522333333333333 0.027776666666666665 0.042223333333333335
55 0.9015 0.22588999999999998 0.027776666666666665 0.042223333333333335
56 0.9401666666666667 0.22522333333333333 0.027776666666666665 0.042223333333333335
57 0.9768333333333333 0.22655666666666666 0.027776666666666665 0.042223333333333335
62 0.13016666666666668 0.2785566666666667 0.027776666666666665 0.042223333333333335
63 0.16616666666666666 0.2785566666666667 0.027776666666666665 0.042223333333333335
64 0.2035 0.27788999999999997 0.027776666666666665 0.042223333333333335
65 0.23816666666666667 0.2785566666666667 0.027776666666666665 0.042223333333333335
66 0.27616666666666667 0.2812233333333333 0.027776666666666665 0.042223333333333335
40 0.34883333333333333 0.27988999999999997 0.027776666666666665 0.042223333333333335
40 0.38483333333333336 0.2785566666666667 0.027776666666666665 0.042223333333333335
40 0.4215 0.28189 0.027776666666666665 0.042223333333333335
54 0.49483333333333335 0.2832233333333333 0.027776666666666665 0.042223333333333335
54 0.5675 0.2832233333333333 0.027776666666666665 0.042223333333333335
54 0.6415 0.2845566666666667 0.027776666666666665 0.042223333333333335
40 0.1255 0.3343333333333333 0.027776666666666665 0.042223333333333335
33 0.1655 0.3343333333333333 0.027776666666666665 0.042223333333333335
48 0.20105666666666666 0.3332233333333333 0.027776666666666665 0.042223333333333335
60 0.23661333333333334 0.3343333333333333 0.027776666666666665 0.042223333333333335
47 0.27328 0.3332233333333333 0.027776666666666665 0.042223333333333335
59 0.347 0.33455666666666667 0.027776666666666665 0.042223333333333335
56 0.38233333333333336 0.33588999999999997 0.027776666666666665 0.042223333333333335
37 0.41833333333333333 0.3352233333333333 0.027776666666666665 0.042223333333333335
39 0.457 0.3352233333333333 0.027776666666666665 0.042223333333333335
43 0.49166666666666664 0.3352233333333333 0.027776666666666665 0.042223333333333335
37 0.1255 0.38989 0.027776666666666665 0.042223333333333335
38 0.16283333333333333 0.39189 0.027776666666666665 0.042223333333333335
37 0.2335 0.39122333333333337 0.027776666666666665 0.042223333333333335
38 0.3075 0.39455666666666667 0.027776666666666665 0.042223333333333335
39 0.3835 0.39255666666666666 0.027776666666666665 0.042223333333333335
41 0.45616666666666666 0.39522333333333337 0.027776666666666665 0.042223333333333335
43 0.5288333333333334 0.3972233333333334 0.027776666666666665 0.042223333333333335
45 0.6015 0.39655666666666667 0.027776666666666665 0.042223333333333335
46 0.6768333333333333 0.39855666666666667 0.027776666666666665 0.042223333333333335
47 0.7508333333333334 0.39855666666666667 0.027776666666666665 0.042223333333333335
48 0.8268333333333333 0.3992233333333334 0.027776666666666665 0.042223333333333335
49 0.9021666666666667 0.40055666666666667 0.027776666666666665 0.042223333333333335
50 0.9755 0.4032233333333334 0.027776666666666665 0.042223333333333335
53 0.12416666666666666 0.44989 0.027776666666666665 0.042223333333333335
42 0.19883333333333333 0.45122333333333337 0.027776666666666665 0.042223333333333335
44 0.2335 0.4505566666666667 0.027776666666666665 0.042223333333333335
53 0.30683333333333335 0.45322333333333337 0.027776666666666665 0.042223333333333335
46 0.3428333333333333 0.45189 0.027776666666666665 0.042223333333333335
55 0.41683333333333333 0.45389 0.027776666666666665 0.042223333333333335
56 0.49016666666666664 0.45522333333333337 0.027776666666666665 0.042223333333333335
57 0.5648333333333333 0.45522333333333337 0.027776666666666665 0.042223333333333335
58 0.6388333333333334 0.45922333333333337 0.027776666666666665 0.042223333333333335
59 0.7121666666666666 0.45789 0.027776666666666665 0.042223333333333335
60 0.7875 0.4612233333333334 0.027776666666666665 0.042223333333333335
61 0.8621666666666666 0.4612233333333334 0.027776666666666665 0.042223333333333335
62 0.9381666666666667 0.46389 0.027776666666666665 0.042223333333333335
65 0.12083333333333333 0.5078900000000001 0.027776666666666665 0.042223333333333335
66 0.1955 0.5112233333333334 0.027776666666666665 0.042223333333333335
40 0.12016666666666667 0.5672233333333334 0.027776666666666665 0.042223333333333335
24 0.15616666666666668 0.5672233333333334 0.027776666666666665 0.042223333333333335
48 0.1935 0.56789 0.027776666666666665 0.042223333333333335
53 0.26616666666666666 0.56789 0.027776666666666665 0.042223333333333335
61 0.3035 0.56789 0.027776666666666665 0.042223333333333335
52 0.3408333333333333 0.56789 0.027776666666666665 0.042223333333333335
38 0.3775 0.56789 0.027776666666666665 0.042223333333333335
43 0.4161666666666667 0.5685566666666667 0.027776666666666665 0.042223333333333335
58 0.45216666666666666 0.5692233333333333 0.027776666666666665 0.042223333333333335
59 0.4881666666666667 0.5725566666666667 0.027776666666666665 0.042223333333333335
54 0.11683333333333333 0.68789 0.027776666666666665 0.042223333333333335
54 0.11283333333333333 0.8065566666666667 0.027776666666666665 0.042223333333333335
54 0.1115 0.86589 0.027776666666666665 0.042223333333333335
54 0.2275 0.6892233333333334 0.027776666666666665 0.042223333333333335
54 0.22616666666666665 0.80589 0.027776666666666665 0.042223333333333335
54 0.33616666666666667 0.69389 0.027776666666666665 0.042223333333333335
54 0.33616666666666667 0.8065566666666667 0.027776666666666665 0.042223333333333335
54 0.4135 0.6925566666666667 0.027776666666666665 0.042223333333333335
54 0.4495 0.80989 0.027776666666666665 0.042223333333333335
54 0.5248333333333334 0.6945566666666667 0.027776666666666665 0.042223333333333335
54 0.5608333333333333 0.8085566666666667 0.027776666666666665 0.042223333333333335
54 0.6368333333333334 0.6945566666666667 0.027776666666666665 0.042223333333333335
54 0.6721666666666667 0.81389 0.027776666666666665 0.042223333333333335
54 0.7488333333333334 0.6985566666666667 0.027776666666666665 0.042223333333333335
54 0.7868333333333334 0.81789 0.027776666666666665 0.042223333333333335
54 0.8621666666666666 0.7005566666666667 0.027776666666666665 0.042223333333333335
54 0.9008333333333334 0.81789 0.027776666666666665 0.042223333333333335
0 0.15283333333333332 0.68589 0.027776666666666665 0.042223333333333335
1 0.26416666666666666 0.6872233333333334 0.027776666666666665 0.042223333333333335
2 0.3735 0.69189 0.027776666666666665 0.042223333333333335
3 0.4508333333333333 0.69189 0.027776666666666665 0.042223333333333335
4 0.5608333333333333 0.69389 0.027776666666666665 0.042223333333333335
5 0.6741666666666667 0.6945566666666667 0.027776666666666665 0.042223333333333335
6 0.7861666666666667 0.6972233333333333 0.027776666666666665 0.042223333333333335
7 0.8988333333333334 0.69989 0.027776666666666665 0.042223333333333335
54 0.9748333333333333 0.7032233333333333 0.027776666666666665 0.042223333333333335
8 0.9375 0.8185566666666667 0.027776666666666665 0.042223333333333335
7 0.8248333333333333 0.8152233333333334 0.027776666666666665 0.042223333333333335
6 0.7108333333333333 0.8132233333333334 0.027776666666666665 0.042223333333333335
5 0.5975 0.8092233333333334 0.027776666666666665 0.042223333333333335
4 0.37283333333333335 0.80789 0.027776666666666665 0.042223333333333335
2 0.48683333333333334 0.8085566666666667 0.027776666666666665 0.042223333333333335
3 0.2628333333333333 0.8065566666666667 0.027776666666666665 0.042223333333333335
1 0.1495 0.8065566666666667 0.027776666666666665 0.042223333333333335
0 0.14683333333333334 0.8665566666666666 0.027776666666666665 0.042223333333333335