54 0.06689453125 0.052978515625 0.0517578125 0.0654296875
54 0.26025390625 0.054443359375 0.0517578125 0.0654296875
54 0.4609375 0.0556640625 0.0517578125 0.0654296875
54 0.659912109375 0.058837890625 0.0517578125 0.0654296875
54 0.863037109375 0.064697265625 0.0517578125 0.0654296875
3 0.1328125 0.05224609375 0.0419921875 0.06396484375
4 0.33203125 0.05419921875 0.04296875 0.06494140625
2 0.52880859375 0.054443359375 0.04541015625 0.0712890625
5 0.727783203125 0.058837890625 0.04296875 0.0673828125
6 0.928466796875 0.06494140625 0.03857421875 0.06591796875
53 0.08837890625 0.467041015625 0.0478515625 0.07470703125
41 0.15869140625 0.4677734375 0.046875 0.072265625
37 0.22705078125 0.468505859375 0.04736328125 0.0703125
53 0.30029296875 0.472412109375 0.05224609375 0.07666015625
46 0.37060546875 0.47509765625 0.0478515625 0.078125
61 0.513916015625 0.478271484375 0.05322265625 0.072265625
52 0.587646484375 0.47802734375 0.05322265625 0.07666015625
37 0.656005859375 0.478271484375 0.0478515625 0.0732421875
46 0.731689453125 0.48095703125 0.05126953125 0.0791015625
37 0.805419921875 0.479248046875 0.04638671875 0.0712890625
59 0.947509765625 0.487548828125 0.04833984375 0.0703125
59 0.0830078125 0.58154296875 0.05029296875 0.08251953125
60 0.15478515625 0.584716796875 0.048828125 0.08251953125
37 0.224609375 0.584228515625 0.05322265625 0.08251953125
50 0.367919921875 0.58984375 0.048828125 0.0810546875
37 0.440673828125 0.589599609375 0.0546875 0.08349609375
65 0.510498046875 0.595458984375 0.05029296875 0.08251953125
55 0.580322265625 0.59521484375 0.0478515625 0.080078125