54 0.075 0.13889 0.04111 0.06888999999999999
54 0.25055666666666665 0.135 0.04111 0.05889
54 0.43166666666666664 0.12944333333333333 0.04111 0.05889
54 0.6072233333333333 0.12388666666666667 0.04111 0.05889
54 0.7872233333333334 0.11722 0.04111 0.06111333333333333
5 0.13055666666666668 0.13833333333333334 0.04111 0.06777666666666667
6 0.3094466666666667 0.13055666666666668 0.04111 0.05889
7 0.48833666666666664 0.125 0.04111 0.05889
8 0.6672266666666666 0.11944333333333333 0.04111 0.05889
9 0.8438933333333333 0.11277666666666666 0.04111 0.05889
52 0.02111 0.5194433333333333 0.03777666666666667 0.06333333333333334
37 0.07888666666666666 0.5183333333333333 0.03777666666666667 0.06333333333333334
46 0.14222 0.515 0.03777666666666667 0.06333333333333334
37 0.19999666666666666 0.5138900000000001 0.03777666666666667 0.06333333333333334
59 0.31999666666666665 0.5105566666666667 0.03777666666666667 0.06333333333333334
37 0.37666333333333335 0.5094466666666666 0.03777666666666667 0.06333333333333334
48 0.4988866666666667 0.5038900000000001 0.03777666666666667 0.06333333333333334
53 0.5577766666666666 0.505 0.03777666666666667 0.06333333333333334
65 0.6188866666666667 0.5016666666666667 0.03777666666666667 0.06333333333333334
55 0.6788866666666667 0.5038900000000001 0.03777666666666667 0.06333333333333334
55 0.02111 0.6194433333333333 0.03777666666666667 0.06333333333333334