54 0.16055666666666668 0.3222233333333333 0.07 0.11555666666666667
54 0.36 0.3333333333333333 0.06888999999999999 0.11111
54 0.6544433333333333 0.3416666666666667 0.06888999999999999 0.10777666666666666
54 0.9405566666666667 0.3516666666666667 0.07 0.10777666666666666
54 0.17055666666666666 0.62 0.06333333333333334 0.09777666666666666
54 0.44722333333333336 0.6294433333333334 0.06555666666666667 0.09889
54 0.7272233333333333 0.63611 0.05889 0.10110999999999999
2 0.25889 0.3222233333333333 0.06 0.11333333333333333
3 0.45666666666666667 0.3333333333333333 0.07333333333333333 0.11111
4 0.7511099999999999 0.33888999999999997 0.06222333333333333 0.1
5 0.26444333333333336 0.6194433333333333 0.06 0.09444333333333332
2 0.54389 0.6294433333333334 0.061110000000000005 0.09666666666666666
5 0.8216666666666667 0.6388900000000001 0.056666666666666664 0.1