54 0.07666015625 0.048828125 0.04638671875 0.0732421875
54 0.14404296875 0.2529296875 0.041015625 0.07421875
54 0.34716796875 0.2490234375 0.03857421875 0.0732421875
54 0.5498046875 0.2451171875 0.04443359375 0.07177734375
54 0.75244140625 0.2392578125 0.0419921875 0.07421875
5 0.1396484375 0.046875 0.04296875 0.0751953125
6 0.2099609375 0.2509765625 0.0419921875 0.07958984375
7 0.412109375 0.24609375 0.04443359375 0.07421875
8 0.6162109375 0.24462890625 0.0498046875 0.083984375
9 0.81982421875 0.2392578125 0.048828125 0.08740234375
46 0.0244140625 0.68603515625 0.03759765625 0.07177734375
37 0.0859375 0.67919921875 0.041015625 0.0673828125
59 0.2216796875 0.681640625 0.04541015625 0.07421875
37 0.2890625 0.681640625 0.04443359375 0.07666015625
48 0.421875 0.6748046875 0.03857421875 0.07421875
53 0.48779296875 0.67236328125 0.04443359375 0.07763671875
65 0.5556640625 0.67236328125 0.04443359375 0.0751953125
55 0.6240234375 0.671875 0.041015625 0.07421875
54 0.27490234375 0.04052734375 0.04638671875 0.0732421875
6 0.33837890625 0.0400390625 0.0419921875 0.07958984375