54 0.156494140625 0.08935546875 0.06982421875 0.10302734375
4 0.2294921875 0.087890625 0.06982421875 0.10302734375
54 0.38525390625 0.085693359375 0.06982421875 0.10302734375
2 0.464111328125 0.086181640625 0.06982421875 0.10302734375
54 0.620361328125 0.0869140625 0.06982421875 0.10302734375
5 0.700439453125 0.0849609375 0.06982421875 0.10302734375
54 0.853759765625 0.0908203125 0.06982421875 0.10302734375
6 0.937744140625 0.08984375 0.06982421875 0.10302734375
53 0.030517578125 0.572509765625 0.06005859375 0.0869140625
41 0.095947265625 0.572021484375 0.06005859375 0.0869140625
37 0.166748046875 0.57177734375 0.06005859375 0.0869140625
53 0.241455078125 0.571533203125 0.06005859375 0.0869140625
46 0.317138671875 0.571044921875 0.06005859375 0.0869140625
59 0.03271484375 0.693603515625 0.06005859375 0.0869140625
60 0.1005859375 0.692138671875 0.06005859375 0.0869140625
37 0.167236328125 0.6904296875 0.06005859375 0.0869140625
50 0.31396484375 0.69091796875 0.06005859375 0.0869140625
37 0.388671875 0.693115234375 0.06005859375 0.0869140625
65 0.45947265625 0.69140625 0.06005859375 0.0869140625
55 0.53125 0.694091796875 0.06005859375 0.0869140625
61 0.458984375 0.57568359375 0.06005859375 0.0869140625
52 0.53369140625 0.573974609375 0.06005859375 0.0869140625
37 0.60546875 0.576416015625 0.06005859375 0.0869140625
46 0.681640625 0.577392578125 0.06005859375 0.0869140625
37 0.7587890625 0.57568359375 0.06005859375 0.0869140625
59 0.89990234375 0.58154296875 0.06005859375 0.0869140625
37 0.970947265625 0.57666015625 0.05810546875 0.0869140625