58 0.04833333333333333 0.12944333333333333 0.03444333333333333 0.05889
53 0.18833333333333332 0.12944333333333333 0.03444333333333333 0.05889
59 0.09389 0.12722 0.03444333333333333 0.05889
55 0.23944333333333334 0.12777666666666665 0.03444333333333333 0.055556666666666664
59 0.3394433333333334 0.12777666666666665 0.03444333333333333 0.055556666666666664
56 0.38610999999999995 0.12666666666666668 0.03444333333333333 0.055556666666666664
37 0.43611 0.12889 0.03444333333333333 0.055556666666666664
39 0.48611 0.12666666666666668 0.03444333333333333 0.055556666666666664
43 0.53611 0.12666666666666668 0.03444333333333333 0.055556666666666664
46 0.05055666666666666 0.2927766666666667 0.03444333333333333 0.05889
47 0.09805666666666667 0.2927766666666667 0.03444333333333333 0.05889
48 0.14722333333333334 0.29194333333333333 0.03444333333333333 0.05889
49 0.19555666666666666 0.2927766666666667 0.03444333333333333 0.05889
50 0.24055666666666664 0.29444333333333333 0.03444333333333333 0.05889
51 0.29055666666666663 0.29444333333333333 0.03444333333333333 0.05889
52 0.3405566666666667 0.29444333333333333 0.03444333333333333 0.05889
53 0.38639 0.29611000000000004 0.03444333333333333 0.05889
42 0.4855566666666667 0.29694333333333334 0.03444333333333333 0.05889
44 0.53389 0.29694333333333334 0.03444333333333333 0.05889
53 0.6305566666666667 0.29861 0.03444333333333333 0.05889
46 0.6822233333333334 0.29944333333333334 0.03444333333333333 0.05889
55 0.7805566666666667 0.2977766666666667 0.03444333333333333 0.05889
56 0.82889 0.29861 0.03444333333333333 0.05889
57 0.8797233333333334 0.29944333333333334 0.03444333333333333 0.05889
58 0.9280566666666666 0.3002766666666667 0.03444333333333333 0.05889
59 0.9797233333333334 0.29861 0.03444333333333333 0.05889
40 0.05722333333333333 0.36777666666666664 0.03444333333333333 0.05889
40 0.10389000000000001 0.36777666666666664 0.03444333333333333 0.05889
40 0.15139 0.3719433333333333 0.03444333333333333 0.05889
54 0.24722333333333332 0.37277666666666665 0.03444333333333333 0.05889
54 0.3405566666666667 0.37361 0.03444333333333333 0.05889
54 0.43722333333333335 0.3769433333333333 0.03444333333333333 0.05889
59 0.05764 0.44569333333333333 0.03194333333333333 0.05139
56 0.10347333333333333 0.44486 0.03194333333333333 0.05139
37 0.15014 0.44569333333333333 0.03194333333333333 0.05139
39 0.20013999999999998 0.4465266666666666 0.03194333333333333 0.05139
43 0.24680666666666665 0.4465266666666666 0.03194333333333333 0.05139
38 0.015969999999999998 0.5190266666666666 0.03194333333333333 0.05139
39 0.10763666666666667 0.51986 0.031939999999999996 0.05139
41 0.20346999999999998 0.5223599999999999 0.031939999999999996 0.05139
43 0.29763666666666666 0.5231933333333333 0.031939999999999996 0.05139
45 0.38930333333333333 0.5231933333333333 0.031939999999999996 0.05139
46 0.48347 0.5240266666666666 0.031939999999999996 0.05139
47 0.5751366666666667 0.52486 0.031939999999999996 0.05139
48 0.6701366666666667 0.5256933333333333 0.031939999999999996 0.05139
49 0.7659699999999999 0.5306933333333334 0.031939999999999996 0.05139
50 0.8626366666666666 0.5323599999999999 0.031939999999999996 0.05139
51 0.9568033333333333 0.5356933333333334 0.031939999999999996 0.05139
53 0.02097 0.5931933333333334 0.031939999999999996 0.05139
46 0.06847 0.59236 0.031939999999999996 0.05139
55 0.15930333333333335 0.5948599999999999 0.031939999999999996 0.05139
56 0.2501366666666667 0.5948599999999999 0.031939999999999996 0.05139
57 0.3451366666666667 0.59736 0.031939999999999996 0.05139
58 0.4376366666666667 0.5965266666666666 0.031939999999999996 0.05139
59 0.5276366666666666 0.5956933333333333 0.031939999999999996 0.05139
60 0.6193033333333333 0.6031933333333334 0.031939999999999996 0.05139
61 0.7143033333333333 0.60236 0.031939999999999996 0.05139
62 0.8076366666666667 0.6090266666666666 0.031939999999999996 0.05139
63 0.9068033333333333 0.6090266666666666 0.031939999999999996 0.05139
61 0.030969999999999998 0.7290266666666666 0.031939999999999996 0.05139
52 0.07430333333333333 0.72986 0.031939999999999996 0.05139
38 0.11930333333333334 0.7306933333333333 0.031939999999999996 0.05139
43 0.16513666666666668 0.73236 0.031939999999999996 0.05139
58 0.21097 0.73236 0.031939999999999996 0.05139
59 0.25680333333333333 0.7331933333333334 0.031939999999999996 0.05139
54 0.08847000000000001 0.8640266666666666 0.031939999999999996 0.05139
54 0.1743033333333333 0.8656933333333333 0.031939999999999996 0.05139
54 0.3043033333333333 0.8690266666666666 0.031939999999999996 0.05139
54 0.4393033333333334 0.86986 0.031939999999999996 0.05139
54 0.5701366666666667 0.8765266666666667 0.031939999999999996 0.05139
54 0.7034699999999999 0.87736 0.031939999999999996 0.05139
54 0.8376366666666666 0.88486 0.031939999999999996 0.05139
54 0.9768033333333332 0.88986 0.031939999999999996 0.05139
2 0.12930333333333335 0.86736 0.031939999999999996 0.05139
3 0.21930333333333332 0.8681933333333333 0.031939999999999996 0.05139
4 0.3476366666666667 0.8681933333333333 0.031939999999999996 0.05139
5 0.48180333333333336 0.8715266666666667 0.031939999999999996 0.05139
6 0.6126366666666667 0.87736 0.031939999999999996 0.05139
7 0.7493033333333333 0.8823599999999999 0.031939999999999996 0.05139
8 0.8851366666666666 0.8873599999999999 0.031939999999999996 0.05139