53 0.12060546875 0.434326171875 0.05419921875 0.09033203125
46 0.19384765625 0.433837890625 0.04736328125 0.087890625
55 0.34521484375 0.43505859375 0.05419921875 0.09228515625
56 0.421875 0.43359375 0.0498046875 0.09033203125
57 0.49609375 0.431640625 0.05419921875 0.0869140625
58 0.57080078125 0.43359375 0.0498046875 0.0947265625
59 0.64501953125 0.434814453125 0.0498046875 0.0966796875
60 0.72119140625 0.434814453125 0.0595703125 0.09375
61 0.79541015625 0.430908203125 0.048828125 0.09130859375
47 0.06396484375 0.779296875 0.0517578125 0.08935546875
48 0.2041015625 0.779541015625 0.0498046875 0.08154296875
49 0.35107421875 0.7802734375 0.05078125 0.0869140625
50 0.49755859375 0.77783203125 0.05322265625 0.0859375
51 0.640625 0.777099609375 0.0517578125 0.08349609375
52 0.783203125 0.773681640625 0.05322265625 0.0791015625
60 0.14013671875 0.886474609375 0.048828125 0.07470703125
61 0.28076171875 0.888916015625 0.0498046875 0.08154296875
62 0.42041015625 0.89013671875 0.0517578125 0.0859375
63 0.5654296875 0.887451171875 0.04638671875 0.08154296875