66 0.016845703125 0.058349609375 0.03369140625 0.06005859375
40 0.119873046875 0.057373046875 0.04248046875 0.0546875
40 0.171630859375 0.054931640625 0.0390625 0.048828125
40 0.224365234375 0.053466796875 0.041015625 0.048828125
54 0.33349609375 0.04248046875 0.033203125 0.05908203125
54 0.4404296875 0.0380859375 0.03759765625 0.06298828125
54 0.54833984375 0.03662109375 0.0390625 0.06103515625
59 0.130126953125 0.13916015625 0.0341796875 0.0556640625
56 0.181396484375 0.136962890625 0.03466796875 0.05712890625
37 0.235107421875 0.134521484375 0.03759765625 0.056640625
39 0.28564453125 0.131103515625 0.03662109375 0.056640625
43 0.337890625 0.129150390625 0.037109375 0.0595703125
38 0.090087890625 0.224853515625 0.033203125 0.04931640625
39 0.190673828125 0.2197265625 0.0341796875 0.0517578125
41 0.292724609375 0.217041015625 0.0341796875 0.05224609375
43 0.395263671875 0.214111328125 0.03662109375 0.05419921875
45 0.4990234375 0.21240234375 0.0361328125 0.0556640625
46 0.6025390625 0.211181640625 0.0341796875 0.05712890625
47 0.70849609375 0.206787109375 0.03271484375 0.05615234375
48 0.814453125 0.207275390625 0.0361328125 0.056640625
49 0.92041015625 0.2080078125 0.03466796875 0.06103515625
53 0.101318359375 0.309326171875 0.0341796875 0.0537109375
46 0.152099609375 0.307861328125 0.03271484375 0.05517578125
55 0.250244140625 0.3056640625 0.0380859375 0.05712890625
56 0.348876953125 0.302490234375 0.0341796875 0.0556640625
57 0.450439453125 0.30224609375 0.0341796875 0.0556640625
58 0.550537109375 0.29833984375 0.033203125 0.05419921875
59 0.654052734375 0.298095703125 0.03369140625 0.05224609375
60 0.75732421875 0.294921875 0.0361328125 0.05419921875
61 0.86181640625 0.29150390625 0.03369140625 0.05712890625
62 0.96337890625 0.291259765625 0.03271484375 0.0537109375
53 0.07568359375 0.46337890625 0.03466796875 0.0498046875
61 0.123046875 0.461669921875 0.03369140625 0.0498046875
52 0.1689453125 0.4609375 0.0341796875 0.0498046875
38 0.21826171875 0.45947265625 0.0341796875 0.05029296875
43 0.26513671875 0.458251953125 0.0322265625 0.04931640625
58 0.31396484375 0.460205078125 0.02978515625 0.046875
59 0.36083984375 0.458984375 0.0302734375 0.04638671875
54 0.049560546875 0.612060546875 0.02783203125 0.0478515625
54 0.181884765625 0.612548828125 0.029296875 0.04931640625
54 0.274169921875 0.611328125 0.02978515625 0.04931640625
54 0.414794921875 0.61181640625 0.03125 0.0498046875
54 0.557861328125 0.61181640625 0.02978515625 0.0498046875
54 0.702880859375 0.6103515625 0.03125 0.0498046875
54 0.852783203125 0.608642578125 0.03125 0.0537109375
54 0.0537109375 0.755859375 0.03173828125 0.0478515625
54 0.18603515625 0.758544921875 0.03173828125 0.0498046875
54 0.3251953125 0.759521484375 0.03125 0.0498046875
54 0.46630859375 0.758544921875 0.0283203125 0.0478515625
54 0.607177734375 0.760009765625 0.0283203125 0.04931640625
54 0.753662109375 0.75830078125 0.0302734375 0.046875
54 0.898193359375 0.7587890625 0.03369140625 0.05029296875
1 0.091552734375 0.611328125 0.029296875 0.04833984375
2 0.228271484375 0.61181640625 0.03076171875 0.04931640625
3 0.321044921875 0.610107421875 0.0283203125 0.0498046875
4 0.461181640625 0.610107421875 0.03271484375 0.04931640625
5 0.604248046875 0.610107421875 0.02978515625 0.0498046875
6 0.752197265625 0.609375 0.02978515625 0.05419921875
7 0.900634765625 0.609375 0.03125 0.05029296875
3 0.0966796875 0.755126953125 0.0302734375 0.04736328125
4 0.23193359375 0.75732421875 0.02978515625 0.04833984375
2 0.3701171875 0.7587890625 0.029296875 0.048828125
5 0.51123046875 0.75732421875 0.03076171875 0.048828125
6 0.656494140625 0.757568359375 0.0302734375 0.04833984375
7 0.802001953125 0.756591796875 0.0302734375 0.046875
8 0.946044921875 0.757080078125 0.0302734375 0.05078125