65 0.16174666666666668 0.15588 0.048703333333333335 0.06790333333333333
66 0.28087666666666666 0.15785666666666667 0.048703333333333335 0.06790333333333333
53 0.16240666666666667 0.057093333333333336 0.048703333333333335 0.06790333333333333
42 0.2848266666666667 0.053143333333333334 0.048703333333333335 0.06790333333333333
44 0.34274666666666664 0.05742333333333334 0.05133666666666666 0.06856333333333334
53 0.46648333333333336 0.055446666666666665 0.05133666666666666 0.07251333333333333
46 0.5342733333333333 0.055446666666666665 0.05133666666666666 0.07251333333333333
55 0.6599833333333334 0.06005666666666666 0.05133666666666666 0.07251333333333333
56 0.7889833333333333 0.06269 0.05133666666666666 0.07251333333333333
54 0.15845666666666666 0.45158 0.048703333333333335 0.06790333333333333
57 0.9160100000000001 0.06663999999999999 0.05133666666666666 0.07251333333333333
24 0.21769333333333335 0.25334999999999996 0.048703333333333335 0.06790333333333333
48 0.27626999999999996 0.25005666666666665 0.048703333333333335 0.06790333333333333
53 0.4003366666666667 0.25499666666666665 0.04936 0.07119666666666667
61 0.46023000000000003 0.25894666666666666 0.04936 0.07119666666666667
52 0.5234133333333333 0.26026333333333335 0.04936 0.07119666666666667
38 0.58923 0.26026333333333335 0.04936 0.07119666666666667
43 0.6517566666666667 0.26355666666666666 0.04936 0.07119666666666667
58 0.7169166666666666 0.26289666666666667 0.04936 0.07119666666666667
59 0.77747 0.26619000000000004 0.04936 0.07119666666666667
0 0.22098333333333334 0.45224000000000003 0.048703333333333335 0.06790333333333333
54 0.15977333333333332 0.63664 0.048703333333333335 0.06790333333333333
1 0.21835 0.6373 0.048703333333333335 0.06790333333333333
1 0.4026366666666667 0.4548733333333333 0.048703333333333335 0.06790333333333333
3 0.39671333333333336 0.6438866666666667 0.048703333333333335 0.06790333333333333
0 0.22065333333333334 0.73016 0.04804666666666666 0.06790333333333333
4 0.57442 0.6544233333333334 0.048703333333333335 0.06790333333333333
54 0.15977333333333332 0.7281833333333334 0.048703333333333335 0.06790333333333333
54 0.33353 0.6425666666666667 0.048703333333333335 0.06790333333333333
54 0.5118933333333333 0.64981 0.048703333333333335 0.06790333333333333
54 0.69355 0.65969 0.048703333333333335 0.06790333333333333
2 0.7547600000000001 0.6610066666666666 0.048703333333333335 0.06790333333333333
54 0.8815333333333333 0.6682899999999999 0.048703333333333335 0.06790333333333333
5 0.9427633333333333 0.6661400000000001 0.048703333333333335 0.06790333333333333
4 0.8965733333333332 0.47481333333333336 0.048703333333333335 0.06790333333333333
54 0.8324966666666666 0.47621 0.05160666666666666 0.07371333333333333
54 0.6423666666666666 0.46967333333333333 0.05160666666666666 0.07371333333333333
3 0.7055 0.47040000000000004 0.05160666666666666 0.07371333333333333
54 0.5186366666666667 0.46205 0.04652666666666667 0.07153333333333334
2 0.5832233333333333 0.46205 0.04652666666666667 0.07153333333333334
54 0.34084333333333333 0.4555133333333333 0.04652666666666667 0.07153333333333334