40 0.1747233333333333 0.25944333333333336 0.01611 0.02889
22 0.19528 0.25888666666666665 0.01611 0.02889
43 0.21805666666666665 0.25833 0.01611 0.02889
60 0.24139 0.25833 0.01611 0.02889
60 0.26361333333333337 0.25944 0.01611 0.02889
43 0.2869466666666667 0.25833 0.01611 0.02889
58 0.3097233333333333 0.2605533333333333 0.01611 0.02889
59 0.33194666666666667 0.26166333333333336 0.01611 0.02889
53 0.37639 0.26277333333333336 0.01611 0.02889
55 0.3975 0.26221666666666665 0.01611 0.02889
59 0.4430566666666667 0.2638833333333333 0.01611 0.02889
56 0.46416666666666667 0.2638833333333333 0.01611 0.02889
37 0.4869433333333333 0.26499333333333336 0.01611 0.02889
39 0.5080533333333334 0.26555 0.01611 0.02889
43 0.5291633333333333 0.26499333333333336 0.01611 0.02889
37 0.17638666666666666 0.33332666666666666 0.01611 0.02889
38 0.19861 0.33499333333333337 0.01611 0.02889
39 0.22305333333333333 0.3338833333333333 0.01611 0.02889
41 0.24583 0.3338833333333333 0.01611 0.02889
43 0.26694 0.33332666666666666 0.01611 0.02889
45 0.2902733333333333 0.33555 0.01611 0.02889
46 0.31249666666666664 0.33444 0.01611 0.02889
47 0.33471999999999996 0.33555 0.01611 0.02889
48 0.3563866666666667 0.33555 0.01611 0.02889
49 0.37861 0.33499333333333337 0.01611 0.02889
50 0.39916666666666667 0.33721666666666666 0.01611 0.02889
51 0.4219433333333333 0.33721666666666666 0.01611 0.02889
52 0.44360999999999995 0.33721666666666666 0.01611 0.02889
53 0.46472 0.33666 0.01611 0.02889
42 0.50861 0.3388833333333333 0.01611 0.02889
44 0.5280533333333334 0.33832666666666666 0.01611 0.02889
53 0.57083 0.33832666666666666 0.01611 0.02889
46 0.59194 0.3388833333333333 0.01611 0.02889
55 0.6347166666666667 0.3388833333333333 0.01611 0.02889
56 0.6563833333333333 0.33944 0.01611 0.02889
57 0.6786066666666667 0.33999666666666667 0.01611 0.02889
58 0.6986066666666667 0.3405533333333333 0.01611 0.02889
59 0.7202733333333334 0.3405533333333333 0.01611 0.02889
60 0.7413833333333334 0.33999666666666667 0.01611 0.02889
61 0.76305 0.33944 0.01611 0.02889
62 0.17916 0.36888333333333334 0.01611 0.02889
63 0.20304999999999998 0.36944 0.01611 0.02889
64 0.22471666666666665 0.3699966666666667 0.01611 0.02889
65 0.24694000000000002 0.3688866666666667 0.01611 0.02889
66 0.2691633333333333 0.37055333333333335 0.01611 0.02889
40 0.31528 0.37 0.01611 0.02889
40 0.33694666666666667 0.37 0.01611 0.02889
40 0.35917 0.37111 0.01611 0.02889
54 0.4025033333333333 0.37111 0.01611 0.02889
54 0.44417 0.37166666666666665 0.01611 0.02889
54 0.48694666666666664 0.37333333333333335 0.01611 0.02889
40 0.18361333333333335 0.4033333333333333 0.01611 0.02666666666666667
33 0.20528000000000002 0.40389 0.01611 0.02666666666666667
48 0.22638999999999998 0.40389 0.01611 0.02666666666666667
60 0.24916666666666668 0.405 0.01611 0.02666666666666667
47 0.2708333333333333 0.4033333333333333 0.01611 0.02666666666666667
59 0.31639 0.405 0.01611 0.02666666666666667
56 0.3375 0.4044433333333333 0.01611 0.02666666666666667
37 0.35861 0.4055533333333334 0.01611 0.02666666666666667
39 0.37972 0.4055533333333334 0.01611 0.02666666666666667
43 0.40138666666666667 0.40499666666666667 0.01611 0.02666666666666667
37 0.18194333333333335 0.43888333333333335 0.013886666666666665 0.023333333333333334
38 0.20638666666666666 0.4377733333333333 0.013886666666666665 0.023333333333333334
37 0.24972 0.4377733333333333 0.013886666666666665 0.023333333333333334
38 0.29416333333333333 0.43833 0.013886666666666665 0.023333333333333334
39 0.3380533333333333 0.4377733333333333 0.013886666666666665 0.023333333333333334
41 0.3813866666666667 0.43833 0.013886666666666665 0.023333333333333334
43 0.4219433333333333 0.43944 0.013886666666666665 0.023333333333333334
45 0.4652766666666666 0.43944 0.013886666666666665 0.023333333333333334
46 0.5075 0.43999666666666665 0.013886666666666665 0.023333333333333334
47 0.5480566666666666 0.43999666666666665 0.013886666666666665 0.023333333333333334
48 0.59028 0.44110666666666665 0.013886666666666665 0.023333333333333334
49 0.6330566666666667 0.44166333333333335 0.013886666666666665 0.023333333333333334
50 0.6736133333333333 0.44222 0.013886666666666665 0.023333333333333334
51 0.7158366666666668 0.44111 0.013886666666666665 0.023333333333333334
52 0.7602800000000001 0.44222 0.013886666666666665 0.023333333333333334
53 0.18639 0.47444333333333333 0.013886666666666665 0.023333333333333334
42 0.23138999999999998 0.4716666666666667 0.013886666666666665 0.023333333333333334
44 0.25361333333333336 0.4722233333333334 0.013886666666666665 0.023333333333333334
53 0.29639 0.47278 0.013886666666666665 0.023333333333333334
46 0.31694666666666665 0.47278 0.013886666666666665 0.023333333333333334
55 0.36083666666666664 0.47278 0.013886666666666665 0.023333333333333334
56 0.4019466666666666 0.47278 0.013886666666666665 0.023333333333333334
57 0.44417 0.4744466666666666 0.013886666666666665 0.023333333333333334
58 0.48639333333333334 0.4744466666666666 0.013886666666666665 0.023333333333333334
59 0.5269499999999999 0.47500333333333333 0.013886666666666665 0.023333333333333334
60 0.5686166666666667 0.47611333333333333 0.013886666666666665 0.023333333333333334
61 0.6108399999999999 0.47500333333333333 0.013886666666666665 0.023333333333333334
62 0.6530633333333333 0.47611333333333333 0.013886666666666665 0.023333333333333334
63 0.6947300000000001 0.47667 0.013886666666666665 0.023333333333333334
65 0.18806333333333336 0.5088933333333333 0.013886666666666665 0.023333333333333334
66 0.23195333333333334 0.50667 0.013886666666666665 0.023333333333333334
40 0.19362000000000001 0.5400033333333333 0.013886666666666665 0.023333333333333334
24 0.21306333333333335 0.5394466666666666 0.013886666666666665 0.023333333333333334
48 0.23417333333333332 0.53889 0.013886666666666665 0.023333333333333334
53 0.27806333333333333 0.5372233333333334 0.013886666666666665 0.023333333333333334
61 0.29973 0.5366666666666666 0.013886666666666665 0.023333333333333334
52 0.31973 0.53611 0.013886666666666665 0.023333333333333334
38 0.34084 0.53611 0.013886666666666665 0.023333333333333334
43 0.36250666666666664 0.53722 0.013886666666666665 0.023333333333333334
58 0.38361666666666666 0.5366633333333334 0.013886666666666665 0.023333333333333334
59 0.40417333333333333 0.5377733333333333 0.013886666666666665 0.023333333333333334
54 0.19806333333333334 0.6033333333333334 0.013886666666666665 0.023333333333333334
54 0.19973000000000002 0.66611 0.013886666666666665 0.023333333333333334
54 0.19862 0.7027766666666666 0.013886666666666665 0.023333333333333334
54 0.26084 0.6033333333333334 0.013886666666666665 0.023333333333333334
54 0.25973 0.67 0.013886666666666665 0.023333333333333334
54 0.32139666666666666 0.6055566666666667 0.013886666666666665 0.023333333333333334
54 0.31973 0.67 0.013886666666666665 0.023333333333333334
54 0.36361999999999994 0.6044433333333333 0.013886666666666665 0.023333333333333334
54 0.3819533333333333 0.67 0.013886666666666665 0.023333333333333334
54 0.42417666666666665 0.6061099999999999 0.013886666666666665 0.023333333333333334
54 0.4452866666666666 0.67111 0.013886666666666665 0.023333333333333334
54 0.48473 0.60722 0.013886666666666665 0.023333333333333334
54 0.5063966666666667 0.6727766666666667 0.013886666666666665 0.023333333333333334
54 0.5491733333333333 0.6077766666666666 0.013886666666666665 0.023333333333333334
54 0.5697300000000001 0.67111 0.013886666666666665 0.023333333333333334
54 0.6091733333333333 0.60722 0.013886666666666665 0.023333333333333334
54 0.6313966666666667 0.6738866666666667 0.013886666666666665 0.023333333333333334
54 0.6725066666666667 0.6094433333333333 0.013886666666666665 0.023333333333333334
54 0.6947300000000001 0.6744433333333333 0.013886666666666665 0.023333333333333334
54 0.73473 0.61222 0.013886666666666665 0.023333333333333334
0 0.21750666666666665 0.6027766666666666 0.013886666666666665 0.023333333333333334
0 0.21750666666666665 0.7033333333333334 0.013886666666666665 0.023333333333333334
1 0.28084 0.6027766666666666 0.013886666666666665 0.023333333333333334
1 0.21806333333333336 0.6666666666666666 0.013886666666666665 0.023333333333333334
2 0.3402866666666667 0.6033333333333334 0.013886666666666665 0.023333333333333334
3 0.38306333333333337 0.6033333333333334 0.013886666666666665 0.023333333333333334
4 0.44473 0.605 0.013886666666666665 0.023333333333333334
5 0.50584 0.605 0.013886666666666665 0.023333333333333334
6 0.5680633333333334 0.605 0.013886666666666665 0.023333333333333334
7 0.62973 0.6061099999999999 0.013886666666666665 0.023333333333333334
8 0.6930633333333334 0.6088866666666667 0.013886666666666665 0.023333333333333334
9 0.7569533333333334 0.6105533333333334 0.013886666666666665 0.023333333333333334
9 0.7141766666666667 0.67611 0.013886666666666665 0.023333333333333334
8 0.6525066666666667 0.67333 0.013886666666666665 0.023333333333333334
7 0.5886199999999999 0.6733333333333333 0.013886666666666665 0.023333333333333334
6 0.5275066666666667 0.6716666666666666 0.013886666666666665 0.023333333333333334
5 0.4652833333333333 0.6705566666666667 0.013886666666666665 0.023333333333333334
4 0.3402866666666667 0.67 0.013886666666666665 0.023333333333333334
3 0.27862 0.6694433333333333 0.013886666666666665 0.023333333333333334
2 0.4013966666666667 0.67111 0.013886666666666665 0.023333333333333334
52 0.19291666666666665 0.80396 0.015833333333333335 0.024583333333333332
37 0.21458333333333332 0.8031266666666667 0.015833333333333335 0.024583333333333332
46 0.23291666666666666 0.80396 0.015833333333333335 0.024583333333333332
37 0.25416666666666665 0.80396 0.015833333333333335 0.024583333333333332
53 0.27416666666666667 0.8047933333333334 0.015833333333333335 0.024583333333333332
41 0.29583333333333334 0.80521 0.015833333333333335 0.024583333333333332
37 0.31708333333333333 0.8047933333333334 0.015833333333333335 0.024583333333333332
53 0.3375 0.80521 0.015833333333333335 0.024583333333333332
46 0.3591666666666667 0.8047933333333334 0.015833333333333335 0.024583333333333332
61 0.40125 0.8064600000000001 0.015833333333333335 0.024583333333333332
52 0.4216666666666667 0.8064600000000001 0.015833333333333335 0.024583333333333332
37 0.4425 0.8064600000000001 0.015833333333333335 0.024583333333333332
46 0.46416666666666667 0.8064600000000001 0.015833333333333335 0.024583333333333332
37 0.4845833333333333 0.8064600000000001 0.015833333333333335 0.024583333333333332
59 0.52625 0.80771 0.015833333333333335 0.024583333333333332
37 0.5470833333333334 0.80771 0.015833333333333335 0.024583333333333332
48 0.5895833333333333 0.8097933333333334 0.015833333333333335 0.024583333333333332
53 0.61125 0.8085433333333334 0.015833333333333335 0.024583333333333332
65 0.6320833333333333 0.80896 0.015833333333333335 0.024583333333333332
55 0.6525 0.80896 0.015833333333333335 0.024583333333333332
50 0.1925 0.8397933333333334 0.015833333333333335 0.024583333333333332
61 0.21166666666666667 0.8397933333333334 0.015833333333333335 0.024583333333333332
52 0.23291666666666666 0.8393766666666667 0.015833333333333335 0.024583333333333332
61 0.25375 0.8397933333333334 0.015833333333333335 0.024583333333333332
59 0.275 0.8406266666666667 0.015833333333333335 0.024583333333333332
60 0.2966666666666667 0.8393766666666667 0.015833333333333335 0.024583333333333332
37 0.31625 0.84021 0.015833333333333335 0.024583333333333332
50 0.35833333333333334 0.84021 0.015833333333333335 0.024583333333333332
37 0.38125 0.8393766666666667 0.015833333333333335 0.024583333333333332
65 0.40041666666666664 0.8397933333333334 0.015833333333333335 0.024583333333333332
55 0.42333333333333334 0.8406266666666667 0.015833333333333335 0.024583333333333332