59 0.032958984375 0.060791015625 0.05712890625 0.08447265625
56 0.115966796875 0.060302734375 0.05810546875 0.08935546875
37 0.197021484375 0.058349609375 0.0556640625 0.0947265625
39 0.281005859375 0.054931640625 0.05712890625 0.08935546875
43 0.362548828125 0.052978515625 0.0556640625 0.087890625
53 0.09619140625 0.32470703125 0.06005859375 0.09033203125
42 0.27294921875 0.32666015625 0.06005859375 0.0947265625
44 0.35595703125 0.3251953125 0.05908203125 0.09033203125
53 0.5302734375 0.327880859375 0.0615234375 0.08935546875
46 0.61865234375 0.325439453125 0.0537109375 0.0869140625
55 0.79541015625 0.327392578125 0.06005859375 0.08935546875
56 0.8798828125 0.329833984375 0.06005859375 0.09033203125
57 0.962890625 0.328369140625 0.0537109375 0.0947265625
54 0.179443359375 0.46826171875 0.0625 0.09228515625
45 0.08203125 0.74853515625 0.06005859375 0.095703125
46 0.26220703125 0.751953125 0.064453125 0.1025390625
47 0.4443359375 0.7509765625 0.05810546875 0.1025390625
48 0.625 0.748779296875 0.05908203125 0.09130859375
49 0.80517578125 0.752685546875 0.05224609375 0.0966796875
58 0.168701171875 0.89697265625 0.06005859375 0.09375
59 0.35205078125 0.90087890625 0.0625 0.0966796875
60 0.5302734375 0.902587890625 0.0634765625 0.09375
61 0.71240234375 0.900146484375 0.0615234375 0.10009765625
62 0.887939453125 0.893798828125 0.0615234375 0.09814453125