54 0.075439453125 0.90380859375 0.033203125 0.0537109375
5 0.115966796875 0.903564453125 0.033203125 0.0537109375
54 0.203857421875 0.907958984375 0.033203125 0.0537109375
6 0.24609375 0.9111328125 0.033203125 0.0537109375
54 0.339111328125 0.908935546875 0.033203125 0.0537109375
54 0.297119140625 0.7685546875 0.033203125 0.0537109375
54 0.162841796875 0.76611328125 0.033203125 0.0537109375
54 0.031982421875 0.766357421875 0.033203125 0.0537109375
54 0.429931640625 0.769775390625 0.033203125 0.0537109375
54 0.471435546875 0.909423828125 0.033203125 0.0537109375
54 0.562744140625 0.769287109375 0.033203125 0.0537109375
54 0.608154296875 0.912109375 0.033203125 0.0537109375
54 0.697021484375 0.771728515625 0.033203125 0.0537109375
9 0.740966796875 0.77294921875 0.033203125 0.0537109375
9 0.650146484375 0.913330078125 0.033203125 0.0537109375
8 0.605712890625 0.7724609375 0.033203125 0.0537109375
8 0.515869140625 0.91259765625 0.033203125 0.0537109375
7 0.472900390625 0.771240234375 0.033203125 0.0537109375
7 0.3818359375 0.912109375 0.033203125 0.0537109375
6 0.339111328125 0.768310546875 0.033203125 0.0537109375
5 0.208251953125 0.76611328125 0.033203125 0.0537109375
4 0.077880859375 0.763671875 0.033203125 0.0537109375
57 0.08203125 0.4814453125 0.033203125 0.05029296875
58 0.167236328125 0.484375 0.033203125 0.05029296875
59 0.257568359375 0.484619140625 0.033203125 0.05029296875
46 0.2119140625 0.41455078125 0.033203125 0.05029296875
48 0.390625 0.416015625 0.033203125 0.05029296875
45 0.12646484375 0.411865234375 0.033203125 0.05029296875
49 0.47705078125 0.41552734375 0.033203125 0.05029296875
60 0.343505859375 0.487548828125 0.033203125 0.05029296875
61 0.431884765625 0.487548828125 0.033203125 0.05029296875
47 0.3017578125 0.41455078125 0.033203125 0.05029296875
50 0.56494140625 0.417236328125 0.033203125 0.05029296875
51 0.6513671875 0.416748046875 0.033203125 0.05029296875
52 0.7373046875 0.416259765625 0.033203125 0.05029296875
62 0.519775390625 0.4873046875 0.033203125 0.05029296875
63 0.607666015625 0.48779296875 0.033203125 0.05029296875
44 0.26513671875 0.207275390625 0.03271484375 0.044921875
42 0.22216796875 0.20703125 0.03271484375 0.044921875
53 0.13623046875 0.20703125 0.03271484375 0.044921875
52 0.09228515625 0.208251953125 0.03271484375 0.044921875
51 0.0517578125 0.208984375 0.03271484375 0.044921875
54 0.091064453125 0.276611328125 0.03271484375 0.044921875
54 0.175048828125 0.275634765625 0.03271484375 0.044921875
53 0.3486328125 0.207275390625 0.03271484375 0.044921875
46 0.39404296875 0.20703125 0.03271484375 0.044921875
55 0.4794921875 0.208984375 0.03271484375 0.044921875
56 0.5224609375 0.208984375 0.03271484375 0.044921875
57 0.56494140625 0.208740234375 0.03271484375 0.044921875
58 0.60595703125 0.209716796875 0.03271484375 0.044921875
59 0.65234375 0.209228515625 0.03271484375 0.044921875
60 0.6982421875 0.2099609375 0.03271484375 0.044921875
61 0.74072265625 0.210205078125 0.03271484375 0.044921875