40 0.03466796875 0.1435546875 0.02197265625 0.03662109375
22 0.0634765625 0.142578125 0.02490234375 0.03759765625
14 0.0966796875 0.14306640625 0.0234375 0.037109375
30 0.1279296875 0.14208984375 0.021484375 0.03857421875
30 0.162109375 0.1416015625 0.021484375 0.03759765625
14 0.193359375 0.14013671875 0.02197265625 0.037109375
28 0.22607421875 0.140625 0.021484375 0.037109375
29 0.2587890625 0.14111328125 0.02001953125 0.03466796875
53 0.32275390625 0.140625 0.02099609375 0.0361328125
55 0.3544921875 0.14111328125 0.021484375 0.037109375
59 0.41796875 0.14111328125 0.021484375 0.037109375
56 0.44970703125 0.1396484375 0.02392578125 0.0341796875
37 0.48095703125 0.14013671875 0.021484375 0.03515625
39 0.51123046875 0.1396484375 0.02294921875 0.0361328125
43 0.5419921875 0.1396484375 0.021484375 0.037109375
37 0.04052734375 0.25048828125 0.02197265625 0.033203125
38 0.0732421875 0.2490234375 0.02392578125 0.03369140625
39 0.1064453125 0.24853515625 0.021484375 0.03369140625
41 0.1376953125 0.248046875 0.02197265625 0.03369140625
43 0.1689453125 0.24853515625 0.02392578125 0.033203125
45 0.2021484375 0.2490234375 0.0224609375 0.03564453125
46 0.2333984375 0.25 0.0224609375 0.0341796875
47 0.26611328125 0.24951171875 0.02197265625 0.03759765625
48 0.298828125 0.2490234375 0.02099609375 0.03564453125
49 0.32958984375 0.24951171875 0.0205078125 0.037109375
50 0.3603515625 0.248046875 0.02099609375 0.0361328125
51 0.39111328125 0.248046875 0.021484375 0.0361328125
52 0.42236328125 0.24755859375 0.01904296875 0.0361328125
53 0.4521484375 0.248046875 0.02099609375 0.0361328125
42 0.51318359375 0.24609375 0.02099609375 0.03369140625
44 0.54345703125 0.24609375 0.02099609375 0.03466796875
53 0.60302734375 0.2451171875 0.01904296875 0.0341796875
46 0.6337890625 0.24462890625 0.01904296875 0.03466796875
55 0.69482421875 0.2431640625 0.02099609375 0.033203125
56 0.72412109375 0.24267578125 0.02197265625 0.0341796875
57 0.755859375 0.24267578125 0.0205078125 0.03369140625
58 0.787109375 0.24169921875 0.02099609375 0.0341796875
59 0.81689453125 0.24267578125 0.0224609375 0.0322265625
60 0.8466796875 0.2412109375 0.02099609375 0.03369140625
61 0.87646484375 0.24072265625 0.01904296875 0.03466796875
62 0.04638671875 0.30419921875 0.02490234375 0.03271484375
63 0.07958984375 0.3037109375 0.0224609375 0.03466796875
64 0.1103515625 0.30224609375 0.02392578125 0.03369140625
65 0.14306640625 0.30126953125 0.02197265625 0.03466796875
66 0.17578125 0.30126953125 0.0224609375 0.03515625
40 0.240234375 0.30078125 0.0205078125 0.03369140625
40 0.27294921875 0.30126953125 0.0234375 0.033203125
40 0.302734375 0.30126953125 0.02099609375 0.03173828125
54 0.36474609375 0.30029296875 0.02099609375 0.03466796875
54 0.42529296875 0.298828125 0.021484375 0.03466796875
54 0.48486328125 0.29931640625 0.01708984375 0.0341796875
40 0.05126953125 0.35400390625 0.02490234375 0.03173828125
33 0.08544921875 0.35302734375 0.0205078125 0.029296875
19 0.1142578125 0.3505859375 0.0224609375 0.03564453125
30 0.1474609375 0.35009765625 0.01953125 0.03271484375
18 0.1787109375 0.35009765625 0.02294921875 0.0341796875
59 0.2421875 0.34912109375 0.02001953125 0.033203125
56 0.27392578125 0.34814453125 0.0224609375 0.03271484375
37 0.30419921875 0.34716796875 0.021484375 0.0341796875
39 0.333984375 0.34619140625 0.02099609375 0.0341796875
43 0.36572265625 0.34619140625 0.021484375 0.03564453125
37 0.0546875 0.40185546875 0.02197265625 0.03271484375
38 0.0888671875 0.40185546875 0.0224609375 0.0322265625
37 0.1552734375 0.39697265625 0.0244140625 0.0322265625
38 0.216796875 0.3984375 0.0234375 0.03271484375
39 0.27685546875 0.396484375 0.021484375 0.0341796875
41 0.33642578125 0.39453125 0.02294921875 0.03271484375
43 0.39697265625 0.39599609375 0.02294921875 0.03515625
45 0.45654296875 0.39404296875 0.021484375 0.03466796875
46 0.51513671875 0.3935546875 0.01904296875 0.03515625
47 0.57275390625 0.392578125 0.01953125 0.0341796875
48 0.63232421875 0.3916015625 0.0205078125 0.0341796875
49 0.69189453125 0.39013671875 0.021484375 0.0361328125
50 0.751953125 0.38671875 0.021484375 0.033203125
51 0.8115234375 0.38671875 0.02099609375 0.03369140625
52 0.87158203125 0.38525390625 0.0224609375 0.03125
53 0.060546875 0.45166015625 0.0224609375 0.03564453125
42 0.1240234375 0.44921875 0.021484375 0.03271484375
44 0.15625 0.44873046875 0.02197265625 0.03271484375
53 0.21826171875 0.44775390625 0.02197265625 0.03173828125
46 0.25 0.44677734375 0.01904296875 0.0341796875
55 0.3095703125 0.4443359375 0.021484375 0.03466796875
56 0.369140625 0.44287109375 0.021484375 0.03271484375
57 0.42724609375 0.443359375 0.0205078125 0.0341796875
58 0.4853515625 0.4404296875 0.0185546875 0.0322265625
59 0.5439453125 0.44091796875 0.02001953125 0.03173828125
60 0.60205078125 0.439453125 0.01904296875 0.0322265625
61 0.66064453125 0.43798828125 0.01904296875 0.03173828125
62 0.720703125 0.4375 0.0205078125 0.0322265625
63 0.78125 0.4375 0.01904296875 0.03173828125
65 0.06787109375 0.49951171875 0.0224609375 0.03173828125
66 0.1298828125 0.49658203125 0.02099609375 0.03076171875
40 0.07421875 0.54443359375 0.0205078125 0.02783203125
53 0.19482421875 0.5390625 0.02099609375 0.03125
61 0.22509765625 0.537109375 0.0234375 0.0302734375
52 0.25439453125 0.53662109375 0.02001953125 0.03173828125
38 0.28515625 0.53564453125 0.021484375 0.03271484375
43 0.3154296875 0.53564453125 0.02099609375 0.03271484375
58 0.34423828125 0.53369140625 0.01953125 0.03466796875
59 0.373046875 0.53369140625 0.01904296875 0.033203125
54 0.08642578125 0.6337890625 0.02197265625 0.029296875
54 0.17431640625 0.62939453125 0.01708984375 0.029296875
54 0.259765625 0.6279296875 0.01611328125 0.03125
54 0.318359375 0.626953125 0.0185546875 0.03076171875
54 0.4033203125 0.62548828125 0.01806640625 0.03125
54 0.4892578125 0.62353515625 0.0185546875 0.0302734375
54 0.57568359375 0.62255859375 0.0185546875 0.03125
54 0.08984375 0.720703125 0.017578125 0.03125
54 0.1748046875 0.720703125 0.0205078125 0.03125
54 0.25927734375 0.72021484375 0.0185546875 0.0302734375
54 0.34619140625 0.71826171875 0.01708984375 0.0322265625
54 0.43212890625 0.71533203125 0.0185546875 0.03125
54 0.51953125 0.71533203125 0.017578125 0.03125
54 0.60693359375 0.71435546875 0.017578125 0.03076171875
54 0.09033203125 0.76708984375 0.017578125 0.029296875
54 0.6611328125 0.62109375 0.0185546875 0.029296875
54 0.7490234375 0.6220703125 0.01708984375 0.03076171875
54 0.83642578125 0.62109375 0.0185546875 0.0302734375
54 0.69384765625 0.71337890625 0.01806640625 0.03076171875
54 0.78125 0.7109375 0.017578125 0.0322265625
5 0.5166015625 0.623046875 0.01806640625 0.0302734375
6 0.6025390625 0.6220703125 0.0185546875 0.03076171875
7 0.68994140625 0.62158203125 0.017578125 0.03076171875
8 0.77783203125 0.6220703125 0.017578125 0.03125
9 0.86669921875 0.6201171875 0.01708984375 0.0302734375
6 0.54736328125 0.71484375 0.0185546875 0.03125
7 0.63427734375 0.7138671875 0.017578125 0.03125
8 0.720703125 0.712890625 0.01611328125 0.03076171875
9 0.80908203125 0.71142578125 0.017578125 0.02978515625
0 0.1142578125 0.6318359375 0.01806640625 0.02880859375
1 0.2021484375 0.62841796875 0.01708984375 0.029296875
2 0.28857421875 0.626953125 0.01806640625 0.03076171875
3 0.345703125 0.6259765625 0.01806640625 0.0302734375
4 0.4306640625 0.625 0.0185546875 0.03173828125
1 0.1171875 0.720703125 0.017578125 0.03125
3 0.2021484375 0.720703125 0.01904296875 0.03125
4 0.28857421875 0.71923828125 0.017578125 0.03076171875
2 0.37548828125 0.7177734375 0.0205078125 0.03369140625
5 0.46044921875 0.7158203125 0.0205078125 0.03173828125
0 0.11865234375 0.7666015625 0.01708984375 0.0302734375
52 0.0869140625 0.9091796875 0.01904296875 0.03173828125
37 0.115234375 0.90966796875 0.0185546875 0.03173828125
46 0.1435546875 0.90869140625 0.01904296875 0.03125
37 0.171875 0.90966796875 0.02001953125 0.03076171875
53 0.19970703125 0.9091796875 0.01904296875 0.03076171875
41 0.228515625 0.90869140625 0.0185546875 0.03076171875
37 0.2578125 0.90771484375 0.017578125 0.0302734375
53 0.28759765625 0.908203125 0.0185546875 0.03076171875
46 0.31787109375 0.908203125 0.01904296875 0.03271484375
50 0.08642578125 0.95703125 0.0205078125 0.03076171875
61 0.11572265625 0.95703125 0.01904296875 0.03173828125
52 0.14306640625 0.95703125 0.0185546875 0.03271484375
61 0.171875 0.95751953125 0.02001953125 0.03125
59 0.201171875 0.95751953125 0.01904296875 0.03125
60 0.22998046875 0.95703125 0.0185546875 0.03125
37 0.25830078125 0.95703125 0.0166015625 0.03173828125
61 0.37548828125 0.90673828125 0.02001953125 0.0302734375
52 0.4052734375 0.90673828125 0.0185546875 0.03125
37 0.43505859375 0.90576171875 0.0185546875 0.03125
46 0.46435546875 0.90576171875 0.01953125 0.03271484375
37 0.49267578125 0.9052734375 0.01953125 0.03369140625
59 0.5517578125 0.90234375 0.01904296875 0.02880859375
37 0.58056640625 0.90185546875 0.01708984375 0.02783203125
50 0.31787109375 0.955078125 0.0185546875 0.0302734375
37 0.34765625 0.9541015625 0.01953125 0.03076171875
65 0.37646484375 0.953125 0.01904296875 0.03076171875
55 0.40625 0.953125 0.01904296875 0.0302734375
48 0.638671875 0.900390625 0.0185546875 0.029296875
53 0.66748046875 0.89892578125 0.01904296875 0.02978515625
65 0.69580078125 0.8984375 0.01953125 0.029296875
55 0.724609375 0.89697265625 0.01806640625 0.029296875
24 0.1025390625 0.54443359375 0.02099609375 0.0361328125
48 0.1337890625 0.54248046875 0.02099609375 0.03564453125