60 0.07177734375 0.1103515625 0.044921875 0.07763671875
60 0.140625 0.109619140625 0.0439453125 0.078125
43 0.20751953125 0.106201171875 0.046875 0.076171875
58 0.27783203125 0.105712890625 0.0458984375 0.07470703125
59 0.35009765625 0.10595703125 0.0439453125 0.078125
53 0.48681640625 0.10498046875 0.0439453125 0.0791015625
55 0.55712890625 0.104248046875 0.0439453125 0.07763671875
59 0.69580078125 0.106201171875 0.04443359375 0.07421875
56 0.76416015625 0.10546875 0.044921875 0.0771484375
37 0.83154296875 0.1064453125 0.04638671875 0.072265625
39 0.8994140625 0.106689453125 0.041015625 0.072265625
43 0.96484375 0.108642578125 0.0390625 0.06689453125
39 0.0234375 0.331787109375 0.03955078125 0.06884765625
41 0.087890625 0.3310546875 0.04638671875 0.06640625
43 0.154296875 0.3310546875 0.0458984375 0.0693359375
45 0.21875 0.329833984375 0.0439453125 0.0703125
46 0.28564453125 0.328857421875 0.0458984375 0.072265625
47 0.35302734375 0.33056640625 0.0419921875 0.07275390625
48 0.421875 0.3310546875 0.0419921875 0.07080078125
49 0.48681640625 0.33154296875 0.04248046875 0.07177734375
50 0.55419921875 0.331298828125 0.04248046875 0.07080078125
51 0.61962890625 0.330322265625 0.0458984375 0.072265625
52 0.68310546875 0.33154296875 0.04296875 0.07470703125
53 0.74853515625 0.3310546875 0.04296875 0.06884765625
42 0.87353515625 0.332275390625 0.046875 0.07373046875
44 0.94140625 0.3310546875 0.041015625 0.07177734375
64 0.03271484375 0.437744140625 0.04638671875 0.068359375
65 0.0966796875 0.4365234375 0.04541015625 0.06689453125
66 0.16162109375 0.4365234375 0.04638671875 0.0673828125
40 0.29345703125 0.436279296875 0.04443359375 0.0654296875
40 0.35888671875 0.436767578125 0.03857421875 0.06298828125
40 0.421875 0.4365234375 0.041015625 0.06396484375
54 0.54931640625 0.435791015625 0.03955078125 0.0615234375
54 0.67578125 0.43505859375 0.04150390625 0.0654296875
54 0.8037109375 0.435302734375 0.0390625 0.06298828125
48 0.04248046875 0.534912109375 0.0390625 0.06494140625
60 0.1064453125 0.532470703125 0.0390625 0.0654296875
47 0.16845703125 0.53271484375 0.04296875 0.0654296875
59 0.29833984375 0.531982421875 0.03955078125 0.0654296875
56 0.35986328125 0.529541015625 0.03955078125 0.06201171875
37 0.4228515625 0.52880859375 0.03857421875 0.0625
39 0.4853515625 0.5283203125 0.0380859375 0.06201171875
43 0.54736328125 0.528076171875 0.03759765625 0.06201171875
37 0.1142578125 0.626708984375 0.03955078125 0.05908203125
38 0.2412109375 0.62646484375 0.0419921875 0.06103515625
39 0.36181640625 0.622802734375 0.0380859375 0.06201171875
41 0.484375 0.62060546875 0.04052734375 0.060546875
43 0.603515625 0.62109375 0.0390625 0.0615234375
45 0.7275390625 0.620361328125 0.041015625 0.05908203125
46 0.84765625 0.62255859375 0.04052734375 0.060546875
47 0.9677734375 0.620361328125 0.0341796875 0.05419921875
42 0.06396484375 0.71630859375 0.04150390625 0.05712890625
44 0.125 0.715576171875 0.04296875 0.0556640625
53 0.24609375 0.71484375 0.03955078125 0.05859375
46 0.30517578125 0.713134765625 0.0390625 0.060546875
55 0.423828125 0.7109375 0.0390625 0.05908203125
56 0.54296875 0.710205078125 0.03955078125 0.05859375
57 0.66064453125 0.708984375 0.0390625 0.0576171875
58 0.77880859375 0.711669921875 0.0390625 0.060546875
59 0.89404296875 0.713134765625 0.04052734375 0.05908203125
53 0.03125 0.874267578125 0.03955078125 0.05078125
48 0.087890625 0.873046875 0.03466796875 0.05126953125
53 0.19970703125 0.870849609375 0.03369140625 0.046875
61 0.25927734375 0.87060546875 0.041015625 0.0537109375
52 0.31201171875 0.869873046875 0.03759765625 0.052734375
38 0.37109375 0.869873046875 0.041015625 0.05419921875
43 0.42724609375 0.86865234375 0.03857421875 0.05517578125
58 0.482421875 0.869384765625 0.03662109375 0.056640625
59 0.53955078125 0.869873046875 0.0380859375 0.0546875