55 0.11833333333333333 0.35889000000000004 0.05444333333333334 0.08444333333333334
56 0.20111 0.3555566666666667 0.055556666666666664 0.08444333333333334
57 0.28389 0.35222333333333333 0.05 0.08666666666666667
58 0.36666666666666664 0.34833333333333333 0.05333333333333334 0.08555666666666667
59 0.4533333333333333 0.34889000000000003 0.048889999999999996 0.08666666666666667
60 0.535 0.3477766666666666 0.05889 0.09111
61 0.6183333333333333 0.34611 0.05444333333333334 0.09666666666666666
49 0.11889000000000001 0.7705566666666667 0.055556666666666664 0.09889
50 0.29111000000000004 0.7605566666666667 0.06222333333333333 0.09444333333333332
51 0.4633333333333333 0.7577766666666667 0.06222333333333333 0.09333333333333334
52 0.63611 0.75 0.05889 0.09555666666666668
61 0.041666666666666664 0.9077766666666667 0.05444333333333334 0.08444333333333334
62 0.20389 0.9044433333333333 0.05889 0.09555666666666668
63 0.37777666666666665 0.8994433333333333 0.055556666666666664 0.09222333333333334