45 0.05 0.12889 0.03333333333333333 0.06
46 0.09777666666666666 0.13055666666666668 0.03333333333333333 0.056666666666666664
47 0.145 0.12833333333333333 0.03444333333333333 0.05889
48 0.19555666666666666 0.12611 0.03111 0.05889
49 0.24277666666666667 0.12611 0.03222333333333333 0.061110000000000005
50 0.29444333333333333 0.12 0.03333333333333333 0.06
51 0.345 0.12111 0.03666666666666667 0.06222333333333333
52 0.3933333333333333 0.11722333333333333 0.04 0.05889
53 0.44277666666666665 0.11722333333333333 0.03444333333333333 0.05889
42 0.5433333333333333 0.115 0.04 0.05889
44 0.595 0.11444333333333333 0.03889 0.06222333333333333
53 0.6994433333333333 0.11 0.03666666666666667 0.06
46 0.7505566666666666 0.11 0.03222333333333333 0.06444333333333334
55 0.8566666666666667 0.10666666666666667 0.03777666666666667 0.06666666666666667
56 0.9105566666666667 0.10611 0.04111 0.05889
57 0.9622233333333333 0.10389000000000001 0.03555666666666667 0.061110000000000005
40 0.10166666666666667 0.21 0.03444333333333333 0.05111
40 0.15111 0.21166666666666667 0.03333333333333333 0.05444333333333334
40 0.2 0.20944333333333334 0.03333333333333333 0.05222333333333333
54 0.29611000000000004 0.205 0.03666666666666667 0.056666666666666664
54 0.3944433333333333 0.20166666666666666 0.03555666666666667 0.056666666666666664
54 0.49389000000000005 0.2 0.03444333333333333 0.055556666666666664
59 0.10611 0.28722333333333333 0.03666666666666667 0.05444333333333334
56 0.15222333333333335 0.2866666666666667 0.03777666666666667 0.05777666666666667
37 0.19888999999999998 0.2844433333333333 0.03777666666666667 0.06
39 0.24722333333333332 0.2833333333333333 0.03889 0.05777666666666667
43 0.29611000000000004 0.2827766666666667 0.03444333333333333 0.05889
38 0.06444333333333334 0.37 0.04 0.06222333333333333
39 0.15666666666666668 0.36833333333333335 0.03777666666666667 0.061110000000000005
41 0.2522233333333333 0.36777666666666664 0.03555666666666667 0.06
43 0.34833333333333333 0.36611 0.03889 0.056666666666666664
45 0.44666666666666666 0.36277666666666664 0.03333333333333333 0.05444333333333334
46 0.5455566666666667 0.36611 0.03777666666666667 0.06555666666666667
47 0.6494433333333333 0.365 0.03444333333333333 0.06555666666666667
48 0.7511099999999999 0.36333333333333334 0.04 0.06888999999999999
49 0.8555566666666667 0.36222333333333334 0.03777666666666667 0.06444333333333334
50 0.96111 0.35833333333333334 0.042223333333333335 0.061110000000000005
53 0.06777666666666667 0.44889 0.03333333333333333 0.05777666666666667
46 0.11555666666666667 0.44777666666666666 0.03333333333333333 0.055556666666666664
55 0.20833333333333334 0.44610999999999995 0.04111 0.05889
56 0.30611 0.44777666666666666 0.03444333333333333 0.05777666666666667
57 0.3983333333333333 0.44722333333333336 0.03444333333333333 0.05889
58 0.49666666666666665 0.4455566666666667 0.03555666666666667 0.05777666666666667
59 0.59611 0.44666666666666666 0.03444333333333333 0.06444333333333334
60 0.6972233333333333 0.445 0.03666666666666667 0.056666666666666664
61 0.8016666666666666 0.44277666666666665 0.03666666666666667 0.05889
62 0.905 0.44111 0.03889 0.06666666666666667
53 0.03666666666666667 0.5933333333333334 0.03555666666666667 0.05777666666666667
61 0.07833333333333334 0.5966666666666667 0.03444333333333333 0.06
52 0.12389 0.5966666666666667 0.03222333333333333 0.055556666666666664
38 0.16944333333333333 0.595 0.03222333333333333 0.05444333333333334
43 0.21722333333333332 0.5994433333333333 0.03222333333333333 0.061110000000000005
58 0.2622233333333333 0.5977766666666666 0.03333333333333333 0.06
59 0.31 0.59889 0.03111 0.06
54 0.13166666666666665 0.7433333333333333 0.027776666666666665 0.055556666666666664
54 0.22388999999999998 0.7444433333333333 0.03444333333333333 0.055556666666666664
54 0.36111 0.7477766666666666 0.03777666666666667 0.055556666666666664
54 0.5016666666666667 0.7505566666666666 0.03222333333333333 0.056666666666666664
54 0.6472233333333334 0.7555566666666667 0.03666666666666667 0.05777666666666667
54 0.79611 0.7555566666666667 0.03666666666666667 0.055556666666666664
54 0.9455566666666667 0.7577766666666667 0.03777666666666667 0.06
54 0.13610999999999998 0.8883333333333333 0.03222333333333333 0.05
54 0.27111 0.8927766666666667 0.03111 0.05444333333333334
54 0.4116666666666667 0.895 0.03 0.056666666666666664
54 0.5516666666666666 0.8983333333333333 0.03666666666666667 0.05444333333333334
54 0.6966666666666667 0.9 0.02889 0.05333333333333334
54 0.8433333333333334 0.9044433333333333 0.03333333333333333 0.048889999999999996
2 0.17666666666666667 0.7455566666666666 0.03333333333333333 0.06
3 0.27111 0.7455566666666666 0.03555666666666667 0.05777666666666667
4 0.4083333333333333 0.7483333333333333 0.03222333333333333 0.05444333333333334
5 0.54889 0.75 0.03333333333333333 0.05777666666666667
6 0.695 0.7555566666666667 0.03444333333333333 0.06
7 0.845 0.7577766666666667 0.03444333333333333 0.055556666666666664
4 0.18277666666666667 0.8894433333333334 0.03444333333333333 0.05
2 0.31889 0.8927766666666667 0.03111 0.056666666666666664
5 0.45889 0.89611 0.03333333333333333 0.05889
6 0.59889 0.8988900000000001 0.03555666666666667 0.05777666666666667
7 0.7427766666666666 0.90111 0.03444333333333333 0.055556666666666664
8 0.8883333333333333 0.9033333333333333 0.03666666666666667 0.055556666666666664