54 0.07666015625 0.070068359375 0.04736328125 0.07470703125
6 0.142822265625 0.0673828125 0.052734375 0.07470703125
54 0.271240234375 0.061767578125 0.052734375 0.07470703125
7 0.338134765625 0.05908203125 0.052734375 0.07470703125
54 0.47412109375 0.0517578125 0.052734375 0.07470703125
8 0.5390625 0.050048828125 0.052734375 0.07470703125
54 0.677001953125 0.044921875 0.052734375 0.07470703125
9 0.741943359375 0.044677734375 0.052734375 0.07470703125
59 0.122802734375 0.481689453125 0.05810546875 0.07861328125
37 0.193603515625 0.4814453125 0.05810546875 0.07861328125
48 0.3349609375 0.47509765625 0.05810546875 0.07861328125
53 0.40966796875 0.474609375 0.05810546875 0.07861328125
65 0.48046875 0.476318359375 0.05810546875 0.07861328125
55 0.55126953125 0.47314453125 0.05810546875 0.07861328125