54 0.16162109375 0.04638671875 0.05322265625 0.07177734375
54 0.1533203125 0.15478515625 0.05322265625 0.07177734375
54 0.3681640625 0.043701171875 0.05322265625 0.07177734375
54 0.580078125 0.0439453125 0.05322265625 0.07177734375
54 0.79345703125 0.042724609375 0.05322265625 0.07177734375
1 0.2314453125 0.04443359375 0.05322265625 0.07177734375
3 0.44189453125 0.039794921875 0.05322265625 0.07177734375
4 0.6533203125 0.0419921875 0.05322265625 0.07177734375
2 0.865234375 0.044189453125 0.05322265625 0.07177734375
0 0.22509765625 0.153076171875 0.05322265625 0.07177734375
52 0.1318359375 0.489501953125 0.05322265625 0.080078125
37 0.205078125 0.487060546875 0.05322265625 0.080078125
46 0.27685546875 0.485107421875 0.05322265625 0.080078125
37 0.35009765625 0.48486328125 0.05322265625 0.080078125
53 0.4267578125 0.48779296875 0.05322265625 0.080078125
41 0.50341796875 0.4873046875 0.05322265625 0.080078125
37 0.578125 0.48681640625 0.05322265625 0.080078125
53 0.64990234375 0.486572265625 0.05322265625 0.080078125
46 0.72998046875 0.487548828125 0.05322265625 0.080078125
61 0.88330078125 0.491455078125 0.05322265625 0.080078125
52 0.95654296875 0.486083984375 0.05322265625 0.080078125
50 0.12646484375 0.605712890625 0.05322265625 0.080078125
61 0.20654296875 0.608642578125 0.05322265625 0.080078125
52 0.27490234375 0.608154296875 0.05322265625 0.080078125
61 0.34814453125 0.60986328125 0.05322265625 0.080078125
59 0.4248046875 0.609375 0.05322265625 0.080078125
60 0.50341796875 0.6123046875 0.05322265625 0.080078125
37 0.5751953125 0.61181640625 0.05322265625 0.080078125
50 0.728515625 0.614013671875 0.05322265625 0.080078125
37 0.80517578125 0.612060546875 0.05322265625 0.080078125
65 0.884765625 0.611572265625 0.05322265625 0.080078125
55 0.9599609375 0.611083984375 0.05322265625 0.080078125