54 0.0322265625 0.10205078125 0.03955078125 0.0595703125
54 0.1357421875 0.095703125 0.03955078125 0.0595703125
54 0.24560546875 0.09765625 0.03955078125 0.0595703125
54 0.13720703125 0.66650390625 0.0341796875 0.05322265625
54 0.279296875 0.66552734375 0.0341796875 0.05322265625
54 0.42724609375 0.66357421875 0.0341796875 0.05322265625
54 0.57080078125 0.662109375 0.0341796875 0.05322265625
54 0.71630859375 0.6611328125 0.0341796875 0.05322265625
54 0.8671875 0.6611328125 0.0341796875 0.05322265625
54 0.76708984375 0.80908203125 0.0341796875 0.05322265625
54 0.62158203125 0.8134765625 0.0341796875 0.05322265625
54 0.47509765625 0.81201171875 0.0341796875 0.05322265625
54 0.33056640625 0.81201171875 0.0341796875 0.05322265625
54 0.1904296875 0.814453125 0.0341796875 0.05322265625
54 0.05078125 0.8134765625 0.0341796875 0.05322265625
4 0.1826171875 0.66650390625 0.0341796875 0.05322265625
5 0.328125 0.66455078125 0.0341796875 0.05322265625
6 0.47412109375 0.662109375 0.0341796875 0.05322265625
7 0.6181640625 0.66015625 0.0341796875 0.05322265625
8 0.76708984375 0.66015625 0.0341796875 0.05322265625
9 0.9150390625 0.66015625 0.0341796875 0.05322265625
39 0.0439453125 0.6689453125 0.0341796875 0.05322265625
2 0.09375 0.8134765625 0.0341796875 0.05322265625
5 0.23486328125 0.8154296875 0.0341796875 0.05322265625
6 0.37744140625 0.81201171875 0.0341796875 0.05322265625
7 0.52392578125 0.81005859375 0.0341796875 0.05322265625
8 0.66845703125 0.81103515625 0.0341796875 0.05322265625
9 0.81298828125 0.80908203125 0.0341796875 0.05322265625
43 0.09912109375 0.2744140625 0.03955078125 0.0595703125
45 0.20458984375 0.26904296875 0.03955078125 0.0595703125
46 0.3046875 0.26904296875 0.03955078125 0.0595703125
47 0.412109375 0.26123046875 0.03955078125 0.0595703125
48 0.5166015625 0.2646484375 0.03955078125 0.0595703125
49 0.6220703125 0.259765625 0.03955078125 0.0595703125
50 0.7275390625 0.259765625 0.03955078125 0.0595703125
51 0.8310546875 0.259765625 0.03955078125 0.0595703125
52 0.9365234375 0.2578125 0.03955078125 0.0595703125
56 0.06103515625 0.35791015625 0.03955078125 0.0595703125
57 0.16015625 0.35546875 0.03955078125 0.0595703125
58 0.26123046875 0.35107421875 0.03955078125 0.0595703125
59 0.36669921875 0.3544921875 0.03955078125 0.0595703125
60 0.46435546875 0.35009765625 0.03955078125 0.0595703125
61 0.56689453125 0.35009765625 0.03955078125 0.0595703125
62 0.6689453125 0.34765625 0.03955078125 0.0595703125
63 0.77880859375 0.34423828125 0.03955078125 0.0595703125
58 0.0322265625 0.51318359375 0.03955078125 0.0595703125
59 0.0810546875 0.51318359375 0.03955078125 0.0595703125