45 0.05859375 0.254150390625 0.03515625 0.0537109375
46 0.158203125 0.2529296875 0.0361328125 0.05322265625
47 0.26171875 0.255859375 0.03369140625 0.05859375
48 0.36376953125 0.256103515625 0.0322265625 0.05517578125
49 0.46728515625 0.257568359375 0.03271484375 0.05615234375
50 0.56982421875 0.2578125 0.03369140625 0.05224609375
51 0.67236328125 0.25927734375 0.03515625 0.0517578125
58 0.107421875 0.335693359375 0.03515625 0.0517578125
59 0.208984375 0.337158203125 0.03515625 0.052734375
60 0.31201171875 0.338134765625 0.03466796875 0.0517578125
61 0.41650390625 0.34033203125 0.0341796875 0.052734375
62 0.51806640625 0.3408203125 0.0341796875 0.052734375
63 0.62109375 0.342529296875 0.03125 0.05419921875
52 0.77197265625 0.2626953125 0.0341796875 0.05419921875
54 0.11181640625 0.665771484375 0.03466796875 0.0546875
54 0.26513671875 0.6669921875 0.03271484375 0.0537109375
54 0.41796875 0.66650390625 0.02978515625 0.0537109375
54 0.56982421875 0.666015625 0.03125 0.052734375
54 0.72265625 0.667724609375 0.029296875 0.05419921875
54 0.1669921875 0.8212890625 0.03076171875 0.048828125
54 0.31982421875 0.8212890625 0.03125 0.05029296875
54 0.46923828125 0.822509765625 0.03173828125 0.05224609375
54 0.62060546875 0.823486328125 0.0302734375 0.0537109375
5 0.16162109375 0.66650390625 0.03466796875 0.05615234375
6 0.3154296875 0.6669921875 0.0341796875 0.05419921875
7 0.46923828125 0.666259765625 0.03271484375 0.05419921875
8 0.6201171875 0.665771484375 0.03369140625 0.052734375
9 0.77294921875 0.66796875 0.03271484375 0.0537109375
6 0.216796875 0.821533203125 0.03125 0.04833984375
7 0.36962890625 0.822509765625 0.03076171875 0.0498046875
8 0.52001953125 0.82373046875 0.03125 0.0546875
9 0.67041015625 0.82421875 0.03271484375 0.0517578125
54 0.111328125 0.094970703125 0.03271484375 0.05078125
54 0.0185546875 0.82080078125 0.0322265625 0.05126953125
5 0.06591796875 0.82177734375 0.033203125 0.052734375