54 0.0869140625 0.251953125 0.0283203125 0.04052734375
54 0.197265625 0.2509765625 0.02734375 0.044921875
54 0.30810546875 0.25 0.03125 0.04296875
54 0.421875 0.2509765625 0.02880859375 0.04296875
54 0.0859375 0.30810546875 0.0263671875 0.0390625
1 0.1201171875 0.25146484375 0.02490234375 0.04296875
3 0.234375 0.25048828125 0.02734375 0.0439453125
4 0.34619140625 0.25 0.0263671875 0.04248046875
2 0.4560546875 0.24951171875 0.02490234375 0.04248046875
0 0.12109375 0.306640625 0.02734375 0.0390625
52 0.072265625 0.4853515625 0.0283203125 0.0439453125
46 0.37890625 0.48486328125 0.02880859375 0.04296875
53 0.3408203125 0.48486328125 0.0283203125 0.04638671875
37 0.30029296875 0.484375 0.02392578125 0.04248046875
41 0.26416015625 0.48486328125 0.02294921875 0.04150390625
53 0.22607421875 0.484375 0.02734375 0.04296875
37 0.18505859375 0.4853515625 0.02490234375 0.04736328125
46 0.1474609375 0.486328125 0.02490234375 0.04736328125
37 0.11181640625 0.48583984375 0.02490234375 0.044921875
61 0.4560546875 0.486328125 0.0283203125 0.04541015625
52 0.4921875 0.48486328125 0.02880859375 0.04638671875
37 0.53125 0.48583984375 0.025390625 0.044921875
50 0.0693359375 0.546875 0.0263671875 0.04296875
61 0.1064453125 0.546875 0.0283203125 0.04638671875
52 0.146484375 0.54638671875 0.03076171875 0.04541015625
61 0.18310546875 0.546875 0.0283203125 0.04638671875
59 0.22314453125 0.5478515625 0.0263671875 0.04541015625
60 0.26171875 0.54833984375 0.0283203125 0.044921875
37 0.2998046875 0.54833984375 0.02734375 0.044921875
50 0.37646484375 0.54736328125 0.02880859375 0.0478515625
37 0.41552734375 0.54931640625 0.02880859375 0.0478515625
65 0.455078125 0.548828125 0.03125 0.04736328125
55 0.49267578125 0.54833984375 0.02880859375 0.0478515625
46 0.56982421875 0.4873046875 0.02880859375 0.04296875
37 0.60791015625 0.4873046875 0.025390625 0.044921875
59 0.6884765625 0.4853515625 0.0263671875 0.04248046875
37 0.7236328125 0.48681640625 0.025390625 0.044921875
48 0.802734375 0.48828125 0.025390625 0.044921875
53 0.84228515625 0.48681640625 0.025390625 0.044921875
65 0.88037109375 0.4892578125 0.025390625 0.044921875
55 0.9189453125 0.48828125 0.025390625 0.044921875
54 0.53369140625 0.2490234375 0.02880859375 0.04296875
5 0.57080078125 0.25 0.02880859375 0.04296875
6 0.681640625 0.25 0.02880859375 0.04296875
7 0.794921875 0.25146484375 0.02880859375 0.04296875
8 0.904296875 0.25439453125 0.02880859375 0.04296875
8 0.9736328125 0.142578125 0.02880859375 0.04296875
7 0.86328125 0.140625 0.02880859375 0.04296875
6 0.75439453125 0.140625 0.02880859375 0.04296875
5 0.642578125 0.1416015625 0.02880859375 0.04296875
4 0.533203125 0.1396484375 0.0263671875 0.04248046875
3 0.42333984375 0.1396484375 0.02734375 0.0439453125
2 0.349609375 0.1376953125 0.02490234375 0.04248046875
1 0.240234375 0.13818359375 0.02490234375 0.04296875
0 0.1318359375 0.13671875 0.02734375 0.0390625
54 0.09423828125 0.138671875 0.0283203125 0.04052734375
54 0.2041015625 0.14013671875 0.02880859375 0.04296875
54 0.3134765625 0.140625 0.02880859375 0.04296875
54 0.3857421875 0.14013671875 0.02880859375 0.04296875
54 0.49609375 0.1416015625 0.02880859375 0.04296875
54 0.6083984375 0.14013671875 0.02880859375 0.04296875
54 0.64501953125 0.2490234375 0.02880859375 0.04296875
54 0.7578125 0.25341796875 0.02880859375 0.04296875
54 0.71533203125 0.1416015625 0.02880859375 0.04296875
54 0.82666015625 0.140625 0.02880859375 0.04296875
54 0.9375 0.142578125 0.02880859375 0.04296875
54 0.978515625 0.25341796875 0.02880859375 0.04296875
54 0.87109375 0.255859375 0.02880859375 0.04296875
40 0.09912109375 0.02783203125 0.02734375 0.0390625
24 0.13525390625 0.02783203125 0.02734375 0.0390625
48 0.171875 0.02685546875 0.02734375 0.0390625
53 0.24365234375 0.0283203125 0.02734375 0.0390625
61 0.279296875 0.02587890625 0.02734375 0.0390625
52 0.31591796875 0.02587890625 0.02734375 0.0390625
38 0.35107421875 0.02587890625 0.02734375 0.0390625
43 0.3876953125 0.02685546875 0.02734375 0.0390625
58 0.42529296875 0.02783203125 0.02734375 0.0390625
59 0.4619140625 0.02685546875 0.02734375 0.0390625