43 0.036865234375 0.063232421875 0.0419921875 0.064453125
45 0.14013671875 0.0537109375 0.04052734375 0.06005859375
46 0.24560546875 0.056640625 0.03857421875 0.064453125
47 0.35009765625 0.056884765625 0.0361328125 0.0615234375
48 0.45458984375 0.05419921875 0.0361328125 0.0615234375
49 0.56103515625 0.0576171875 0.03857421875 0.06689453125
50 0.6650390625 0.052734375 0.0419921875 0.064453125
51 0.7705078125 0.054443359375 0.0439453125 0.06494140625
52 0.875 0.056396484375 0.0439453125 0.0673828125
57 0.101806640625 0.148681640625 0.03857421875 0.06005859375
58 0.200927734375 0.14501953125 0.03955078125 0.0634765625
59 0.305419921875 0.14697265625 0.0419921875 0.0615234375
60 0.405517578125 0.145751953125 0.03759765625 0.06787109375
61 0.505615234375 0.1474609375 0.03955078125 0.0615234375
62 0.60693359375 0.143798828125 0.03955078125 0.064453125
63 0.71044921875 0.144775390625 0.03955078125 0.064453125
64 0.81298828125 0.142578125 0.04052734375 0.0634765625
54 0.097412109375 0.457275390625 0.03173828125 0.04931640625
54 0.234130859375 0.458251953125 0.02978515625 0.05224609375
54 0.370849609375 0.460205078125 0.03173828125 0.046875
54 0.507080078125 0.4599609375 0.03271484375 0.046875
54 0.646240234375 0.462890625 0.03173828125 0.05029296875
54 0.787841796875 0.464111328125 0.03271484375 0.05126953125
54 0.024169921875 0.591796875 0.03076171875 0.04931640625
54 0.153076171875 0.591552734375 0.03076171875 0.04931640625
54 0.285400390625 0.595947265625 0.03076171875 0.0546875
54 0.420166015625 0.59619140625 0.03076171875 0.04931640625
54 0.552490234375 0.60107421875 0.0341796875 0.046875
54 0.689208984375 0.6044921875 0.0341796875 0.04931640625
4 0.137451171875 0.45703125 0.0341796875 0.05126953125
5 0.275634765625 0.45751953125 0.03515625 0.0546875
6 0.413330078125 0.4609375 0.03271484375 0.04931640625
7 0.552978515625 0.46044921875 0.0341796875 0.05029296875
8 0.691162109375 0.4638671875 0.03271484375 0.05029296875
9 0.838134765625 0.46435546875 0.0283203125 0.0546875
2 0.063720703125 0.592529296875 0.02978515625 0.04931640625
5 0.195556640625 0.5927734375 0.03271484375 0.05029296875
6 0.325927734375 0.59423828125 0.03173828125 0.05224609375
7 0.461181640625 0.598876953125 0.03076171875 0.05029296875
8 0.594970703125 0.601318359375 0.03173828125 0.05029296875
9 0.733642578125 0.605712890625 0.02978515625 0.05029296875
61 0.07421875 0.8623046875 0.03076171875 0.04931640625
52 0.11572265625 0.863037109375 0.03369140625 0.04931640625
37 0.1591796875 0.86474609375 0.03076171875 0.046875
46 0.20361328125 0.864501953125 0.03173828125 0.04638671875
37 0.244140625 0.86474609375 0.029296875 0.04638671875
59 0.3310546875 0.8671875 0.02783203125 0.04150390625
37 0.37353515625 0.867431640625 0.02734375 0.04248046875
48 0.46044921875 0.869873046875 0.02734375 0.0439453125
53 0.504638671875 0.871337890625 0.03271484375 0.0458984375
65 0.546630859375 0.87353515625 0.0302734375 0.0458984375
55 0.591552734375 0.874267578125 0.0341796875 0.04931640625
65 0.073974609375 0.9326171875 0.0283203125 0.0439453125
55 0.115478515625 0.933349609375 0.03125 0.0458984375
37 0.032470703125 0.930419921875 0.029296875 0.0439453125