54 0.07039999999999999 0.09730666666666667 0.057466666666666666 0.08394333333333334
5 0.13109666666666667 0.09797333333333334 0.050796666666666664 0.08527666666666667
54 0.25182333333333334 0.08931 0.057466666666666666 0.08394333333333334
6 0.31318666666666667 0.08797666666666668 0.052129999999999996 0.08394333333333334
54 0.4399166666666667 0.08131333333333333 0.052129999999999996 0.08394333333333334
7 0.5052833333333333 0.07864666666666667 0.052129999999999996 0.08394333333333334
54 0.6360133333333333 0.07198333333333333 0.052129999999999996 0.08394333333333334
8 0.7000466666666666 0.07064999999999999 0.052129999999999996 0.08394333333333334
54 0.8294433333333333 0.06531666666666666 0.052129999999999996 0.08394333333333334
9 0.8961433333333333 0.06531666666666666 0.052129999999999996 0.08394333333333334
55 0.70138 0.47719 0.052129999999999996 0.08394333333333334
65 0.6386833333333333 0.48252 0.052129999999999996 0.08394333333333334
53 0.57465 0.48118666666666665 0.052129999999999996 0.08394333333333334
59 0.33253 0.48518666666666665 0.050796666666666664 0.07861333333333334
48 0.51462 0.48118666666666665 0.052129999999999996 0.08394333333333334
37 0.3938933333333334 0.48118666666666665 0.050796666666666664 0.07861333333333334
52 0.03638333333333334 0.4971833333333333 0.050796666666666664 0.07861333333333334
37 0.09374666666666667 0.49851666666666666 0.050796666666666664 0.07861333333333334
46 0.15377666666666667 0.4971833333333333 0.050796666666666664 0.07861333333333334
37 0.21247333333333332 0.4931833333333333 0.050796666666666664 0.07861333333333334
55 0.036386666666666664 0.5944866666666667 0.050796666666666664 0.07861333333333334