52 0.140869140625 0.386962890625 0.0732421875 0.1142578125
37 0.230224609375 0.39404296875 0.0732421875 0.1142578125
46 0.325439453125 0.401611328125 0.0732421875 0.1142578125
37 0.413330078125 0.404296875 0.0732421875 0.1142578125
53 0.508056640625 0.4013671875 0.0732421875 0.1142578125
41 0.598388671875 0.400146484375 0.0732421875 0.1142578125
37 0.6962890625 0.407470703125 0.0732421875 0.1142578125
53 0.7880859375 0.407958984375 0.0732421875 0.1142578125
46 0.884521484375 0.41796875 0.0732421875 0.1142578125
37 0.965576171875 0.5595703125 0.06884765625 0.1142578125
50 0.87548828125 0.560546875 0.0732421875 0.1142578125
41 0.694091796875 0.55419921875 0.0732421875 0.1142578125
60 0.596435546875 0.552490234375 0.0732421875 0.1142578125
59 0.507080078125 0.5517578125 0.0732421875 0.1142578125
61 0.415283203125 0.5498046875 0.0732421875 0.1142578125
52 0.31884765625 0.545166015625 0.0732421875 0.1142578125
61 0.22998046875 0.538330078125 0.0732421875 0.1142578125
50 0.138916015625 0.536376953125 0.0732421875 0.1142578125