52 0.06591796875 0.134765625 0.03662109375 0.05322265625
53 0.1103515625 0.134521484375 0.03173828125 0.05419921875
42 0.20263671875 0.137451171875 0.03662109375 0.05419921875
44 0.2548828125 0.13623046875 0.03662109375 0.0517578125
53 0.35107421875 0.13916015625 0.03515625 0.056640625
46 0.400390625 0.14013671875 0.02978515625 0.0595703125
55 0.49853515625 0.1435546875 0.03662109375 0.06103515625
56 0.5458984375 0.138916015625 0.03173828125 0.0595703125
57 0.59375 0.14306640625 0.02978515625 0.06103515625
58 0.6435546875 0.140869140625 0.033203125 0.06103515625
59 0.69287109375 0.140380859375 0.03662109375 0.05859375
60 0.740234375 0.14453125 0.03515625 0.05517578125
61 0.7890625 0.143310546875 0.033203125 0.05517578125
54 0.06689453125 0.21533203125 0.03076171875 0.0498046875
54 0.16064453125 0.2177734375 0.0341796875 0.05517578125
45 0.11767578125 0.368408203125 0.03515625 0.0595703125
46 0.208984375 0.368408203125 0.033203125 0.06103515625
47 0.306640625 0.371826171875 0.03076171875 0.06201171875
48 0.3994140625 0.3759765625 0.03662109375 0.06201171875
49 0.49462890625 0.37841796875 0.033203125 0.06396484375
50 0.59130859375 0.376953125 0.03515625 0.05517578125
51 0.689453125 0.37255859375 0.03857421875 0.05322265625
52 0.78125 0.374267578125 0.03076171875 0.05419921875
57 0.07421875 0.44140625 0.033203125 0.05322265625
58 0.166015625 0.44384765625 0.0341796875 0.04736328125
59 0.25830078125 0.44873046875 0.03173828125 0.0517578125
60 0.3525390625 0.4501953125 0.03173828125 0.05859375
61 0.44677734375 0.451904296875 0.03515625 0.05859375
62 0.54150390625 0.452392578125 0.03173828125 0.06103515625
63 0.63623046875 0.454833984375 0.03173828125 0.05517578125
54 0.0439453125 0.730712890625 0.02880859375 0.0478515625
54 0.17529296875 0.7353515625 0.0302734375 0.04931640625
54 0.30908203125 0.737548828125 0.02587890625 0.0478515625
54 0.44677734375 0.742919921875 0.0283203125 0.0498046875
54 0.58544921875 0.7451171875 0.029296875 0.0498046875
54 0.7236328125 0.748779296875 0.03125 0.0498046875
54 0.08984375 0.8681640625 0.0302734375 0.04736328125
54 0.22216796875 0.873291015625 0.025390625 0.0458984375
54 0.35791015625 0.877685546875 0.02734375 0.0478515625
54 0.49267578125 0.88134765625 0.03125 0.046875
54 0.62890625 0.886474609375 0.03076171875 0.0498046875
4 0.0859375 0.73095703125 0.02978515625 0.04736328125
5 0.21826171875 0.734619140625 0.03076171875 0.0498046875
6 0.3544921875 0.73828125 0.03271484375 0.048828125
7 0.4921875 0.7421875 0.02880859375 0.046875
8 0.62939453125 0.746337890625 0.02978515625 0.05126953125
9 0.771484375 0.75 0.02880859375 0.046875
5 0.13623046875 0.867431640625 0.03076171875 0.0458984375
6 0.265625 0.87353515625 0.0283203125 0.04296875
7 0.39990234375 0.876953125 0.02880859375 0.04638671875
8 0.53564453125 0.881591796875 0.0283203125 0.05078125
0 0.673828125 0.88818359375 0.029296875 0.0478515625