55 0.1727766666666667 0.3555566666666667 0.056666666666666664 0.09333333333333334
56 0.255 0.35333333333333333 0.056666666666666664 0.09333333333333334
57 0.3405566666666667 0.35333333333333333 0.056666666666666664 0.09333333333333334
58 0.41833333333333333 0.3555566666666667 0.056666666666666664 0.09333333333333334
59 0.49833333333333335 0.35222333333333333 0.056666666666666664 0.09333333333333334
60 0.5816666666666667 0.35222333333333333 0.056666666666666664 0.09333333333333334
61 0.655 0.34889000000000003 0.056666666666666664 0.09333333333333334
48 0.03944333333333333 0.7344466666666667 0.056666666666666664 0.09333333333333334
49 0.19277666666666668 0.7344466666666667 0.056666666666666664 0.09333333333333334
50 0.34833333333333333 0.7233366666666667 0.056666666666666664 0.08666666666666667
51 0.505 0.7177800000000001 0.056666666666666664 0.08666666666666667
52 0.6516666666666666 0.7133366666666667 0.056666666666666664 0.08666666666666667
61 0.12722333333333333 0.8488933333333333 0.056666666666666664 0.08666666666666667
62 0.2816666666666667 0.8444499999999999 0.056666666666666664 0.08222333333333333
63 0.4294433333333333 0.8377833333333333 0.05444333333333334 0.08222333333333333