40 0.167236328125 0.27685546875 0.0341796875 0.0556640625
22 0.218505859375 0.273193359375 0.03564453125 0.05908203125
43 0.274169921875 0.2724609375 0.0341796875 0.05712890625
60 0.329345703125 0.2744140625 0.0341796875 0.060546875
60 0.383544921875 0.276123046875 0.0341796875 0.05908203125
43 0.437255859375 0.2734375 0.0341796875 0.060546875
58 0.493896484375 0.27490234375 0.0341796875 0.05859375
59 0.547607421875 0.275146484375 0.0322265625 0.060546875
53 0.654052734375 0.27685546875 0.0341796875 0.06103515625
55 0.708740234375 0.274658203125 0.03271484375 0.056640625
59 0.816650390625 0.278564453125 0.0341796875 0.05908203125
56 0.868408203125 0.277587890625 0.03466796875 0.05859375
37 0.922119140625 0.279296875 0.03271484375 0.05859375
38 0.974365234375 0.278076171875 0.03369140625 0.056640625
37 0.173583984375 0.44482421875 0.03076171875 0.04833984375
38 0.225830078125 0.443115234375 0.03271484375 0.04833984375
39 0.282958984375 0.446533203125 0.03564453125 0.05224609375
41 0.335205078125 0.4462890625 0.03564453125 0.05029296875
43 0.387451171875 0.446044921875 0.03466796875 0.0517578125
45 0.441162109375 0.44677734375 0.03369140625 0.0537109375
46 0.493896484375 0.447265625 0.0341796875 0.05126953125
47 0.543212890625 0.447998046875 0.0341796875 0.0537109375
48 0.596435546875 0.4462890625 0.03564453125 0.05126953125
49 0.648193359375 0.447509765625 0.0341796875 0.05322265625
50 0.699951171875 0.449462890625 0.03466796875 0.05517578125
51 0.751220703125 0.44677734375 0.0322265625 0.0556640625
52 0.802490234375 0.447509765625 0.03466796875 0.056640625
53 0.853271484375 0.44677734375 0.0322265625 0.05224609375
62 0.181396484375 0.53125 0.0400390625 0.05517578125
63 0.233642578125 0.531005859375 0.0361328125 0.05224609375
64 0.285400390625 0.531005859375 0.0341796875 0.05322265625
65 0.337646484375 0.5302734375 0.0341796875 0.05029296875
66 0.389404296875 0.531005859375 0.03369140625 0.0537109375
40 0.493896484375 0.52783203125 0.0322265625 0.05224609375
40 0.543701171875 0.529052734375 0.03466796875 0.0517578125
40 0.594482421875 0.52783203125 0.03076171875 0.05029296875
54 0.694580078125 0.52783203125 0.0322265625 0.05224609375
54 0.795654296875 0.528564453125 0.03271484375 0.0498046875
54 0.895263671875 0.531005859375 0.02880859375 0.0478515625
42 0.953857421875 0.446533203125 0.03271484375 0.05029296875
40 0.186767578125 0.60791015625 0.03759765625 0.05419921875
33 0.236083984375 0.61083984375 0.0341796875 0.05126953125
48 0.28857421875 0.605712890625 0.03564453125 0.05029296875
60 0.34033203125 0.60546875 0.03173828125 0.0517578125
47 0.39013671875 0.603759765625 0.03466796875 0.05029296875
59 0.49365234375 0.6025390625 0.0341796875 0.05029296875
56 0.54052734375 0.603271484375 0.0322265625 0.05029296875
37 0.58984375 0.60302734375 0.0283203125 0.0498046875
39 0.6416015625 0.602783203125 0.03173828125 0.0498046875
43 0.69189453125 0.603515625 0.03076171875 0.0517578125
37 0.189453125 0.68505859375 0.03173828125 0.05029296875
38 0.24169921875 0.68359375 0.0341796875 0.04833984375
37 0.3447265625 0.67919921875 0.03369140625 0.046875
38 0.44287109375 0.677734375 0.0341796875 0.04931640625
39 0.541015625 0.676513671875 0.03076171875 0.05224609375
41 0.638671875 0.676025390625 0.0322265625 0.046875
43 0.73486328125 0.677001953125 0.03271484375 0.05224609375
45 0.83349609375 0.67626953125 0.03173828125 0.0498046875
46 0.927734375 0.67578125 0.03466796875 0.0478515625
53 0.197265625 0.757568359375 0.03564453125 0.0498046875
42 0.296875 0.754150390625 0.03369140625 0.044921875
44 0.34521484375 0.75244140625 0.0322265625 0.0458984375
53 0.44189453125 0.75146484375 0.02978515625 0.04833984375
46 0.49267578125 0.7509765625 0.03173828125 0.04833984375
55 0.58740234375 0.7490234375 0.03173828125 0.05029296875
56 0.68310546875 0.748046875 0.03369140625 0.04638671875
57 0.77685546875 0.748046875 0.03466796875 0.0458984375
58 0.87109375 0.748291015625 0.0322265625 0.04638671875
59 0.96533203125 0.748779296875 0.0341796875 0.046875
65 0.205078125 0.825439453125 0.03759765625 0.044921875
66 0.30029296875 0.821044921875 0.0361328125 0.044921875
40 0.209228515625 0.888916015625 0.03271484375 0.04443359375
24 0.255615234375 0.888671875 0.0341796875 0.044921875
48 0.303466796875 0.886474609375 0.03271484375 0.0458984375
53 0.396728515625 0.882080078125 0.03173828125 0.0419921875
61 0.443115234375 0.8798828125 0.0322265625 0.0419921875
52 0.489501953125 0.8798828125 0.0302734375 0.0439453125
38 0.535888671875 0.879638671875 0.02734375 0.04248046875
43 0.584228515625 0.8798828125 0.03076171875 0.044921875
58 0.628662109375 0.878173828125 0.02880859375 0.0458984375
59 0.675537109375 0.87890625 0.02978515625 0.041015625