45 0.03203 0.10443333333333334 0.02936 0.04070666666666667
46 0.07340333333333333 0.10376666666666667 0.02936 0.04070666666666667
47 0.11610999999999999 0.10176333333333334 0.02936 0.04070666666666667
48 0.15881666666666666 0.1031 0.02936 0.04070666666666667
49 0.20419333333333334 0.1031 0.02936 0.04070666666666667
50 0.2469 0.10443333333333334 0.02936 0.04070666666666667
51 0.29294333333333333 0.10443333333333334 0.02936 0.04070666666666667
52 0.33565 0.10376666666666667 0.02936 0.04070666666666667
53 0.3810266666666666 0.1051 0.02936 0.04070666666666667
42 0.4684433333333333 0.1051 0.02936 0.04070666666666667
44 0.5151533333333334 0.1051 0.02936 0.04070666666666667
53 0.6029100000000001 0.10810333333333333 0.03003 0.04404333333333333
46 0.6482866666666667 0.10677 0.03003 0.04537666666666666
55 0.7377066666666666 0.10943666666666667 0.03003 0.04671
56 0.7830833333333334 0.10743666666666667 0.032696666666666666 0.04804666666666666
57 0.8281233333333333 0.10977 0.030696666666666667 0.04871333333333333
58 0.8738366666666667 0.11077333333333333 0.03136333333333333 0.04804666666666666
59 0.9192133333333333 0.11044 0.03003 0.04471
60 0.9609200000000001 0.11244 0.03203 0.051383333333333336
54 0.24556666666666668 0.17650333333333332 0.02936 0.04337333333333333
54 0.3323166666666667 0.17583666666666667 0.02936 0.04337333333333333
54 0.4210666666666667 0.17784 0.02936 0.04337333333333333
40 0.06939666666666666 0.17450333333333334 0.02936 0.04337333333333333
40 0.11410666666666666 0.17450333333333334 0.02936 0.04337333333333333
40 0.15614666666666666 0.17450333333333334 0.02936 0.04337333333333333
59 0.06773 0.24123000000000003 0.02869333333333333 0.04604333333333333
56 0.11110666666666666 0.24189666666666668 0.03003 0.04471
37 0.15381333333333333 0.24123000000000003 0.03003 0.04471
39 0.19885666666666668 0.24123000000000003 0.030696666666666667 0.04337333333333333
43 0.2429 0.24123000000000003 0.030696666666666667 0.04738
39 0.10643333333333334 0.31129666666666667 0.03003 0.04471
41 0.19585333333333332 0.31529999999999997 0.03003 0.04471
43 0.28393666666666667 0.3166333333333333 0.03003 0.04471
45 0.37535666666666667 0.31463 0.03003 0.04471
46 0.4664466666666666 0.3173033333333333 0.028026666666666665 0.04871333333333333
47 0.55453 0.31797 0.028026666666666665 0.04337333333333333
48 0.6462833333333333 0.31997333333333333 0.02869333333333333 0.04204
49 0.7387066666666666 0.32097333333333333 0.02936 0.05071666666666667
50 0.8257899999999999 0.32230666666666663 0.032696666666666666 0.05205
51 0.9178766666666667 0.32464333333333334 0.032696666666666666 0.04471
46 0.062060000000000004 0.3857033333333333 0.028026666666666665 0.05071666666666667
55 0.15047666666666668 0.38703666666666664 0.03136333333333333 0.05071666666666667
56 0.23889666666666667 0.3850333333333333 0.03203 0.04804666666666666
57 0.32931333333333335 0.3887033333333333 0.02869333333333333 0.04871333333333333
58 0.4190666666666667 0.39070666666666665 0.028026666666666665 0.04871333333333333
59 0.51082 0.39103999999999994 0.03136333333333333 0.04537666666666666
60 0.5969033333333333 0.3933766666666667 0.02869333333333333 0.04871333333333333
61 0.68966 0.39671333333333336 0.03403333333333333 0.051383333333333336
62 0.7794133333333333 0.3953766666666667 0.030696666666666667 0.04871333333333333
63 0.8718333333333333 0.3980466666666667 0.03403333333333333 0.05004666666666666
61 0.05805666666666666 0.5265033333333333 0.02936 0.04671
38 0.10209666666666667 0.52617 0.02936 0.04604333333333333
43 0.14747333333333335 0.52717 0.028026666666666665 0.04671
58 0.19251666666666664 0.5291733333333333 0.03003 0.05205
59 0.23923000000000003 0.52884 0.03136333333333333 0.04871333333333333
54 0.05738666666666666 0.6729766666666667 0.02936 0.04471
54 0.14613666666666666 0.67498 0.02936 0.04471
54 0.2782633333333333 0.6769833333333334 0.02936 0.04471
54 0.41439333333333334 0.68032 0.02936 0.04471
54 0.54919 0.6809866666666666 0.02936 0.04471
54 0.6879899999999999 0.6856566666666666 0.02936 0.04471
54 0.8261233333333333 0.68766 0.02936 0.04471
54 0.96025 0.6916633333333333 0.02936 0.04471
54 0.05338333333333334 0.8151133333333334 0.02936 0.04471
54 0.18484333333333333 0.81845 0.02936 0.04471
54 0.32030666666666663 0.8197833333333333 0.02936 0.04871333333333333
54 0.4571033333333333 0.8251233333333333 0.02936 0.04871333333333333
54 0.5932333333333334 0.8257899999999999 0.02936 0.04871333333333333
54 0.7320333333333333 0.8291266666666667 0.02936 0.04871333333333333
54 0.8694966666666666 0.8311299999999999 0.02936 0.04871333333333333
2 0.09875999999999999 0.6729766666666667 0.02936 0.04871333333333333
3 0.19084666666666666 0.6776466666666667 0.02936 0.04871333333333333
4 0.32430666666666663 0.67698 0.02936 0.04871333333333333
5 0.4591033333333333 0.6783133333333333 0.02936 0.04871333333333333
6 0.5959 0.6809833333333334 0.02936 0.04871333333333333
7 0.7320300000000001 0.68432 0.02936 0.04871333333333333
8 0.8674933333333333 0.6903266666666666 0.02936 0.04871333333333333
4 0.09742333333333333 0.8177833333333333 0.02936 0.04871333333333333
2 0.23155 0.8191166666666666 0.02936 0.04871333333333333
5 0.3670133333333333 0.8191166666666666 0.02936 0.04871333333333333
6 0.50181 0.8257899999999999 0.02936 0.04871333333333333
7 0.6392733333333334 0.8257899999999999 0.02936 0.04871333333333333
8 0.7754033333333333 0.8297933333333334 0.02936 0.04871333333333333
9 0.9128666666666666 0.8304600000000001 0.02936 0.04871333333333333