54 0.09916666666666667 0.045 0.055 0.08333333333333333
54 0.3408333333333333 0.041666666666666664 0.055 0.08333333333333333
54 0.5891666666666666 0.045 0.055 0.08333333333333333
54 0.8341666666666666 0.056666666666666664 0.055 0.08333333333333333
4 0.1825 0.041666666666666664 0.055 0.08333333333333333
2 0.42083333333333334 0.041666666666666664 0.055 0.08333333333333333
5 0.6725 0.041666666666666664 0.055 0.08333333333333333
6 0.9175 0.056666666666666664 0.055 0.08333333333333333
37 0.0875 0.5466666666666666 0.055 0.08333333333333333
53 0.16916666666666666 0.5516666666666666 0.055 0.08333333333333333
46 0.24916666666666668 0.5516666666666666 0.055 0.08333333333333333
61 0.4058333333333333 0.5616666666666666 0.055 0.08333333333333333
52 0.4875 0.56 0.055 0.08333333333333333
37 0.5625 0.5633333333333334 0.055 0.08333333333333333
46 0.6491666666666667 0.565 0.055 0.08333333333333333
37 0.7275 0.565 0.055 0.08333333333333333
59 0.8908333333333334 0.5783333333333334 0.055 0.08333333333333333
37 0.9725 0.58 0.055 0.08333333333333333
50 0.24416666666666667 0.6816666666666666 0.055 0.08333333333333333
37 0.3258333333333333 0.68 0.055 0.08333333333333333
65 0.4041666666666667 0.6866666666666666 0.055 0.08333333333333333
55 0.48083333333333333 0.6883333333333334 0.055 0.08333333333333333
37 0.09416666666666666 0.6716666666666666 0.055 0.08333333333333333
60 0.023333333333333334 0.6716666666666666 0.04666666666666667 0.08333333333333333