37 0.05611000000000001 0.14 0.03666666666666667 0.06
38 0.10611 0.13777666666666666 0.03666666666666667 0.06
39 0.15388666666666667 0.13555333333333333 0.03666666666666667 0.06
41 0.2027766666666667 0.13444333333333333 0.03666666666666667 0.06
43 0.2527766666666667 0.13333333333333333 0.03666666666666667 0.06
45 0.3027766666666667 0.13222333333333333 0.03666666666666667 0.06
46 0.3527766666666666 0.13111333333333333 0.03666666666666667 0.06
47 0.4027766666666666 0.13000333333333333 0.03666666666666667 0.06
48 0.4538866666666667 0.12889333333333333 0.03666666666666667 0.06
49 0.5049966666666666 0.12889333333333333 0.03666666666666667 0.06
50 0.5516633333333333 0.12889333333333333 0.03666666666666667 0.06
51 0.6038866666666667 0.12889333333333333 0.03666666666666667 0.06
52 0.6549966666666667 0.12556 0.03666666666666667 0.06
53 0.70722 0.12667 0.03666666666666667 0.06
42 0.8094433333333333 0.12222666666666666 0.03666666666666667 0.06
44 0.8616666666666667 0.12111666666666668 0.03666666666666667 0.06
53 0.96389 0.12222666666666666 0.03666666666666667 0.06
62 0.06722 0.22222333333333333 0.03666666666666667 0.06
63 0.11277666666666666 0.22333333333333333 0.03666666666666667 0.06
64 0.16277666666666665 0.22111 0.03666666666666667 0.06
65 0.21166666666666667 0.22 0.03666666666666667 0.06
66 0.26166666666666666 0.21888999999999997 0.03666666666666667 0.06
40 0.35833333333333334 0.21666666666666667 0.03666666666666667 0.06
40 0.4083333333333333 0.21666666666666667 0.03666666666666667 0.06
40 0.4583333333333333 0.21333333333333335 0.03666666666666667 0.06
54 0.55389 0.21 0.03666666666666667 0.06
54 0.65389 0.2077766666666667 0.03666666666666667 0.06
54 0.7538900000000001 0.20888666666666666 0.03666666666666667 0.06
40 0.07389 0.29555666666666663 0.03666666666666667 0.06
33 0.12388666666666667 0.29889 0.03666666666666667 0.06
48 0.16833 0.29778333333333334 0.03666666666666667 0.06
60 0.2161066666666667 0.29667333333333334 0.03666666666666667 0.06
47 0.26499666666666666 0.29556333333333334 0.03666666666666667 0.06
59 0.36055333333333334 0.29445333333333334 0.03666666666666667 0.06
56 0.40722 0.29334333333333334 0.03666666666666667 0.06
37 0.45499666666666666 0.29223333333333334 0.03666666666666667 0.06
39 0.5061066666666666 0.29223333333333334 0.03666666666666667 0.06
43 0.5549966666666667 0.29112333333333335 0.03666666666666667 0.06
37 0.08277666666666667 0.38 0.03666666666666667 0.06
38 0.13166666666666665 0.37777666666666665 0.03666666666666667 0.06
37 0.225 0.37666666666666665 0.03666666666666667 0.06
38 0.3172233333333333 0.37666666666666665 0.03666666666666667 0.06
39 0.4127766666666666 0.3744433333333333 0.03666666666666667 0.06
41 0.50611 0.37333333333333335 0.03666666666666667 0.06
43 0.6027766666666666 0.37333333333333335 0.03666666666666667 0.06
45 0.6994433333333333 0.36889000000000005 0.03666666666666667 0.06
46 0.7994433333333333 0.36778 0.03666666666666667 0.06
47 0.89611 0.37167 0.03666666666666667 0.06
53 0.09389 0.45306 0.03666666666666667 0.055
42 0.18444333333333335 0.44889333333333337 0.03666666666666667 0.056666666666666664
44 0.23055666666666666 0.4477833333333333 0.03666666666666667 0.05777666666666667
53 0.3233333333333333 0.4477833333333333 0.03111 0.055556666666666664
46 0.37 0.4466733333333333 0.03111 0.055556666666666664
55 0.46110999999999996 0.4466733333333333 0.03111 0.055556666666666664
56 0.5544433333333333 0.4466733333333333 0.03111 0.055556666666666664
57 0.6477766666666667 0.4466733333333333 0.03111 0.055556666666666664
58 0.7455533333333333 0.4466733333333333 0.03111 0.055556666666666664
59 0.84111 0.44556333333333337 0.03111 0.055556666666666664
60 0.94 0.44556333333333337 0.03111 0.055556666666666664
65 0.10444333333333333 0.5194533333333333 0.03777666666666667 0.05
66 0.19444333333333336 0.5183433333333334 0.03777666666666667 0.05
40 0.11389 0.5844433333333333 0.03444333333333333 0.04666666666666667
24 0.15389 0.5855533333333334 0.03444333333333333 0.04666666666666667
48 0.19833333333333333 0.5844433333333333 0.03444333333333333 0.04666666666666667
53 0.28611000000000003 0.5844433333333333 0.03444333333333333 0.04666666666666667
61 0.3305533333333333 0.5844433333333333 0.03444333333333333 0.04666666666666667
52 0.37277666666666665 0.5844433333333333 0.03444333333333333 0.04666666666666667
38 0.41833333333333333 0.5844433333333333 0.03444333333333333 0.04666666666666667
43 0.46610999999999997 0.5855533333333334 0.03444333333333333 0.04666666666666667
58 0.5094433333333334 0.5866633333333333 0.03444333333333333 0.04666666666666667
59 0.5538866666666667 0.5888866666666667 0.03444333333333333 0.04666666666666667
54 0.12389 0.72111 0.03444333333333333 0.04666666666666667
54 0.24722333333333332 0.7244433333333333 0.03444333333333333 0.04666666666666667
54 0.37833333333333335 0.7277766666666666 0.03444333333333333 0.04666666666666667
54 0.465 0.73 0.03444333333333333 0.04666666666666667
54 0.6005566666666667 0.7355566666666666 0.03444333333333333 0.04666666666666667
54 0.7383333333333333 0.7366666666666667 0.03444333333333333 0.04666666666666667
54 0.8761099999999999 0.7377766666666666 0.03444333333333333 0.04666666666666667
54 0.9216666666666666 0.8788866666666666 0.03444333333333333 0.04666666666666667
54 0.7816666666666666 0.88111 0.03444333333333333 0.04666666666666667
54 0.645 0.8788866666666666 0.03444333333333333 0.04666666666666667
54 0.5094433333333334 0.8733299999999999 0.03444333333333333 0.04666666666666667
54 0.375 0.8688866666666666 0.03444333333333333 0.04666666666666667
54 0.24389 0.8655533333333333 0.03444333333333333 0.04666666666666667
54 0.12277999999999999 0.8555533333333333 0.03444333333333333 0.04666666666666667
54 0.12389 0.9233299999999999 0.03444333333333333 0.04666666666666667
0 0.16389 0.72222 0.03444333333333333 0.04666666666666667
1 0.2916666666666667 0.7244433333333333 0.03444333333333333 0.04666666666666667
2 0.4216666666666667 0.7266666666666667 0.03444333333333333 0.04666666666666667
3 0.5105566666666667 0.7277766666666666 0.03444333333333333 0.04666666666666667
4 0.645 0.73 0.03444333333333333 0.04666666666666667
5 0.78389 0.7355566666666666 0.03444333333333333 0.04666666666666667
6 0.9272233333333334 0.7366666666666667 0.03444333333333333 0.04666666666666667
1 0.16389 0.8533333333333334 0.03444333333333333 0.04666666666666667
0 0.16166666666666665 0.9266633333333333 0.03444333333333333 0.04666666666666667
3 0.29055666666666663 0.8633333333333333 0.03444333333333333 0.04666666666666667
4 0.4216666666666667 0.8666666666666667 0.03444333333333333 0.04666666666666667
2 0.555 0.8722233333333334 0.03444333333333333 0.04666666666666667
5 0.6916666666666667 0.87778 0.03444333333333333 0.04666666666666667
6 0.8294466666666667 0.8777766666666666 0.03444333333333333 0.04666666666666667
7 0.9672233333333333 0.8788866666666666 0.03444333333333333 0.04666666666666667