58 0.082275390625 0.28076171875 0.05029296875 0.080078125
59 0.154052734375 0.27734375 0.04931640625 0.08349609375
53 0.302490234375 0.279541015625 0.05029296875 0.08251953125
55 0.374267578125 0.279052734375 0.05029296875 0.080078125
59 0.521728515625 0.27880859375 0.05126953125 0.0791015625
56 0.593505859375 0.27783203125 0.0458984375 0.08447265625
37 0.662841796875 0.27685546875 0.046875 0.08154296875
39 0.734619140625 0.276611328125 0.0546875 0.0791015625
43 0.803466796875 0.276123046875 0.04345703125 0.0771484375
45 0.03369140625 0.510986328125 0.05224609375 0.07568359375
46 0.103515625 0.5087890625 0.0478515625 0.07470703125
47 0.1728515625 0.5068359375 0.046875 0.07568359375
48 0.24462890625 0.5048828125 0.0458984375 0.072265625
49 0.31396484375 0.506103515625 0.044921875 0.07568359375
50 0.38330078125 0.503173828125 0.04345703125 0.07373046875
51 0.45166015625 0.502197265625 0.04248046875 0.0703125
52 0.51953125 0.50244140625 0.04931640625 0.0693359375
53 0.583984375 0.5 0.04248046875 0.07373046875
42 0.720703125 0.499755859375 0.046875 0.072265625
44 0.78564453125 0.499755859375 0.0458984375 0.07373046875
53 0.91845703125 0.4990234375 0.044921875 0.0712890625
46 0.98046875 0.498291015625 0.0390625 0.0673828125
40 0.119384765625 0.611083984375 0.0458984375 0.0654296875
40 0.186279296875 0.61328125 0.0458984375 0.0595703125
40 0.254150390625 0.61376953125 0.0439453125 0.05908203125
54 0.388427734375 0.607177734375 0.04248046875 0.064453125
54 0.51904296875 0.60498046875 0.04150390625 0.06494140625
54 0.6484375 0.603759765625 0.0390625 0.06396484375
59 0.127197265625 0.706298828125 0.03857421875 0.0625
56 0.189208984375 0.705078125 0.04345703125 0.0595703125
37 0.255126953125 0.7021484375 0.0390625 0.05908203125
39 0.323486328125 0.7001953125 0.0390625 0.05859375
43 0.387939453125 0.699951171875 0.04150390625 0.06201171875
38 0.071044921875 0.79931640625 0.04296875 0.06298828125
39 0.199462890625 0.797119140625 0.04296875 0.0615234375
41 0.326416015625 0.7958984375 0.04296875 0.0625
43 0.453857421875 0.793212890625 0.0419921875 0.0615234375
45 0.579345703125 0.787109375 0.041015625 0.0576171875
46 0.703857421875 0.785400390625 0.03857421875 0.060546875
47 0.826904296875 0.78662109375 0.0380859375 0.060546875
48 0.947509765625 0.78466796875 0.041015625 0.06103515625
53 0.086181640625 0.88623046875 0.04248046875 0.05810546875
46 0.150146484375 0.883544921875 0.0400390625 0.05517578125
55 0.269775390625 0.88232421875 0.041015625 0.05908203125
56 0.393798828125 0.878173828125 0.04150390625 0.0576171875
57 0.516357421875 0.87744140625 0.0400390625 0.05712890625
58 0.636962890625 0.874755859375 0.0380859375 0.0576171875
59 0.756591796875 0.875 0.04150390625 0.05712890625
60 0.875732421875 0.871337890625 0.04248046875 0.0556640625
61 0.987060546875 0.869384765625 0.02587890625 0.056640625