59 0.100341796875 0.3857421875 0.06103515625 0.10107421875
56 0.169677734375 0.387939453125 0.06103515625 0.10107421875
37 0.241455078125 0.3857421875 0.06103515625 0.10107421875
39 0.316162109375 0.390380859375 0.06103515625 0.10107421875
43 0.388427734375 0.393310546875 0.06103515625 0.10107421875
51 0.041259765625 0.6162109375 0.06103515625 0.10107421875
52 0.11083984375 0.624755859375 0.06103515625 0.10107421875
53 0.18017578125 0.623779296875 0.06103515625 0.10107421875
42 0.31640625 0.627685546875 0.06103515625 0.10107421875
44 0.3935546875 0.62646484375 0.06103515625 0.10107421875
54 0.114990234375 0.732421875 0.06103515625 0.10107421875
54 0.248291015625 0.73779296875 0.06103515625 0.10107421875
43 0.059814453125 0.943603515625 0.06103515625 0.10107421875
45 0.1923828125 0.945068359375 0.06103515625 0.10107421875
46 0.325439453125 0.950439453125 0.06103515625 0.09912109375
47 0.465576171875 0.951416015625 0.06103515625 0.09716796875
48 0.604248046875 0.955078125 0.052734375 0.08984375
49 0.746826171875 0.954345703125 0.052734375 0.09130859375
53 0.53662109375 0.623046875 0.060546875 0.095703125
46 0.607421875 0.622314453125 0.060546875 0.095703125
55 0.75244140625 0.62890625 0.060546875 0.095703125
56 0.8271484375 0.6279296875 0.060546875 0.095703125
57 0.90185546875 0.627197265625 0.060546875 0.095703125
58 0.9677734375 0.6298828125 0.0576171875 0.095703125
50 0.885498046875 0.952880859375 0.052734375 0.091796875