38 0.32421875 0.023681640625 0.03125 0.04736328125
39 0.37353515625 0.021728515625 0.03125 0.04345703125
41 0.417724609375 0.024658203125 0.03369140625 0.04931640625
43 0.4638671875 0.025390625 0.03515625 0.05078125
45 0.509033203125 0.02587890625 0.03564453125 0.0517578125
46 0.55810546875 0.0263671875 0.03515625 0.05126953125
47 0.607421875 0.026611328125 0.03662109375 0.05029296875
48 0.6552734375 0.026611328125 0.02880859375 0.04833984375
49 0.70556640625 0.02880859375 0.03369140625 0.0498046875
50 0.75 0.03076171875 0.03271484375 0.04931640625
51 0.79931640625 0.031982421875 0.03466796875 0.05224609375
52 0.8525390625 0.033935546875 0.03564453125 0.05419921875
53 0.902099609375 0.037109375 0.037109375 0.04931640625
63 0.319580078125 0.094970703125 0.0400390625 0.05712890625
64 0.364990234375 0.09521484375 0.0400390625 0.05126953125
65 0.410400390625 0.096923828125 0.03369140625 0.05517578125
66 0.457275390625 0.098388671875 0.03515625 0.04736328125
40 0.55517578125 0.10595703125 0.03173828125 0.04736328125
40 0.60302734375 0.107666015625 0.0322265625 0.046875
40 0.6494140625 0.10693359375 0.03173828125 0.0478515625
54 0.74609375 0.110107421875 0.0322265625 0.05419921875
54 0.84521484375 0.115234375 0.03564453125 0.0517578125
54 0.947265625 0.119140625 0.0341796875 0.05029296875
63 0.31201171875 0.1640625 0.03662109375 0.04931640625
48 0.3583984375 0.16259765625 0.0361328125 0.046875
60 0.40380859375 0.165283203125 0.0361328125 0.04736328125
47 0.45166015625 0.16796875 0.03173828125 0.04931640625
59 0.544677734375 0.173095703125 0.03271484375 0.04736328125
56 0.594482421875 0.172607421875 0.03369140625 0.04833984375
37 0.641357421875 0.17431640625 0.02978515625 0.0478515625
39 0.694091796875 0.17626953125 0.03369140625 0.04541015625
43 0.744384765625 0.179443359375 0.03369140625 0.046875
38 0.302490234375 0.23486328125 0.03369140625 0.04541015625
37 0.395751953125 0.23876953125 0.03076171875 0.0458984375
38 0.48974609375 0.244873046875 0.03271484375 0.04833984375
39 0.58935546875 0.248046875 0.0341796875 0.0458984375
41 0.68798828125 0.254638671875 0.03271484375 0.05078125
43 0.783447265625 0.26220703125 0.03369140625 0.05078125
45 0.887939453125 0.26806640625 0.033203125 0.05029296875
46 0.984130859375 0.277587890625 0.03173828125 0.05224609375
42 0.345458984375 0.315673828125 0.033203125 0.0498046875
44 0.392822265625 0.31787109375 0.03271484375 0.048828125
53 0.4853515625 0.325927734375 0.03125 0.0517578125
46 0.53466796875 0.32861328125 0.03271484375 0.04833984375
55 0.62939453125 0.336181640625 0.03369140625 0.05322265625
56 0.73046875 0.33935546875 0.03662109375 0.052734375
57 0.829833984375 0.347900390625 0.04248046875 0.05419921875
58 0.927978515625 0.35546875 0.04052734375 0.05615234375
66 0.33740234375 0.392578125 0.041015625 0.0546875
24 0.286376953125 0.461181640625 0.0400390625 0.05517578125
53 0.42822265625 0.471435546875 0.03955078125 0.0556640625
61 0.474609375 0.47509765625 0.03857421875 0.0537109375
52 0.521484375 0.47802734375 0.03857421875 0.05322265625
38 0.566650390625 0.481201171875 0.0361328125 0.05126953125
43 0.619384765625 0.484130859375 0.0361328125 0.05419921875
58 0.665771484375 0.49169921875 0.03857421875 0.0595703125
59 0.716064453125 0.493896484375 0.04150390625 0.05615234375
54 0.23095703125 0.608154296875 0.0390625 0.05078125
54 0.510498046875 0.632568359375 0.0361328125 0.05615234375
54 0.60498046875 0.64013671875 0.03564453125 0.05712890625
54 0.752197265625 0.654296875 0.04150390625 0.05322265625
54 0.89794921875 0.667236328125 0.03955078125 0.0556640625
54 0.92919921875 0.816162109375 0.03466796875 0.04833984375
0 0.2646484375 0.830810546875 0.0322265625 0.0458984375
1 0.415283203125 0.6220703125 0.03125 0.0517578125
2 0.5576171875 0.63671875 0.03173828125 0.05517578125
3 0.65478515625 0.643310546875 0.03759765625 0.05322265625
4 0.799072265625 0.657470703125 0.03662109375 0.05419921875
5 0.94775390625 0.66748046875 0.0400390625 0.05712890625
6 0.97705078125 0.81689453125 0.0341796875 0.0478515625
37 0.258056640625 0.233642578125 0.03076171875 0.0458984375
37 0.282470703125 0.021240234375 0.03076171875 0.04248046875
40 0.2685546875 0.166748046875 0.03173828125 0.04736328125
62 0.274658203125 0.09521484375 0.0400390625 0.05712890625
53 0.251220703125 0.3095703125 0.037109375 0.04931640625
65 0.2451171875 0.38623046875 0.037109375 0.04931640625
40 0.241455078125 0.458740234375 0.03515625 0.05224609375
48 0.331787109375 0.46337890625 0.03857421875 0.052734375
0 0.27734375 0.6083984375 0.04150390625 0.04931640625
54 0.219970703125 0.826171875 0.0390625 0.05078125
54 0.369873046875 0.618896484375 0.0390625 0.05078125
54 0.22021484375 0.75439453125 0.0390625 0.05078125
1 0.265625 0.755126953125 0.03125 0.0517578125
54 0.360595703125 0.76904296875 0.0361328125 0.05615234375
3 0.406982421875 0.77001953125 0.03759765625 0.05322265625
54 0.49853515625 0.78076171875 0.0361328125 0.05615234375
4 0.55029296875 0.78466796875 0.03662109375 0.05419921875
54 0.642333984375 0.79345703125 0.03955078125 0.0556640625
2 0.690673828125 0.796875 0.03662109375 0.05517578125
54 0.78564453125 0.804443359375 0.03955078125 0.0556640625
5 0.83447265625 0.8056640625 0.0400390625 0.05712890625