54 0.248779296875 0.2197265625 0.05322265625 0.080078125
54 0.411376953125 0.216796875 0.05126953125 0.08349609375
54 0.654296875 0.206787109375 0.05029296875 0.08203125
54 0.89697265625 0.201416015625 0.0498046875 0.08056640625
54 0.245361328125 0.47265625 0.05712890625 0.087890625
54 0.500244140625 0.46435546875 0.0517578125 0.08984375
54 0.74951171875 0.45703125 0.0556640625 0.087890625
2 0.328857421875 0.21533203125 0.0478515625 0.08203125
3 0.489990234375 0.212158203125 0.05322265625 0.080078125
4 0.73193359375 0.201171875 0.0556640625 0.080078125
5 0.970703125 0.197021484375 0.05029296875 0.080078125
4 0.332275390625 0.4677734375 0.05517578125 0.0859375
2 0.581298828125 0.46240234375 0.0556640625 0.091796875
5 0.83544921875 0.453125 0.0576171875 0.08740234375