40 0.04345703125 0.04443359375 0.02587890625 0.05029296875
22 0.07958984375 0.04345703125 0.02587890625 0.05029296875
43 0.1201171875 0.04345703125 0.02587890625 0.05029296875
60 0.162109375 0.04345703125 0.02587890625 0.05029296875
60 0.20556640625 0.04248046875 0.02587890625 0.05029296875
43 0.2431640625 0.0419921875 0.02587890625 0.05029296875
58 0.287109375 0.04345703125 0.02587890625 0.05029296875
59 0.328125 0.04443359375 0.02587890625 0.05029296875
53 0.41162109375 0.0419921875 0.02587890625 0.05029296875
55 0.4521484375 0.0419921875 0.02587890625 0.05029296875
59 0.53564453125 0.0439453125 0.02587890625 0.05029296875
56 0.578125 0.04248046875 0.02587890625 0.05029296875
37 0.6201171875 0.04443359375 0.02587890625 0.05029296875
39 0.66357421875 0.04345703125 0.02587890625 0.05029296875
43 0.70361328125 0.0439453125 0.02587890625 0.05029296875
37 0.052734375 0.18115234375 0.02783203125 0.0478515625
38 0.09423828125 0.18212890625 0.02783203125 0.0478515625
39 0.13330078125 0.18115234375 0.02783203125 0.0478515625
41 0.173828125 0.18212890625 0.02783203125 0.0478515625
43 0.212890625 0.18310546875 0.02783203125 0.0478515625
45 0.25244140625 0.18310546875 0.02783203125 0.0478515625
46 0.29345703125 0.18408203125 0.02783203125 0.0478515625
47 0.333984375 0.1845703125 0.02783203125 0.0478515625
48 0.37451171875 0.1826171875 0.02783203125 0.0478515625
49 0.41357421875 0.18310546875 0.02783203125 0.0478515625
50 0.4521484375 0.18408203125 0.02783203125 0.0478515625
51 0.4931640625 0.18603515625 0.02783203125 0.0478515625
52 0.5341796875 0.185546875 0.02783203125 0.0478515625
53 0.57421875 0.18603515625 0.02783203125 0.0478515625
42 0.65576171875 0.18603515625 0.02783203125 0.0478515625
44 0.69482421875 0.1865234375 0.02783203125 0.0478515625
53 0.77685546875 0.1875 0.02783203125 0.0478515625
46 0.8193359375 0.18994140625 0.02783203125 0.044921875
55 0.8974609375 0.19140625 0.02783203125 0.0478515625
56 0.9404296875 0.19140625 0.02783203125 0.0478515625
57 0.98046875 0.19189453125 0.02783203125 0.0478515625
62 0.0634765625 0.24658203125 0.02783203125 0.0478515625
63 0.10205078125 0.24755859375 0.02783203125 0.0478515625
64 0.14208984375 0.24755859375 0.02783203125 0.0478515625
65 0.18017578125 0.248046875 0.02783203125 0.0478515625
66 0.21875 0.24755859375 0.02783203125 0.0478515625
40 0.2998046875 0.24951171875 0.02783203125 0.0478515625
40 0.33642578125 0.248046875 0.02783203125 0.0478515625
40 0.37451171875 0.24853515625 0.02783203125 0.0478515625
54 0.453125 0.25146484375 0.02783203125 0.0478515625
54 0.53271484375 0.251953125 0.02783203125 0.0478515625
54 0.60986328125 0.25390625 0.02783203125 0.0478515625
40 0.0712890625 0.30859375 0.02783203125 0.0478515625
33 0.109375 0.310546875 0.02783203125 0.0478515625
48 0.1455078125 0.31005859375 0.02783203125 0.0478515625
60 0.1845703125 0.31005859375 0.02783203125 0.0478515625
47 0.22265625 0.30859375 0.02783203125 0.0478515625
59 0.2998046875 0.3115234375 0.02783203125 0.0478515625
56 0.33740234375 0.3115234375 0.02783203125 0.0478515625
37 0.37451171875 0.3115234375 0.02783203125 0.0478515625
39 0.41552734375 0.3125 0.02783203125 0.0478515625
43 0.45458984375 0.31201171875 0.02783203125 0.0478515625
37 0.0751953125 0.369140625 0.02783203125 0.0478515625
38 0.11376953125 0.37255859375 0.02783203125 0.0478515625
37 0.1884765625 0.37060546875 0.02783203125 0.0478515625
38 0.26513671875 0.37353515625 0.02783203125 0.0478515625
39 0.34130859375 0.3759765625 0.02783203125 0.0478515625
41 0.41650390625 0.37646484375 0.02783203125 0.0478515625
43 0.4912109375 0.37939453125 0.02783203125 0.0478515625
45 0.5673828125 0.37939453125 0.02783203125 0.0478515625
46 0.64404296875 0.3818359375 0.02783203125 0.0478515625
47 0.72265625 0.38134765625 0.02783203125 0.0478515625
48 0.7998046875 0.38330078125 0.02783203125 0.0478515625
49 0.8798828125 0.3837890625 0.02783203125 0.0478515625
50 0.95458984375 0.38525390625 0.02783203125 0.0439453125
53 0.083984375 0.43212890625 0.02783203125 0.0478515625
42 0.158203125 0.43212890625 0.02783203125 0.0478515625
44 0.19580078125 0.43115234375 0.02783203125 0.0478515625
53 0.27001953125 0.43017578125 0.02783203125 0.04052734375
46 0.30810546875 0.43115234375 0.02783203125 0.041015625
55 0.38134765625 0.4345703125 0.02783203125 0.04443359375
56 0.45458984375 0.435546875 0.02783203125 0.0419921875
57 0.52880859375 0.4384765625 0.02783203125 0.04443359375
58 0.603515625 0.43701171875 0.02783203125 0.04443359375
59 0.67822265625 0.439453125 0.02783203125 0.04443359375
60 0.75537109375 0.439453125 0.02783203125 0.04443359375
61 0.83154296875 0.44287109375 0.02783203125 0.04443359375
62 0.90869140625 0.44384765625 0.02783203125 0.04443359375
63 0.98583984375 0.44775390625 0.02783203125 0.04443359375
65 0.09423828125 0.4853515625 0.03173828125 0.041015625
66 0.16455078125 0.48583984375 0.03173828125 0.0419921875
40 0.10009765625 0.537109375 0.03173828125 0.0419921875
24 0.13623046875 0.53759765625 0.02783203125 0.0419921875
48 0.169921875 0.537109375 0.02783203125 0.0419921875
53 0.2421875 0.53955078125 0.02783203125 0.0419921875
61 0.27685546875 0.54052734375 0.02783203125 0.0390625
52 0.31201171875 0.5419921875 0.02783203125 0.03857421875
38 0.34814453125 0.54248046875 0.02783203125 0.03857421875
43 0.3837890625 0.54345703125 0.02783203125 0.03857421875
58 0.419921875 0.54443359375 0.02783203125 0.03857421875
59 0.45458984375 0.5458984375 0.02783203125 0.03857421875
54 0.109375 0.64697265625 0.02783203125 0.0390625
54 0.109375 0.75390625 0.02783203125 0.0390625
54 0.10791015625 0.80908203125 0.02783203125 0.0390625
54 0.21044921875 0.64990234375 0.02783203125 0.0390625
54 0.20751953125 0.7587890625 0.02783203125 0.0390625
54 0.3134765625 0.65576171875 0.02783203125 0.0390625
54 0.31005859375 0.76318359375 0.02783203125 0.0390625
54 0.38330078125 0.6591796875 0.02783203125 0.0390625
54 0.41455078125 0.76708984375 0.02783203125 0.0390625
54 0.48681640625 0.6611328125 0.02783203125 0.0390625
54 0.5185546875 0.771484375 0.02783203125 0.0390625
54 0.5947265625 0.66552734375 0.02783203125 0.0390625
54 0.62646484375 0.7783203125 0.02783203125 0.0390625
54 0.7021484375 0.6689453125 0.02783203125 0.0390625
54 0.7353515625 0.78076171875 0.02783203125 0.0390625
54 0.8134765625 0.67431640625 0.02783203125 0.0390625
54 0.8427734375 0.78369140625 0.02783203125 0.0390625
54 0.92333984375 0.6767578125 0.02783203125 0.0390625
54 0.9501953125 0.78662109375 0.029296875 0.03955078125
0 0.14208984375 0.64697265625 0.02783203125 0.0390625
0 0.14208984375 0.8095703125 0.02783203125 0.0390625
1 0.2451171875 0.64990234375 0.02783203125 0.0390625
2 0.3505859375 0.65576171875 0.02783203125 0.0390625
3 0.419921875 0.65771484375 0.02783203125 0.0390625
4 0.5224609375 0.6611328125 0.02783203125 0.0390625
5 0.62939453125 0.6650390625 0.02783203125 0.0390625
6 0.7412109375 0.66845703125 0.02783203125 0.0390625
7 0.8515625 0.673828125 0.02783203125 0.0390625
8 0.96142578125 0.67578125 0.02783203125 0.0390625
1 0.14453125 0.7529296875 0.02783203125 0.0390625
3 0.24267578125 0.7578125 0.02783203125 0.0390625
4 0.34716796875 0.763671875 0.02783203125 0.0390625
2 0.45263671875 0.76904296875 0.02783203125 0.0390625
5 0.55712890625 0.7724609375 0.02783203125 0.0390625
6 0.6640625 0.77587890625 0.02783203125 0.0390625
7 0.771484375 0.7802734375 0.02783203125 0.0390625
8 0.87890625 0.783203125 0.02783203125 0.0390625