40 0.14990234375 0.0986328125 0.0185546875 0.02978515625
22 0.17529296875 0.09814453125 0.0185546875 0.02978515625
43 0.19970703125 0.09765625 0.0185546875 0.02978515625
60 0.224609375 0.09619140625 0.0185546875 0.02978515625
60 0.25048828125 0.09521484375 0.0185546875 0.02978515625
43 0.27392578125 0.0927734375 0.0185546875 0.02978515625
58 0.298828125 0.09326171875 0.0185546875 0.02978515625
59 0.32470703125 0.091796875 0.0185546875 0.02978515625
53 0.37646484375 0.09033203125 0.0185546875 0.02978515625
55 0.40380859375 0.08984375 0.0185546875 0.02978515625
59 0.45654296875 0.08837890625 0.0185546875 0.02978515625
56 0.4833984375 0.08740234375 0.0185546875 0.02978515625
37 0.51025390625 0.0859375 0.0185546875 0.02978515625
39 0.5380859375 0.08349609375 0.0185546875 0.02978515625
43 0.56396484375 0.08447265625 0.0185546875 0.02978515625
37 0.1455078125 0.1796875 0.017578125 0.02783203125
38 0.1708984375 0.1796875 0.017578125 0.02783203125
39 0.19482421875 0.1787109375 0.017578125 0.02783203125
41 0.220703125 0.17724609375 0.017578125 0.02783203125
43 0.24560546875 0.1767578125 0.017578125 0.02783203125
45 0.27001953125 0.17529296875 0.017578125 0.02783203125
46 0.2958984375 0.17578125 0.017578125 0.02783203125
47 0.322265625 0.1748046875 0.017578125 0.02783203125
48 0.3486328125 0.173828125 0.017578125 0.02783203125
49 0.37451171875 0.17431640625 0.017578125 0.02783203125
50 0.40087890625 0.17431640625 0.017578125 0.02783203125
51 0.42724609375 0.17333984375 0.017578125 0.02783203125
52 0.4541015625 0.17333984375 0.017578125 0.02783203125
53 0.48095703125 0.1728515625 0.017578125 0.02783203125
42 0.5361328125 0.17236328125 0.017578125 0.02783203125
44 0.5634765625 0.1728515625 0.017578125 0.02783203125
53 0.6181640625 0.1728515625 0.017578125 0.02783203125
46 0.646484375 0.1728515625 0.017578125 0.02783203125
55 0.70068359375 0.17529296875 0.017578125 0.02783203125
56 0.72802734375 0.17626953125 0.017578125 0.02783203125
57 0.7568359375 0.17724609375 0.017578125 0.02783203125
58 0.78369140625 0.1787109375 0.017578125 0.02783203125
60 0.83837890625 0.1806640625 0.017578125 0.02783203125
59 0.81201171875 0.18017578125 0.017578125 0.02783203125
61 0.865234375 0.181640625 0.017578125 0.02783203125
62 0.142333984375 0.22216796875 0.017578125 0.02783203125
63 0.166748046875 0.220703125 0.017578125 0.02783203125
64 0.191650390625 0.22021484375 0.017578125 0.02783203125
65 0.216552734375 0.22021484375 0.017578125 0.02783203125
66 0.241943359375 0.22021484375 0.017578125 0.02783203125
40 0.294677734375 0.22021484375 0.017578125 0.02783203125
40 0.321533203125 0.2197265625 0.017578125 0.02783203125
40 0.347412109375 0.220703125 0.017578125 0.02783203125
54 0.400634765625 0.21875 0.017578125 0.02783203125
54 0.453369140625 0.21875 0.017578125 0.02783203125
54 0.508056640625 0.220703125 0.017578125 0.02783203125
33 0.16455078125 0.26171875 0.017578125 0.02783203125
40 0.138671875 0.26123046875 0.017578125 0.02783203125
48 0.18994140625 0.25927734375 0.017578125 0.02783203125
60 0.2138671875 0.259765625 0.017578125 0.02783203125
47 0.24072265625 0.2587890625 0.017578125 0.02783203125
59 0.29248046875 0.259765625 0.017578125 0.02783203125
56 0.31884765625 0.259765625 0.017578125 0.02783203125
37 0.3447265625 0.25927734375 0.017578125 0.02783203125
39 0.373046875 0.2587890625 0.017578125 0.02783203125
43 0.3984375 0.2587890625 0.017578125 0.02783203125
37 0.136474609375 0.3017578125 0.017578125 0.02783203125
38 0.160888671875 0.30126953125 0.017578125 0.02783203125
37 0.212158203125 0.2998046875 0.017578125 0.02783203125
38 0.263916015625 0.30126953125 0.017578125 0.02783203125
39 0.319091796875 0.30126953125 0.017578125 0.02783203125
41 0.372314453125 0.30224609375 0.017578125 0.02783203125
43 0.425048828125 0.3037109375 0.017578125 0.02783203125
45 0.478759765625 0.3046875 0.017578125 0.02783203125
46 0.533447265625 0.3046875 0.017578125 0.02783203125
47 0.588134765625 0.3056640625 0.017578125 0.02783203125
48 0.643798828125 0.3076171875 0.017578125 0.02783203125
49 0.699462890625 0.30859375 0.017578125 0.02783203125
50 0.753662109375 0.31005859375 0.017578125 0.02783203125
51 0.807373046875 0.31201171875 0.017578125 0.02783203125
52 0.864013671875 0.3134765625 0.017578125 0.02783203125
53 0.13427734375 0.34423828125 0.017578125 0.02783203125
42 0.185546875 0.3447265625 0.017578125 0.02783203125
44 0.21044921875 0.34521484375 0.017578125 0.02783203125
53 0.2646484375 0.34521484375 0.017578125 0.02783203125
46 0.29052734375 0.345703125 0.017578125 0.02783203125
55 0.34326171875 0.34814453125 0.017578125 0.029296875
56 0.39697265625 0.34765625 0.017578125 0.02783203125
57 0.451171875 0.349609375 0.017578125 0.0283203125
58 0.50537109375 0.3505859375 0.017578125 0.02783203125
59 0.55908203125 0.3515625 0.017578125 0.02783203125
60 0.61376953125 0.353515625 0.017578125 0.02783203125
61 0.66943359375 0.353515625 0.017578125 0.02783203125
62 0.724609375 0.35498046875 0.017578125 0.02783203125
63 0.78125 0.35595703125 0.017578125 0.02783203125
65 0.132568359375 0.38671875 0.017578125 0.02783203125
66 0.183349609375 0.38818359375 0.017578125 0.02783203125
40 0.13330078125 0.4306640625 0.017578125 0.02783203125
24 0.1572265625 0.42919921875 0.017578125 0.02783203125
48 0.1826171875 0.4287109375 0.017578125 0.02783203125
53 0.236328125 0.4296875 0.017578125 0.02783203125
61 0.26318359375 0.43115234375 0.017578125 0.02783203125
52 0.2890625 0.431640625 0.017578125 0.02783203125
38 0.3154296875 0.43115234375 0.017578125 0.02783203125
43 0.341796875 0.43017578125 0.017578125 0.02783203125
58 0.36962890625 0.43359375 0.017578125 0.02783203125
59 0.396484375 0.43359375 0.017578125 0.02783203125
54 0.13037109375 0.515625 0.017578125 0.02783203125
54 0.1298828125 0.599609375 0.017578125 0.02783203125
54 0.127685546875 0.64208984375 0.017578125 0.02783203125
54 0.2109375 0.51611328125 0.017578125 0.02783203125
54 0.2080078125 0.60205078125 0.017578125 0.02783203125
54 0.28955078125 0.51953125 0.017578125 0.02783203125
54 0.28759765625 0.60400390625 0.017578125 0.02783203125
54 0.34228515625 0.52001953125 0.017578125 0.02783203125
54 0.36865234375 0.60546875 0.017578125 0.02783203125
54 0.42236328125 0.52294921875 0.017578125 0.02783203125
54 0.4482421875 0.607421875 0.017578125 0.02783203125
54 0.502685546875 0.525390625 0.017578125 0.02783203125
54 0.527587890625 0.6103515625 0.017578125 0.02783203125
54 0.583740234375 0.52734375 0.017578125 0.02783203125
54 0.610107421875 0.611328125 0.017578125 0.02783203125
54 0.666259765625 0.52880859375 0.017578125 0.02783203125
54 0.693115234375 0.615234375 0.017578125 0.02783203125
54 0.749755859375 0.53125 0.017578125 0.02783203125
54 0.774169921875 0.61669921875 0.017578125 0.02783203125
54 0.833740234375 0.5341796875 0.017578125 0.02783203125
0 0.158203125 0.5146484375 0.017578125 0.02783203125
1 0.2353515625 0.515625 0.017578125 0.02783203125
2 0.3134765625 0.517578125 0.017578125 0.02783203125
3 0.36962890625 0.51904296875 0.017578125 0.02783203125
4 0.44970703125 0.52099609375 0.017578125 0.02783203125
5 0.52880859375 0.52392578125 0.017578125 0.02783203125
6 0.610595703125 0.52685546875 0.017578125 0.02783203125
7 0.693603515625 0.52880859375 0.017578125 0.02783203125
8 0.776611328125 0.5302734375 0.017578125 0.02783203125
9 0.861572265625 0.53125 0.017578125 0.02783203125
1 0.15478515625 0.59814453125 0.017578125 0.02783203125
0 0.155029296875 0.64208984375 0.017578125 0.02783203125
3 0.23388671875 0.60205078125 0.017578125 0.02783203125
4 0.31494140625 0.60205078125 0.017578125 0.02783203125
2 0.3935546875 0.60498046875 0.017578125 0.02783203125
5 0.47412109375 0.60595703125 0.017578125 0.02783203125
6 0.55517578125 0.60791015625 0.017578125 0.02783203125
7 0.636962890625 0.611328125 0.017578125 0.02783203125
8 0.720458984375 0.61474609375 0.017578125 0.02783203125
9 0.804443359375 0.61669921875 0.017578125 0.02783203125
52 0.1240234375 0.771484375 0.02197265625 0.0302734375
37 0.14892578125 0.77099609375 0.017578125 0.029296875
46 0.17822265625 0.771484375 0.017578125 0.02783203125
37 0.20458984375 0.77099609375 0.017578125 0.02783203125
53 0.23193359375 0.7734375 0.017578125 0.02783203125
41 0.25830078125 0.77294921875 0.017578125 0.02783203125
37 0.28369140625 0.7724609375 0.017578125 0.02783203125
53 0.31298828125 0.7744140625 0.017578125 0.02783203125
46 0.3388671875 0.77392578125 0.017578125 0.02783203125
61 0.391845703125 0.77685546875 0.017578125 0.02783203125
52 0.417724609375 0.77783203125 0.017578125 0.02783203125
37 0.447509765625 0.77783203125 0.017578125 0.02783203125
46 0.473388671875 0.779296875 0.017578125 0.02783203125
37 0.499267578125 0.7783203125 0.017578125 0.02783203125
59 0.553466796875 0.77978515625 0.017578125 0.02783203125
37 0.580810546875 0.779296875 0.017578125 0.02783203125
48 0.636474609375 0.783203125 0.017578125 0.02783203125
53 0.662353515625 0.78515625 0.017578125 0.02783203125
65 0.688720703125 0.7861328125 0.017578125 0.02783203125
55 0.716552734375 0.78662109375 0.017578125 0.029296875
50 0.120361328125 0.81396484375 0.017578125 0.02783203125
61 0.149658203125 0.81640625 0.017578125 0.02783203125
52 0.177001953125 0.8173828125 0.02197265625 0.0302734375
61 0.201904296875 0.81689453125 0.017578125 0.02783203125
59 0.23046875 0.81884765625 0.017578125 0.02783203125
60 0.2578125 0.818359375 0.017578125 0.02783203125
37 0.283935546875 0.8173828125 0.017578125 0.029296875
50 0.33740234375 0.81982421875 0.017578125 0.02783203125
37 0.3662109375 0.8203125 0.017578125 0.029296875
65 0.3916015625 0.8212890625 0.017578125 0.02783203125
55 0.41943359375 0.822265625 0.017578125 0.029296875