53 0.12451171875 0.4345703125 0.06884765625 0.0947265625
37 0.04150390625 0.43115234375 0.06884765625 0.0947265625
37 0.0458984375 0.57080078125 0.06884765625 0.0947265625
59 0.12939453125 0.57568359375 0.06884765625 0.0947265625
60 0.21728515625 0.57568359375 0.06884765625 0.0947265625
37 0.30517578125 0.57861328125 0.06884765625 0.0947265625
41 0.21240234375 0.42822265625 0.06884765625 0.0947265625
37 0.3037109375 0.4296875 0.06884765625 0.0947265625
53 0.396484375 0.4375 0.06884765625 0.10107421875
46 0.48583984375 0.4375 0.06884765625 0.10107421875
50 0.48583984375 0.58203125 0.06884765625 0.10107421875
37 0.57373046875 0.58203125 0.06884765625 0.10107421875
65 0.6572265625 0.5849609375 0.06884765625 0.10107421875
55 0.74169921875 0.57861328125 0.06884765625 0.10107421875
61 0.66015625 0.4453125 0.06884765625 0.10107421875
52 0.74658203125 0.4423828125 0.06884765625 0.10107421875
37 0.83740234375 0.44091796875 0.06884765625 0.10107421875
46 0.9287109375 0.4453125 0.06884765625 0.10107421875