54 0.12255859375 0.46533203125 0.04736328125 0.06884765625
54 0.33984375 0.46240234375 0.05078125 0.07763671875
54 0.55615234375 0.46337890625 0.0517578125 0.08203125
54 0.77783203125 0.4599609375 0.05517578125 0.07958984375
54 0.19189453125 0.69384765625 0.05419921875 0.0810546875
54 0.41162109375 0.6923828125 0.04736328125 0.08203125
54 0.63427734375 0.69091796875 0.05078125 0.07958984375
54 0.86181640625 0.693359375 0.0517578125 0.07958984375
59 0.0615234375 0.24169921875 0.04736328125 0.07421875
4 0.19482421875 0.4638671875 0.041015625 0.0673828125
5 0.41162109375 0.4609375 0.04736328125 0.07763671875
6 0.6259765625 0.4609375 0.0517578125 0.08203125
7 0.85107421875 0.46044921875 0.048828125 0.07861328125
6 0.48388671875 0.69287109375 0.04736328125 0.0810546875
5 0.26171875 0.69189453125 0.0517578125 0.0810546875
7 0.70654296875 0.68896484375 0.048828125 0.0751953125
8 0.92919921875 0.69287109375 0.0498046875 0.08740234375