60 0.25146484375 0.1025390625 0.0283203125 0.04248046875
60 0.2880859375 0.10546875 0.0283203125 0.04248046875
40 0.14404296875 0.101806640625 0.0283203125 0.04248046875
22 0.17822265625 0.102783203125 0.0283203125 0.04248046875
43 0.21533203125 0.103515625 0.0283203125 0.04248046875
43 0.3232421875 0.102783203125 0.0283203125 0.04248046875
58 0.35888671875 0.104248046875 0.0283203125 0.04248046875
59 0.39599609375 0.103271484375 0.0283203125 0.04248046875
53 0.466796875 0.10693359375 0.0283203125 0.04248046875
55 0.502197265625 0.10791015625 0.0283203125 0.04248046875
59 0.576416015625 0.110595703125 0.0283203125 0.04248046875
56 0.614013671875 0.110595703125 0.0283203125 0.04248046875
37 0.649658203125 0.111328125 0.0283203125 0.04248046875
39 0.686279296875 0.111572265625 0.0283203125 0.04248046875
43 0.724365234375 0.112548828125 0.0283203125 0.04248046875
37 0.136962890625 0.215576171875 0.0283203125 0.04248046875
38 0.174072265625 0.218017578125 0.0283203125 0.04248046875
39 0.210693359375 0.21875 0.0283203125 0.04248046875
41 0.245361328125 0.2197265625 0.0283203125 0.04248046875
43 0.282958984375 0.219482421875 0.0283203125 0.04248046875
45 0.315673828125 0.220458984375 0.0283203125 0.04248046875
46 0.353759765625 0.220458984375 0.0283203125 0.04248046875
47 0.389892578125 0.221435546875 0.0283203125 0.04248046875
49 0.461181640625 0.2236328125 0.0283203125 0.04248046875
48 0.426513671875 0.222412109375 0.0283203125 0.04248046875
50 0.498291015625 0.224609375 0.0283203125 0.04248046875
51 0.536376953125 0.22705078125 0.0283203125 0.04248046875
52 0.572509765625 0.226318359375 0.0283203125 0.04248046875
53 0.609130859375 0.227294921875 0.0283203125 0.04248046875
42 0.681884765625 0.230224609375 0.0283203125 0.04248046875
44 0.719970703125 0.232177734375 0.0283203125 0.04248046875
53 0.79296875 0.23486328125 0.0283203125 0.04248046875
46 0.82958984375 0.235595703125 0.0283203125 0.04248046875
55 0.904541015625 0.238525390625 0.0283203125 0.04248046875
56 0.943115234375 0.238525390625 0.0283203125 0.04248046875
57 0.980224609375 0.240478515625 0.0283203125 0.04248046875
62 0.1328125 0.272705078125 0.0283203125 0.04248046875
63 0.16845703125 0.2734375 0.0283203125 0.04248046875
64 0.2060546875 0.27392578125 0.0283203125 0.04248046875
65 0.240478515625 0.275146484375 0.0283203125 0.04248046875
66 0.278564453125 0.279052734375 0.0283203125 0.04248046875
40 0.350830078125 0.279052734375 0.0283203125 0.04248046875
40 0.386962890625 0.278564453125 0.0283203125 0.04248046875
40 0.423583984375 0.282958984375 0.0283203125 0.04248046875
54 0.496826171875 0.2861328125 0.0283203125 0.04248046875
54 0.5693359375 0.287841796875 0.0283203125 0.04248046875
54 0.6435546875 0.290771484375 0.0283203125 0.04248046875
40 0.12646484375 0.32861328125 0.0283203125 0.04248046875
33 0.16650390625 0.32958984375 0.0283203125 0.04248046875
48 0.2021484375 0.3291015625 0.0283203125 0.04248046875
60 0.23779296875 0.331298828125 0.0283203125 0.04248046875
47 0.2744140625 0.330810546875 0.0283203125 0.04248046875
59 0.34814453125 0.333740234375 0.0283203125 0.04248046875
56 0.38330078125 0.336181640625 0.0283203125 0.04248046875
37 0.41943359375 0.33642578125 0.0283203125 0.04248046875
39 0.4580078125 0.33740234375 0.0283203125 0.04248046875
43 0.49267578125 0.33837890625 0.0283203125 0.04248046875
37 0.125244140625 0.3837890625 0.0283203125 0.04248046875
38 0.162353515625 0.38720703125 0.0283203125 0.04248046875
37 0.233154296875 0.387939453125 0.0283203125 0.04248046875
38 0.307373046875 0.392822265625 0.0283203125 0.04248046875
39 0.383056640625 0.392822265625 0.0283203125 0.04248046875
41 0.455810546875 0.39697265625 0.0283203125 0.04248046875
43 0.5283203125 0.401123046875 0.0283203125 0.04248046875
45 0.60107421875 0.401611328125 0.0283203125 0.04248046875
46 0.676025390625 0.405517578125 0.0283203125 0.04248046875
47 0.750244140625 0.4072265625 0.0283203125 0.04248046875
48 0.825927734375 0.409912109375 0.0283203125 0.04248046875
49 0.901611328125 0.412841796875 0.0283203125 0.04248046875
50 0.974853515625 0.417236328125 0.0283203125 0.04248046875
53 0.122314453125 0.44384765625 0.0283203125 0.04248046875
42 0.197021484375 0.447021484375 0.0283203125 0.04248046875
44 0.231689453125 0.447509765625 0.0283203125 0.04248046875
53 0.3046875 0.451416015625 0.0283203125 0.04248046875
46 0.341064453125 0.450927734375 0.0283203125 0.04248046875
55 0.4150390625 0.455078125 0.0283203125 0.04248046875
56 0.48828125 0.457763671875 0.0283203125 0.04248046875
57 0.56298828125 0.45947265625 0.0283203125 0.04248046875
58 0.63671875 0.465087890625 0.0283203125 0.04248046875
59 0.71044921875 0.4658203125 0.0283203125 0.04248046875
60 0.78564453125 0.47119140625 0.0283203125 0.04248046875
61 0.8603515625 0.472900390625 0.0283203125 0.04248046875
62 0.935791015625 0.476806640625 0.0283203125 0.04248046875
65 0.11767578125 0.501953125 0.0283203125 0.04248046875
66 0.192138671875 0.507080078125 0.0283203125 0.04248046875
40 0.11572265625 0.5615234375 0.0283203125 0.04248046875
24 0.15185546875 0.562255859375 0.0283203125 0.04248046875
48 0.18896484375 0.563720703125 0.0283203125 0.04248046875
53 0.26171875 0.565185546875 0.0283203125 0.04248046875
61 0.29931640625 0.566162109375 0.0283203125 0.04248046875
52 0.33642578125 0.567138671875 0.0283203125 0.04248046875
38 0.373046875 0.56787109375 0.0283203125 0.04248046875
43 0.411376953125 0.5693359375 0.0283203125 0.04248046875
58 0.447509765625 0.5712890625 0.0283203125 0.04248046875
59 0.483642578125 0.575439453125 0.0283203125 0.04248046875
54 0.109619140625 0.681884765625 0.0283203125 0.04248046875
54 0.102783203125 0.800537109375 0.0283203125 0.04248046875
54 0.10009765625 0.859619140625 0.0283203125 0.04248046875
54 0.220458984375 0.685791015625 0.0283203125 0.04248046875
54 0.216064453125 0.802001953125 0.0283203125 0.04248046875
54 0.32861328125 0.69287109375 0.0283203125 0.04248046875
54 0.325927734375 0.8056640625 0.0283203125 0.04248046875
54 0.40625 0.693359375 0.0283203125 0.04248046875
54 0.439697265625 0.811767578125 0.0283203125 0.04248046875
54 0.517333984375 0.69775390625 0.0283203125 0.04248046875
54 0.551025390625 0.812744140625 0.0283203125 0.04248046875
54 0.629150390625 0.700439453125 0.0283203125 0.04248046875
54 0.662109375 0.82080078125 0.0283203125 0.04248046875
54 0.741455078125 0.70751953125 0.0283203125 0.04248046875
54 0.776123046875 0.827392578125 0.0283203125 0.04248046875
54 0.8544921875 0.7119140625 0.0283203125 0.04248046875
54 0.890380859375 0.829833984375 0.0283203125 0.04248046875
0 0.145751953125 0.680908203125 0.0283203125 0.04248046875
1 0.257080078125 0.684326171875 0.0283203125 0.04248046875
2 0.3662109375 0.69189453125 0.0283203125 0.04248046875
3 0.443359375 0.693603515625 0.0283203125 0.04248046875
4 0.553466796875 0.697998046875 0.0283203125 0.04248046875
5 0.666748046875 0.701171875 0.0283203125 0.04248046875
6 0.778564453125 0.706787109375 0.0283203125 0.04248046875
7 0.89111328125 0.711669921875 0.0283203125 0.04248046875
54 0.966796875 0.717041015625 0.0283203125 0.04248046875
8 0.927001953125 0.831298828125 0.0283203125 0.04248046875
7 0.814208984375 0.825927734375 0.0283203125 0.04248046875
6 0.70068359375 0.82080078125 0.0283203125 0.04248046875
5 0.587646484375 0.814208984375 0.0283203125 0.04248046875
4 0.363037109375 0.80810546875 0.0283203125 0.04248046875
2 0.476806640625 0.81103515625 0.0283203125 0.04248046875
3 0.252685546875 0.803955078125 0.0283203125 0.04248046875
1 0.139404296875 0.80126953125 0.0283203125 0.04248046875
0 0.135498046875 0.861328125 0.0283203125 0.04248046875