43 0.02978515625 0.2294921875 0.05322265625 0.08544921875
45 0.181640625 0.22119140625 0.0517578125 0.083984375
46 0.34130859375 0.216796875 0.04638671875 0.08203125
47 0.4990234375 0.2177734375 0.048828125 0.08642578125
48 0.658203125 0.21337890625 0.0517578125 0.08642578125
49 0.81494140625 0.2177734375 0.0517578125 0.08642578125
50 0.9677734375 0.212890625 0.05517578125 0.0830078125
57 0.09912109375 0.34814453125 0.05078125 0.08544921875
58 0.2587890625 0.34326171875 0.05322265625 0.083984375
59 0.4208984375 0.34326171875 0.05517578125 0.0908203125
60 0.57958984375 0.3388671875 0.05859375 0.083984375
61 0.7392578125 0.33837890625 0.06103515625 0.08740234375
62 0.900390625 0.3388671875 0.05859375 0.08642578125
54 0.2607421875 0.87353515625 0.0517578125 0.0888671875
54 0.51123046875 0.8671875 0.05517578125 0.08984375
54 0.76123046875 0.86328125 0.0576171875 0.09521484375
5 0.34326171875 0.86962890625 0.05078125 0.08544921875
6 0.58935546875 0.86376953125 0.056640625 0.08984375
7 0.8388671875 0.861328125 0.05517578125 0.09326171875