40 0.16566666666666666 0.278 0.034 0.056
22 0.217 0.2743333333333333 0.035333333333333335 0.059333333333333335
43 0.2723333333333333 0.274 0.034 0.05733333333333333
60 0.32766666666666666 0.2763333333333333 0.034 0.06066666666666667
60 0.38166666666666665 0.2783333333333333 0.034 0.059333333333333335
43 0.43566666666666665 0.27566666666666667 0.034 0.06066666666666667
58 0.49233333333333335 0.278 0.034 0.058666666666666666
59 0.546 0.2783333333333333 0.032 0.06066666666666667
53 0.6523333333333333 0.2806666666666667 0.034 0.06133333333333333
55 0.707 0.279 0.03266666666666666 0.056666666666666664
59 0.815 0.283 0.034 0.059333333333333335
56 0.8666666666666667 0.2826666666666667 0.034666666666666665 0.058666666666666666
37 0.9203333333333333 0.2846666666666667 0.03266666666666666 0.058666666666666666
38 0.9726666666666667 0.2836666666666667 0.03333333333333333 0.056666666666666664
37 0.17066666666666666 0.44566666666666666 0.030666666666666665 0.048666666666666664
38 0.223 0.44433333333333336 0.03266666666666666 0.048666666666666664
39 0.2803333333333333 0.4483333333333333 0.035333333333333335 0.05266666666666667
41 0.3323333333333333 0.448 0.035333333333333335 0.050666666666666665
43 0.38466666666666666 0.448 0.034666666666666665 0.052
45 0.43866666666666665 0.449 0.03333333333333333 0.054
46 0.491 0.4503333333333333 0.034 0.051333333333333335
47 0.5403333333333333 0.451 0.034 0.054
48 0.5936666666666667 0.44966666666666666 0.035333333333333335 0.051333333333333335
49 0.6456666666666667 0.4513333333333333 0.034 0.05333333333333334
50 0.6973333333333334 0.45366666666666666 0.034666666666666665 0.05533333333333333
51 0.7486666666666667 0.4513333333333333 0.032 0.056
52 0.8 0.4523333333333333 0.034666666666666665 0.056666666666666664
53 0.8506666666666667 0.45166666666666666 0.032 0.05266666666666667
62 0.178 0.5323333333333333 0.04 0.05533333333333333
63 0.23066666666666666 0.5323333333333333 0.036 0.05266666666666667
64 0.2823333333333333 0.5326666666666666 0.034 0.05333333333333334
65 0.3343333333333333 0.532 0.034 0.050666666666666665
66 0.386 0.533 0.03333333333333333 0.054
40 0.49066666666666664 0.531 0.032 0.05266666666666667
40 0.5406666666666666 0.532 0.034666666666666665 0.052
40 0.5913333333333334 0.5313333333333333 0.030666666666666665 0.050666666666666665
54 0.6913333333333334 0.5316666666666666 0.032 0.05266666666666667
54 0.7923333333333333 0.533 0.03266666666666666 0.05
54 0.8923333333333333 0.536 0.028666666666666667 0.048
42 0.951 0.452 0.03266666666666666 0.050666666666666665
40 0.18333333333333332 0.6086666666666667 0.037333333333333336 0.05466666666666667
33 0.23233333333333334 0.6123333333333333 0.034 0.051333333333333335
48 0.285 0.6073333333333333 0.035333333333333335 0.050666666666666665
60 0.337 0.6073333333333333 0.03133333333333333 0.052
47 0.38666666666666666 0.606 0.034666666666666665 0.050666666666666665
59 0.49033333333333334 0.6053333333333333 0.034 0.050666666666666665
56 0.5373333333333333 0.6066666666666667 0.032 0.050666666666666665
37 0.5866666666666667 0.6063333333333333 0.028 0.05
39 0.6383333333333333 0.6063333333333333 0.03133333333333333 0.05
43 0.6886666666666666 0.6073333333333333 0.030666666666666665 0.052
37 0.18566666666666667 0.686 0.03133333333333333 0.050666666666666665
38 0.23766666666666666 0.685 0.034 0.048666666666666664
37 0.3406666666666667 0.681 0.03333333333333333 0.04733333333333333
38 0.439 0.68 0.034 0.04933333333333333
39 0.5373333333333333 0.6796666666666666 0.030666666666666665 0.05266666666666667
41 0.6346666666666667 0.6796666666666666 0.032 0.04733333333333333
43 0.731 0.681 0.03266666666666666 0.05266666666666667
45 0.8296666666666667 0.681 0.03133333333333333 0.05
46 0.924 0.6813333333333333 0.034666666666666665 0.048
53 0.193 0.759 0.035333333333333335 0.05
42 0.2926666666666667 0.756 0.03333333333333333 0.04533333333333334
44 0.3406666666666667 0.7543333333333333 0.032 0.046
53 0.43733333333333335 0.7536666666666667 0.029333333333333333 0.048666666666666664
46 0.48833333333333334 0.7536666666666667 0.03133333333333333 0.048666666666666664
55 0.583 0.7526666666666667 0.03133333333333333 0.050666666666666665
56 0.6786666666666666 0.752 0.03333333333333333 0.04666666666666667
57 0.7726666666666666 0.7523333333333333 0.034666666666666665 0.046
58 0.8666666666666667 0.7533333333333333 0.032 0.04666666666666667
59 0.961 0.7543333333333333 0.034 0.04733333333333333
65 0.2 0.8266666666666667 0.037333333333333336 0.04533333333333334
66 0.29533333333333334 0.8226666666666667 0.036 0.04533333333333334
40 0.20433333333333334 0.8903333333333333 0.03266666666666666 0.04466666666666667
24 0.25033333333333335 0.89 0.034 0.04533333333333334
48 0.29833333333333334 0.8883333333333333 0.03266666666666666 0.046
53 0.39166666666666666 0.8843333333333333 0.03133333333333333 0.042
61 0.438 0.8823333333333333 0.032 0.042
52 0.48433333333333334 0.8826666666666667 0.03 0.044
38 0.531 0.8826666666666667 0.027333333333333334 0.042666666666666665
43 0.5793333333333334 0.8833333333333333 0.030666666666666665 0.04533333333333334
58 0.6236666666666667 0.8816666666666667 0.028666666666666667 0.046
59 0.6703333333333333 0.8826666666666667 0.03 0.04133333333333333