60 0.202392578125 0.343994140625 0.04443359375 0.07080078125
61 0.319091796875 0.344970703125 0.04443359375 0.07080078125
48 0.25439453125 0.2421875 0.04443359375 0.07080078125
49 0.3740234375 0.244873046875 0.04443359375 0.07080078125
50 0.49267578125 0.245361328125 0.04443359375 0.07080078125
51 0.6171875 0.24609375 0.04443359375 0.07080078125
47 0.1328125 0.24609375 0.04443359375 0.07080078125
59 0.083740234375 0.3486328125 0.04443359375 0.07080078125
62 0.438232421875 0.34619140625 0.0498046875 0.06982421875
63 0.556884765625 0.34423828125 0.0498046875 0.06982421875
52 0.74072265625 0.245361328125 0.0498046875 0.06982421875
54 0.1650390625 0.70263671875 0.04052734375 0.06201171875
6 0.21728515625 0.703125 0.04052734375 0.06201171875
54 0.06298828125 0.873291015625 0.04052734375 0.06201171875
54 0.33056640625 0.705078125 0.04052734375 0.06201171875
54 0.22412109375 0.877197265625 0.04052734375 0.06201171875
54 0.3876953125 0.878173828125 0.04052734375 0.06201171875
7 0.27685546875 0.873291015625 0.04052734375 0.06201171875
6 0.11328125 0.870849609375 0.04052734375 0.06201171875
7 0.38525390625 0.7060546875 0.04052734375 0.06201171875
54 0.49951171875 0.7080078125 0.04052734375 0.06201171875
54 0.55419921875 0.8779296875 0.04052734375 0.06201171875
54 0.66796875 0.70849609375 0.04052734375 0.06201171875
8 0.55029296875 0.70458984375 0.04052734375 0.06201171875
8 0.4423828125 0.8798828125 0.04052734375 0.06201171875
9 0.60888671875 0.880859375 0.04052734375 0.06201171875
9 0.7255859375 0.707763671875 0.04052734375 0.06201171875