53 0.07373046875 0.38623046875 0.05419921875 0.0830078125
53 0.22705078125 0.38720703125 0.05419921875 0.0830078125
46 0.3095703125 0.3818359375 0.05419921875 0.0830078125
55 0.46484375 0.3828125 0.05419921875 0.0830078125
56 0.5439453125 0.38037109375 0.05419921875 0.0830078125
57 0.62255859375 0.37744140625 0.05419921875 0.0830078125
58 0.697265625 0.38037109375 0.05419921875 0.0830078125
59 0.7783203125 0.375 0.05419921875 0.0830078125
60 0.85400390625 0.3759765625 0.05419921875 0.0830078125
61 0.9248046875 0.3740234375 0.05419921875 0.0830078125
46 0.029296875 0.7470703125 0.05419921875 0.0830078125
47 0.17626953125 0.7451171875 0.05419921875 0.0830078125
48 0.32177734375 0.7392578125 0.05419921875 0.0830078125
49 0.47265625 0.74072265625 0.05419921875 0.0830078125
50 0.6181640625 0.7314453125 0.05419921875 0.0830078125
51 0.76611328125 0.73291015625 0.05419921875 0.0830078125
52 0.90966796875 0.72607421875 0.05419921875 0.0830078125
59 0.10986328125 0.8544921875 0.05078125 0.0751953125
60 0.2568359375 0.8544921875 0.05078125 0.0751953125
61 0.40234375 0.85009765625 0.05078125 0.0751953125
62 0.548828125 0.8466796875 0.05078125 0.0751953125
63 0.693359375 0.84326171875 0.05078125 0.0751953125