53 0.08447265625 0.69873046875 0.02880859375 0.0419921875
61 0.12353515625 0.6982421875 0.03515625 0.04541015625
52 0.15966796875 0.69677734375 0.02978515625 0.04638671875
38 0.197265625 0.6982421875 0.02734375 0.04736328125
43 0.23681640625 0.6982421875 0.03515625 0.0498046875
58 0.27734375 0.69580078125 0.02978515625 0.04638671875
59 0.3173828125 0.69482421875 0.03173828125 0.04541015625
54 0.0595703125 0.8173828125 0.03173828125 0.03857421875
54 0.82568359375 0.8095703125 0.033203125 0.04541015625
54 0.2490234375 0.8134765625 0.03076171875 0.04443359375
54 0.62939453125 0.92041015625 0.02734375 0.041015625
54 0.70654296875 0.81005859375 0.03076171875 0.04638671875
54 0.171875 0.81396484375 0.02734375 0.04296875
54 0.3623046875 0.8134765625 0.033203125 0.0419921875
54 0.40478515625 0.91943359375 0.02978515625 0.03662109375
54 0.513671875 0.91845703125 0.0341796875 0.03857421875
5 0.513671875 0.8095703125 0.02734375 0.04541015625
2 0.2060546875 0.81494140625 0.025390625 0.04296875
3 0.283203125 0.81103515625 0.02880859375 0.0419921875
4 0.3974609375 0.8115234375 0.02978515625 0.04736328125
2 0.32958984375 0.9208984375 0.02978515625 0.03955078125
1 0.09521484375 0.8154296875 0.02978515625 0.03955078125
54 0.294921875 0.923828125 0.02734375 0.04296875
54 0.18017578125 0.9287109375 0.033203125 0.0419921875
4 0.21728515625 0.9306640625 0.02978515625 0.04736328125
54 0.06787109375 0.9287109375 0.03076171875 0.04443359375
3 0.1044921875 0.9287109375 0.02880859375 0.0419921875
54 0.47509765625 0.80810546875 0.02978515625 0.03662109375
5 0.44091796875 0.919921875 0.03076171875 0.0419921875
54 0.5888671875 0.80712890625 0.033203125 0.041015625
54 0.74462890625 0.92236328125 0.03076171875 0.04638671875
54 0.8623046875 0.92626953125 0.033203125 0.04541015625
54 0.9443359375 0.81298828125 0.033203125 0.04541015625
6 0.62841796875 0.80810546875 0.02734375 0.04541015625
7 0.74609375 0.8115234375 0.02734375 0.04541015625
8 0.8671875 0.810546875 0.02734375 0.04541015625
9 0.986328125 0.81494140625 0.02734375 0.04541015625
9 0.90185546875 0.92822265625 0.02734375 0.04541015625
8 0.78369140625 0.921875 0.02734375 0.04541015625
7 0.666015625 0.9228515625 0.02734375 0.04541015625
6 0.55517578125 0.91845703125 0.02734375 0.04541015625
60 0.04443359375 0.18701171875 0.033203125 0.05419921875
43 0.08447265625 0.18603515625 0.033203125 0.05419921875
58 0.12353515625 0.181640625 0.033203125 0.05419921875
59 0.16357421875 0.1826171875 0.033203125 0.05419921875
53 0.24462890625 0.17822265625 0.033203125 0.05419921875
55 0.28662109375 0.17822265625 0.033203125 0.05419921875
59 0.3701171875 0.17822265625 0.033203125 0.05419921875
56 0.4111328125 0.1748046875 0.033203125 0.05419921875
37 0.45556640625 0.1728515625 0.033203125 0.05419921875
39 0.49560546875 0.171875 0.033203125 0.05419921875
43 0.5400390625 0.17041015625 0.033203125 0.05419921875
41 0.013671875 0.32568359375 0.02734375 0.05078125
43 0.04931640625 0.322265625 0.02734375 0.05078125
45 0.09033203125 0.322265625 0.02734375 0.05078125
46 0.13037109375 0.3212890625 0.02734375 0.05078125
47 0.17041015625 0.31982421875 0.02734375 0.05078125
48 0.212890625 0.31982421875 0.02734375 0.05078125
50 0.29296875 0.3154296875 0.02734375 0.05078125
49 0.25390625 0.31787109375 0.02734375 0.05078125
51 0.3359375 0.31689453125 0.02734375 0.05078125
52 0.375 0.314453125 0.02734375 0.05078125
53 0.41845703125 0.314453125 0.02734375 0.05078125
42 0.50146484375 0.31103515625 0.02734375 0.05078125
44 0.54052734375 0.31103515625 0.02734375 0.05078125
53 0.6240234375 0.31103515625 0.02734375 0.05078125
46 0.666015625 0.30908203125 0.02734375 0.05078125
55 0.75048828125 0.30322265625 0.02734375 0.05078125
56 0.794921875 0.30224609375 0.02734375 0.05078125
57 0.83740234375 0.30224609375 0.02734375 0.05078125
58 0.87939453125 0.30126953125 0.02734375 0.05078125
59 0.9228515625 0.298828125 0.02734375 0.05078125
60 0.96728515625 0.30126953125 0.02734375 0.05078125
65 0.01708984375 0.39208984375 0.02734375 0.05078125
66 0.05712890625 0.39013671875 0.02734375 0.05078125
40 0.13818359375 0.3876953125 0.02734375 0.05078125
40 0.17919921875 0.38427734375 0.02734375 0.05078125
40 0.2216796875 0.38427734375 0.02734375 0.05078125
54 0.29931640625 0.384765625 0.02734375 0.04296875
54 0.3818359375 0.3828125 0.02734375 0.04296875
54 0.4638671875 0.3828125 0.02734375 0.04296875
60 0.021484375 0.45458984375 0.02734375 0.05078125
47 0.060546875 0.45458984375 0.02734375 0.05078125
59 0.140625 0.4501953125 0.02734375 0.05078125
56 0.181640625 0.44677734375 0.02734375 0.05078125
37 0.21826171875 0.44775390625 0.02734375 0.05078125
39 0.25927734375 0.44677734375 0.02734375 0.05078125
43 0.3017578125 0.44677734375 0.02734375 0.05078125
37 0.02490234375 0.517578125 0.02734375 0.05078125
38 0.10595703125 0.51904296875 0.02734375 0.05078125
39 0.18505859375 0.515625 0.02734375 0.05078125
41 0.26611328125 0.51220703125 0.02734375 0.05078125
43 0.34521484375 0.51220703125 0.02734375 0.05078125
45 0.4248046875 0.51123046875 0.02734375 0.05078125
46 0.50390625 0.5087890625 0.02734375 0.05078125
47 0.583984375 0.5068359375 0.02734375 0.05078125
48 0.666015625 0.5078125 0.02734375 0.05078125
49 0.75048828125 0.50341796875 0.02734375 0.05078125
50 0.83056640625 0.5 0.02734375 0.05078125
51 0.91259765625 0.50244140625 0.02734375 0.05078125
53 0.03369140625 0.58203125 0.02734375 0.05078125
53 0.11181640625 0.5791015625 0.02734375 0.04443359375
46 0.1494140625 0.57958984375 0.02734375 0.04541015625
55 0.23046875 0.57666015625 0.02734375 0.04638671875
56 0.310546875 0.5732421875 0.03173828125 0.04638671875
57 0.3896484375 0.57421875 0.02734375 0.05078125
58 0.46630859375 0.56982421875 0.02978515625 0.04638671875
59 0.544921875 0.5693359375 0.02734375 0.04736328125
60 0.6240234375 0.5673828125 0.02734375 0.04541015625
61 0.705078125 0.56591796875 0.02734375 0.04541015625
62 0.78857421875 0.56591796875 0.02734375 0.04541015625
63 0.87255859375 0.56591796875 0.02734375 0.04541015625