53 0.39166666666666666 0.040556666666666664 0.03666666666666667 0.056666666666666664
61 0.4513066666666667 0.042879999999999995 0.03887 0.06231333333333333
52 0.5083766666666667 0.044419999999999994 0.03948666666666666 0.06169666666666667
38 0.5679133333333334 0.044419999999999994 0.0364 0.05922666666666667
43 0.6265233333333333 0.04658 0.035166666666666666 0.06108
58 0.68575 0.04812333333333334 0.035166666666666666 0.05799333333333333
59 0.7425133333333334 0.05059 0.03393333333333333 0.05429333333333333
54 0.14961333333333332 0.2255 0.03887 0.057376666666666666
54 0.331 0.22920000000000001 0.0364 0.05861
54 0.50776 0.23197666666666664 0.034550000000000004 0.06169666666666667
54 0.62714 0.23475333333333334 0.03393333333333333 0.06108
54 0.7989633333333332 0.23876333333333333 0.03948666666666666 0.06046333333333333
54 0.9710966666666666 0.24339 0.034550000000000004 0.059846666666666666
54 0.14652666666666667 0.41213000000000005 0.03763333333333334 0.06046333333333333
54 0.32452 0.4155233333333333 0.03948666666666666 0.059846666666666666
54 0.5046733333333333 0.4173733333333333 0.03948666666666666 0.057376666666666666
54 0.6848266666666667 0.4183 0.034550000000000004 0.05799333333333333
54 0.8597333333333332 0.4216933333333333 0.03763333333333334 0.059846666666666666
54 0.14622000000000002 0.5105333333333333 0.03701666666666666 0.05861
0 0.21130999999999997 0.22519000000000003 0.03887 0.05552666666666667
1 0.38714333333333334 0.22735 0.035166666666666666 0.05861
2 0.5679133333333334 0.23167 0.0364 0.059846666666666666
3 0.6839 0.23506333333333335 0.03887 0.05922666666666667
4 0.8560333333333333 0.23969000000000001 0.0364 0.05861
1 0.20329 0.41028 0.035166666666666666 0.05799333333333333
39 0.38744999999999996 0.41459666666666667 0.03948666666666666 0.05922666666666667
3 0.38744999999999996 0.41459666666666667 0.03948666666666666 0.05922666666666667
4 0.5663699999999999 0.41583 0.035783333333333334 0.05429333333333333
2 0.7425133333333334 0.4183 0.035166666666666666 0.05799333333333333
5 0.91557 0.42107666666666665 0.03948666666666666 0.057376666666666666
0 0.20699 0.5093 0.0364 0.06108
52 0.13912333333333332 0.7952633333333333 0.03887 0.06169666666666667
37 0.19866 0.7949533333333334 0.035783333333333334 0.057376666666666666
46 0.2594333333333333 0.7971133333333333 0.03763333333333334 0.06169666666666667
37 0.3195866666666667 0.7961866666666666 0.03825 0.06108
53 0.3791233333333333 0.7989633333333332 0.0364 0.05922666666666667
41 0.43834999999999996 0.7986566666666666 0.04010333333333333 0.059846666666666666
37 0.5018966666666667 0.7989633333333332 0.04010333333333333 0.06046333333333333
53 0.5608166666666666 0.8011233333333333 0.03825 0.06601333333333333
46 0.6212799999999999 0.8008133333333334 0.035783333333333334 0.06293
61 0.7397366666666667 0.8029733333333333 0.03825 0.06354666666666667
52 0.8005066666666667 0.8023566666666667 0.04010333333333333 0.06231333333333333
37 0.8572666666666667 0.8014333333333334 0.04010333333333333 0.06293
46 0.9171133333333333 0.8032833333333333 0.03763333333333334 0.06416333333333334
37 0.9754133333333332 0.79989 0.03331666666666667 0.057376666666666666
50 0.13696666666666665 0.8915066666666667 0.03825 0.05922666666666667
61 0.20143666666666665 0.8933599999999999 0.04010333333333333 0.06293
52 0.25881333333333334 0.8961366666666666 0.03887 0.06354666666666667
61 0.3195866666666667 0.8964433333333333 0.03825 0.06539666666666667
59 0.38127999999999995 0.8958266666666667 0.04072 0.06169666666666667
60 0.4408166666666667 0.8986033333333333 0.04010333333333333 0.06478
37 0.5031300000000001 0.8982933333333334 0.03763333333333334 0.06046333333333333
50 0.6206633333333333 0.8992199999999999 0.03701666666666666 0.06231333333333333
37 0.6814333333333333 0.8982933333333334 0.03763333333333334 0.06416333333333334
65 0.7422033333333333 0.9007633333333334 0.03825 0.06416333333333334
55 0.79742 0.9004533333333333 0.03887 0.06601333333333333
53 0.21500999999999998 0.039176666666666665 0.03763333333333334 0.053676666666666664