54 0.246337890625 0.04443359375 0.06591796875 0.087890625
2 0.327392578125 0.047119140625 0.06591796875 0.087890625
54 0.476806640625 0.04833984375 0.06591796875 0.087890625
5 0.552978515625 0.04833984375 0.06591796875 0.087890625
54 0.702392578125 0.05224609375 0.06591796875 0.087890625
6 0.779541015625 0.0498046875 0.06591796875 0.087890625
54 0.919677734375 0.06005859375 0.06591796875 0.087890625
53 0.05810546875 0.520751953125 0.0634765625 0.099609375
46 0.13916015625 0.5234375 0.0634765625 0.099609375
50 0.13037109375 0.66357421875 0.0634765625 0.099609375
37 0.21435546875 0.65966796875 0.0634765625 0.099609375
65 0.2958984375 0.66259765625 0.0634765625 0.099609375
55 0.3798828125 0.6611328125 0.0634765625 0.099609375
61 0.302978515625 0.5263671875 0.0634765625 0.099609375
52 0.384765625 0.52392578125 0.0634765625 0.099609375
37 0.465576171875 0.529296875 0.0634765625 0.099609375
46 0.548095703125 0.53369140625 0.0634765625 0.099609375
37 0.628173828125 0.530517578125 0.0634765625 0.099609375
59 0.786865234375 0.527099609375 0.0634765625 0.099609375
37 0.872314453125 0.531005859375 0.0634765625 0.099609375