22 0.112060546875 0.143310546875 0.0341796875 0.0478515625
40 0.073974609375 0.14501953125 0.0341796875 0.0478515625
43 0.145751953125 0.141357421875 0.02880859375 0.0478515625
60 0.183349609375 0.140625 0.02880859375 0.0478515625
43 0.253662109375 0.140869140625 0.02880859375 0.0478515625
60 0.217529296875 0.14013671875 0.02880859375 0.0478515625
58 0.290283203125 0.140380859375 0.02880859375 0.0478515625
59 0.326416015625 0.1376953125 0.02880859375 0.0478515625
53 0.396240234375 0.136962890625 0.02880859375 0.0478515625
55 0.432373046875 0.135498046875 0.02880859375 0.0478515625
59 0.503173828125 0.133056640625 0.02880859375 0.0478515625
56 0.538330078125 0.133544921875 0.02880859375 0.0478515625
37 0.574462890625 0.13623046875 0.02880859375 0.0478515625
39 0.611083984375 0.13525390625 0.02880859375 0.0478515625
43 0.643798828125 0.134033203125 0.02880859375 0.0478515625
39 0.159423828125 0.26318359375 0.025390625 0.0419921875
38 0.121826171875 0.264892578125 0.0244140625 0.04443359375
37 0.085205078125 0.265380859375 0.025390625 0.04443359375
41 0.194091796875 0.2626953125 0.02490234375 0.0419921875
45 0.262939453125 0.260986328125 0.0244140625 0.04345703125
43 0.228759765625 0.260986328125 0.025390625 0.04150390625
46 0.298095703125 0.2607421875 0.02734375 0.04345703125
47 0.333740234375 0.25732421875 0.0283203125 0.04248046875
48 0.368408203125 0.259033203125 0.029296875 0.0419921875
49 0.403564453125 0.257568359375 0.02880859375 0.04345703125
50 0.4384765625 0.25537109375 0.0283203125 0.04345703125
51 0.473876953125 0.255859375 0.02783203125 0.04150390625
52 0.506103515625 0.255126953125 0.02783203125 0.04150390625
53 0.53857421875 0.253173828125 0.02783203125 0.04150390625
42 0.6064453125 0.25048828125 0.02783203125 0.04150390625
44 0.6396484375 0.25 0.02783203125 0.04150390625
53 0.70703125 0.248779296875 0.02783203125 0.04150390625
46 0.74169921875 0.2490234375 0.02783203125 0.04150390625
55 0.8076171875 0.248046875 0.02783203125 0.04150390625
56 0.84130859375 0.247802734375 0.02783203125 0.04150390625
57 0.87646484375 0.246826171875 0.02783203125 0.04150390625
58 0.9091796875 0.24609375 0.02783203125 0.04150390625
59 0.94140625 0.2451171875 0.02783203125 0.04150390625
60 0.97412109375 0.2431640625 0.02783203125 0.04150390625
62 0.096435546875 0.320068359375 0.03173828125 0.04248046875
63 0.130126953125 0.32080078125 0.029296875 0.0439453125
64 0.164794921875 0.31982421875 0.029296875 0.0439453125
65 0.199462890625 0.319091796875 0.029296875 0.0439453125
66 0.235107421875 0.318603515625 0.029296875 0.0439453125
40 0.1044921875 0.3740234375 0.029296875 0.0439453125
33 0.1376953125 0.3740234375 0.029296875 0.0439453125
48 0.16943359375 0.372802734375 0.029296875 0.0439453125
60 0.20361328125 0.372802734375 0.029296875 0.0439453125
47 0.2392578125 0.37060546875 0.029296875 0.0439453125
59 0.307861328125 0.367919921875 0.029296875 0.0439453125
56 0.340576171875 0.366943359375 0.0283203125 0.041015625
37 0.375732421875 0.366943359375 0.0283203125 0.041015625
39 0.408447265625 0.3671875 0.0283203125 0.041015625
43 0.442138671875 0.365234375 0.0283203125 0.041015625
40 0.305419921875 0.31591796875 0.0283203125 0.041015625
40 0.3388671875 0.313232421875 0.0283203125 0.041015625
40 0.373046875 0.312744140625 0.0283203125 0.041015625
54 0.4384765625 0.31396484375 0.0283203125 0.041015625
54 0.506591796875 0.310791015625 0.0283203125 0.041015625
54 0.571044921875 0.309326171875 0.0283203125 0.041015625
37 0.108154296875 0.42919921875 0.0283203125 0.041015625
38 0.141357421875 0.427490234375 0.0283203125 0.041015625
37 0.208984375 0.425048828125 0.0283203125 0.041015625
38 0.27783203125 0.4228515625 0.0283203125 0.041015625
53 0.114990234375 0.480712890625 0.0283203125 0.041015625
42 0.181396484375 0.478271484375 0.0283203125 0.041015625
44 0.216064453125 0.47705078125 0.0283203125 0.041015625
53 0.282470703125 0.470947265625 0.02783203125 0.0380859375
46 0.314697265625 0.469970703125 0.02783203125 0.0380859375
65 0.122802734375 0.530029296875 0.0283203125 0.041015625
66 0.187744140625 0.52587890625 0.0283203125 0.041015625
40 0.132080078125 0.57177734375 0.0283203125 0.041015625
24 0.161376953125 0.57177734375 0.0283203125 0.041015625
48 0.194091796875 0.572265625 0.02587890625 0.0380859375
53 0.257568359375 0.566650390625 0.025390625 0.03564453125
61 0.291259765625 0.563720703125 0.025390625 0.03564453125
52 0.321044921875 0.563232421875 0.025390625 0.03564453125
38 0.354248046875 0.56298828125 0.025390625 0.03564453125
54 0.329345703125 0.65185546875 0.0234375 0.03515625
2 0.359130859375 0.65283203125 0.0234375 0.03515625
43 0.385009765625 0.560546875 0.0234375 0.03515625
54 0.236572265625 0.656494140625 0.0234375 0.03515625
1 0.265869140625 0.656982421875 0.0234375 0.03515625
54 0.1435546875 0.666259765625 0.02490234375 0.03515625
0 0.17529296875 0.663818359375 0.02490234375 0.03515625
54 0.388916015625 0.65087890625 0.0234375 0.03515625
3 0.418701171875 0.65087890625 0.0234375 0.03515625
59 0.447021484375 0.5576171875 0.0234375 0.03515625
55 0.380126953125 0.4677734375 0.0244140625 0.0361328125
39 0.3447265625 0.418701171875 0.0244140625 0.0361328125
41 0.40869140625 0.4140625 0.0244140625 0.0361328125
43 0.4736328125 0.4130859375 0.0244140625 0.0361328125
56 0.443115234375 0.46630859375 0.0244140625 0.0361328125
57 0.505859375 0.464111328125 0.0244140625 0.0361328125
45 0.5380859375 0.411865234375 0.0244140625 0.0361328125
46 0.6005859375 0.410888671875 0.0244140625 0.0361328125
58 0.5693359375 0.461181640625 0.0244140625 0.0361328125
48 0.73046875 0.407470703125 0.0244140625 0.0361328125
47 0.66748046875 0.4091796875 0.0244140625 0.0361328125
60 0.6953125 0.4599609375 0.0244140625 0.0361328125
59 0.6318359375 0.46044921875 0.0244140625 0.0361328125
61 0.759765625 0.456787109375 0.0244140625 0.0361328125
49 0.796142578125 0.404541015625 0.0244140625 0.0361328125
62 0.82275390625 0.457763671875 0.0244140625 0.0361328125
50 0.861083984375 0.404296875 0.0244140625 0.0361328125
51 0.924072265625 0.403564453125 0.0244140625 0.0361328125
63 0.88818359375 0.4560546875 0.0244140625 0.0361328125
37 0.951171875 0.45458984375 0.0244140625 0.0361328125
58 0.415283203125 0.55859375 0.0234375 0.03515625
54 0.47900390625 0.648193359375 0.0234375 0.03515625
4 0.5087890625 0.647216796875 0.0234375 0.03515625
54 0.56787109375 0.647216796875 0.0234375 0.03515625
5 0.597412109375 0.645751953125 0.0234375 0.03515625
54 0.65771484375 0.646728515625 0.0234375 0.03515625
6 0.6884765625 0.64599609375 0.0234375 0.03515625
54 0.7490234375 0.646484375 0.0234375 0.03515625
7 0.78125 0.646484375 0.0234375 0.03515625
54 0.8408203125 0.645263671875 0.0234375 0.03515625
8 0.8720703125 0.644775390625 0.0234375 0.03515625
54 0.93310546875 0.645263671875 0.0234375 0.03515625
9 0.96337890625 0.643310546875 0.0234375 0.03515625
54 0.8671875 0.73291015625 0.0234375 0.03515625
9 0.896484375 0.7333984375 0.0234375 0.03515625
54 0.775634765625 0.734375 0.0234375 0.03515625
8 0.806640625 0.73388671875 0.0234375 0.03515625
54 0.686279296875 0.735107421875 0.0234375 0.03515625
7 0.716796875 0.73388671875 0.0234375 0.03515625
54 0.597412109375 0.734619140625 0.0234375 0.03515625
6 0.626953125 0.733642578125 0.0234375 0.03515625
54 0.508544921875 0.735107421875 0.0234375 0.03515625
5 0.538818359375 0.734619140625 0.0234375 0.03515625
54 0.422607421875 0.736083984375 0.0234375 0.03515625
2 0.450439453125 0.735595703125 0.0234375 0.03515625
54 0.333740234375 0.73779296875 0.0234375 0.03515625
4 0.362548828125 0.73779296875 0.0234375 0.03515625
54 0.246337890625 0.7412109375 0.0234375 0.03515625
3 0.275146484375 0.7412109375 0.0234375 0.03515625
54 0.158203125 0.748046875 0.0234375 0.03515625
54 0.162353515625 0.7880859375 0.0234375 0.03515625
1 0.185546875 0.74755859375 0.0234375 0.03515625
0 0.191650390625 0.787109375 0.0234375 0.03515625
52 0.174560546875 0.905517578125 0.0234375 0.03515625
37 0.202392578125 0.906005859375 0.0234375 0.03515625
46 0.228759765625 0.908447265625 0.0234375 0.03515625
37 0.257568359375 0.907470703125 0.0234375 0.03515625
53 0.284912109375 0.908935546875 0.0234375 0.03515625
41 0.311279296875 0.911376953125 0.0234375 0.03515625
37 0.341064453125 0.911376953125 0.0234375 0.03515625
50 0.176513671875 0.948974609375 0.02099609375 0.033203125
61 0.203857421875 0.949951171875 0.02099609375 0.033203125
52 0.230224609375 0.951904296875 0.02099609375 0.033203125
61 0.257080078125 0.953369140625 0.02099609375 0.033203125
60 0.313232421875 0.955322265625 0.02099609375 0.033203125
59 0.285888671875 0.953857421875 0.02099609375 0.033203125
37 0.3408203125 0.956298828125 0.02099609375 0.033203125
53 0.367431640625 0.910888671875 0.02099609375 0.033203125
46 0.396728515625 0.911865234375 0.02099609375 0.033203125
50 0.39697265625 0.957275390625 0.02099609375 0.033203125
37 0.42626953125 0.956787109375 0.02099609375 0.033203125
65 0.4541015625 0.957763671875 0.02099609375 0.033203125
55 0.48291015625 0.955810546875 0.02099609375 0.033203125
61 0.453857421875 0.912841796875 0.02099609375 0.033203125
52 0.483154296875 0.910400390625 0.02099609375 0.033203125
37 0.511962890625 0.910888671875 0.02099609375 0.033203125
46 0.540771484375 0.910400390625 0.02099609375 0.033203125
37 0.569091796875 0.909912109375 0.02099609375 0.033203125
59 0.625732421875 0.909423828125 0.02099609375 0.033203125
37 0.655029296875 0.908447265625 0.02099609375 0.033203125
48 0.712646484375 0.908935546875 0.02099609375 0.033203125
53 0.740478515625 0.908447265625 0.02099609375 0.033203125
65 0.769775390625 0.909423828125 0.02099609375 0.033203125
55 0.799072265625 0.90869140625 0.02099609375 0.033203125