53 0.1279296875 0.084716796875 0.04443359375 0.06591796875
55 0.18603515625 0.08447265625 0.04443359375 0.06591796875
59 0.3115234375 0.07861328125 0.04443359375 0.06591796875
56 0.372314453125 0.07666015625 0.04443359375 0.06591796875
37 0.434814453125 0.07470703125 0.04443359375 0.06591796875
39 0.499267578125 0.07177734375 0.04443359375 0.06591796875
43 0.559814453125 0.07080078125 0.04443359375 0.06591796875
48 0.068115234375 0.284912109375 0.04443359375 0.06591796875
49 0.127685546875 0.28369140625 0.04443359375 0.06591796875
50 0.188232421875 0.28466796875 0.04443359375 0.06591796875
51 0.248779296875 0.28173828125 0.04443359375 0.06591796875
52 0.312255859375 0.28076171875 0.04443359375 0.06591796875
37 0.066650390625 0.478271484375 0.04443359375 0.06591796875
53 0.375244140625 0.27978515625 0.04443359375 0.06591796875
54 0.189697265625 0.38720703125 0.04443359375 0.06591796875
54 0.315185546875 0.38720703125 0.04443359375 0.06591796875
54 0.442138671875 0.38525390625 0.04443359375 0.06591796875
39 0.128173828125 0.4765625 0.04443359375 0.06591796875
43 0.190185546875 0.4775390625 0.04443359375 0.06591796875
40 0.066650390625 0.388427734375 0.04443359375 0.06591796875
42 0.502685546875 0.27587890625 0.04443359375 0.06591796875
44 0.564208984375 0.27685546875 0.04443359375 0.06591796875
53 0.69140625 0.275390625 0.04443359375 0.06591796875
46 0.75390625 0.2763671875 0.04443359375 0.06591796875
55 0.88232421875 0.275390625 0.04443359375 0.06591796875
56 0.9453125 0.2734375 0.04541015625 0.07080078125
41 0.127685546875 0.57958984375 0.04443359375 0.06591796875
43 0.253662109375 0.57470703125 0.04833984375 0.0654296875
45 0.379638671875 0.57177734375 0.04833984375 0.0654296875
58 0.444580078125 0.682373046875 0.05224609375 0.0712890625
46 0.507568359375 0.57861328125 0.04833984375 0.0654296875
57 0.317626953125 0.68359375 0.05224609375 0.0712890625
56 0.193115234375 0.684814453125 0.05224609375 0.0712890625
55 0.068115234375 0.686279296875 0.05224609375 0.0712890625
43 0.07763671875 0.879638671875 0.05224609375 0.0712890625
58 0.14013671875 0.881591796875 0.05224609375 0.0712890625
59 0.19873046875 0.883056640625 0.05224609375 0.0712890625
59 0.571044921875 0.683837890625 0.05517578125 0.07421875
60 0.697998046875 0.684814453125 0.05517578125 0.07421875
47 0.63330078125 0.58056640625 0.05517578125 0.07421875
48 0.76318359375 0.580322265625 0.05517578125 0.07421875
49 0.892578125 0.579345703125 0.05517578125 0.07421875
61 0.829345703125 0.683349609375 0.05517578125 0.07421875
62 0.953369140625 0.684326171875 0.05517578125 0.07421875