46 0.0283203125 0.268798828125 0.03857421875 0.06396484375
47 0.13818359375 0.265869140625 0.03857421875 0.06396484375
48 0.24609375 0.26171875 0.03857421875 0.06396484375
49 0.357421875 0.256591796875 0.03857421875 0.06396484375
50 0.46728515625 0.255126953125 0.03857421875 0.06396484375
51 0.57373046875 0.25 0.03857421875 0.06396484375
52 0.68408203125 0.24609375 0.03857421875 0.06396484375
59 0.09375 0.35595703125 0.03857421875 0.06396484375
60 0.20068359375 0.352294921875 0.03857421875 0.06396484375
61 0.3095703125 0.347412109375 0.03857421875 0.06396484375
62 0.4169921875 0.3466796875 0.03857421875 0.06396484375
63 0.52490234375 0.342529296875 0.03857421875 0.06396484375
54 0.025390625 0.686767578125 0.03515625 0.056640625
54 0.0859375 0.8369140625 0.03857421875 0.05419921875
54 0.177734375 0.6787109375 0.03515625 0.056640625
54 0.23876953125 0.828125 0.03515625 0.056640625
54 0.3310546875 0.67529296875 0.03515625 0.056640625
54 0.3876953125 0.825927734375 0.03515625 0.056640625
54 0.482421875 0.666748046875 0.03515625 0.056640625
54 0.5400390625 0.818603515625 0.03515625 0.056640625
54 0.63330078125 0.663330078125 0.03515625 0.056640625
5 0.0732421875 0.68359375 0.03515625 0.056640625
6 0.2265625 0.678466796875 0.03515625 0.056640625
7 0.38134765625 0.672607421875 0.03515625 0.056640625
8 0.5322265625 0.665283203125 0.03515625 0.056640625
9 0.68310546875 0.66015625 0.03515625 0.056640625
6 0.1357421875 0.835205078125 0.03515625 0.056640625
7 0.28759765625 0.831298828125 0.03515625 0.056640625
8 0.43798828125 0.82373046875 0.03515625 0.056640625
9 0.58544921875 0.8173828125 0.03515625 0.056640625