53 0.33569333333333334 0.8230566666666667 0.04305666666666666 0.06389
61 0.3954166666666667 0.82375 0.048056666666666664 0.06305666666666666
52 0.45486 0.8245833333333333 0.0425 0.06416666666666666
38 0.51222 0.8275 0.04111 0.06444333333333334
43 0.57083 0.8254166666666667 0.042223333333333335 0.06583333333333333
58 0.6297200000000001 0.8255566666666667 0.041666666666666664 0.06666666666666667
59 0.6872199999999999 0.8291700000000001 0.042223333333333335 0.06222333333333333
41 0.27138999999999996 0.2518066666666667 0.04277666666666667 0.08694333333333333
43 0.3356966666666667 0.2509733333333333 0.04361 0.08527666666666667
45 0.40055666666666667 0.2547233333333333 0.04277666666666667 0.08610999999999999
46 0.4655566666666667 0.25403000000000003 0.04277666666666667 0.08361
47 0.5280566666666667 0.25542 0.04111 0.08027666666666668
48 0.59278 0.25792 0.04111 0.08194333333333334
50 0.7186133333333334 0.25847333333333333 0.03777666666666667 0.07361000000000001
49 0.65889 0.25861333333333336 0.04111 0.07777666666666667
51 0.78278 0.25708333333333333 0.03944333333333333 0.07194333333333333
52 0.8441700000000001 0.26444333333333336 0.04111 0.07777666666666667
53 0.9050033333333334 0.26486000000000004 0.036109999999999996 0.07194333333333333
53 0.66556 0.04361 0.03944333333333333 0.07611000000000001
55 0.7293099999999999 0.047913333333333336 0.04527666666666667 0.07194333333333333
56 0.9208366666666667 0.05555333333333333 0.04277666666666667 0.07277666666666667
58 0.47111666666666663 0.035 0.04277666666666667 0.07
59 0.5369499999999999 0.03972 0.044443333333333335 0.07277666666666667
60 0.27305999999999997 0.0325 0.044443333333333335 0.065
66 0.33597333333333335 0.3516666666666667 0.04194333333333333 0.06777666666666667
40 0.46291666666666664 0.36111 0.04027666666666667 0.06277666666666668
40 0.5256933333333333 0.36235999999999996 0.03861 0.06527666666666668
40 0.58875 0.36235999999999996 0.04027666666666667 0.06527666666666668
54 0.7148599999999999 0.3629133333333333 0.04194333333333333 0.07083333333333333
54 0.83625 0.36694 0.04027666666666667 0.06666666666666667
54 0.9580566666666667 0.37194 0.04111 0.06333333333333334
60 0.27125333333333335 0.4494433333333333 0.04527666666666667 0.07111
59 0.4613933333333334 0.45458 0.04111 0.06694333333333334
56 0.52417 0.45458 0.04277666666666667 0.07027666666666667
37 0.5870866666666666 0.45693999999999996 0.04027666666666667 0.06944333333333334
39 0.6481966666666666 0.45749666666666666 0.04027666666666667 0.06777666666666667
43 0.7112533333333334 0.4587466666666667 0.03861 0.06861
37 0.07958666666666667 0.5452733333333333 0.04194333333333333 0.06777666666666667
38 0.14278 0.5472166666666667 0.04277666666666667 0.06611
39 0.5200033333333334 0.5472166666666667 0.04111 0.059443333333333334
41 0.6419466666666667 0.5509733333333333 0.04111 0.061943333333333336
43 0.7641700000000001 0.5555566666666667 0.04111 0.06444333333333334
45 0.88375 0.55903 0.04194333333333333 0.06027666666666667
44 0.2751433333333333 0.6463866666666667 0.04361 0.06611
53 0.39708666666666664 0.6488866666666667 0.04194333333333333 0.07111
46 0.4582 0.6481933333333333 0.04361 0.07138666666666667
55 0.5759766666666667 0.64833 0.04194333333333333 0.06833333333333333
56 0.6968099999999999 0.6516633333333334 0.04305333333333333 0.065
57 0.8177833333333333 0.6556933333333334 0.044443333333333335 0.06861
58 0.9311166666666666 0.6554166666666666 0.03666666666666667 0.06416666666666666
48 0.21652666666666667 0.8247233333333334 0.04305666666666666 0.06389
24 0.15569333333333332 0.82889 0.04305666666666666 0.06389
40 0.09652666666666666 0.8272233333333333 0.04305666666666666 0.06389
42 0.21264333333333332 0.6438866666666667 0.04361 0.06611
66 0.21347666666666665 0.73722 0.04361 0.06611
65 0.09097666666666666 0.73722 0.04361 0.06611
53 0.08458666666666666 0.6447200000000001 0.04194333333333333 0.07111
37 0.27208666666666664 0.54694 0.04194333333333333 0.06777666666666667
38 0.39527999999999996 0.55055 0.04277666666666667 0.06611
48 0.20625333333333334 0.4494433333333333 0.04527666666666667 0.07111
33 0.14292 0.4494433333333333 0.04527666666666667 0.07111
40 0.08166666666666667 0.44819333333333333 0.04111 0.06694333333333334
65 0.2701433333333333 0.34972000000000003 0.04361 0.06611
64 0.20764333333333332 0.3488866666666667 0.04361 0.06611
63 0.14014333333333334 0.3480533333333334 0.04361 0.06611
62 0.07764333333333334 0.3463866666666667 0.04361 0.06611
60 0.3372266666666667 0.0325 0.044443333333333335 0.065
39 0.20556 0.2504166666666667 0.044443333333333335 0.08416666666666667
38 0.14139333333333334 0.24916666666666668 0.044443333333333335 0.08833333333333333
37 0.07639333333333334 0.24583333333333332 0.044443333333333335 0.08833333333333333
59 0.8575033333333334 0.05472 0.04277666666666667 0.07277666666666667
37 0.9786133333333333 0.05805333333333333 0.04277666666666667 0.07277666666666667
47 0.33680666666666664 0.45153 0.04027666666666667 0.07194333333333333