60 0.33541666666666664 0.20416666666666666 0.030833333333333334 0.04833333333333333
40 0.20791666666666667 0.2025 0.030833333333333334 0.04833333333333333
22 0.25125 0.20083333333333334 0.030833333333333334 0.04833333333333333
43 0.29291666666666666 0.20416666666666666 0.030833333333333334 0.04833333333333333
60 0.37958333333333333 0.205 0.030833333333333334 0.04833333333333333
43 0.42375 0.20333333333333334 0.030833333333333334 0.04833333333333333
58 0.46625 0.20583333333333334 0.030833333333333334 0.04833333333333333
59 0.5104166666666666 0.20666666666666667 0.030833333333333334 0.04833333333333333
53 0.6004166666666667 0.2075 0.030833333333333334 0.04833333333333333
55 0.6479166666666667 0.20583333333333334 0.030833333333333334 0.04833333333333333
59 0.74 0.21166666666666667 0.035 0.05
56 0.7870833333333334 0.21125 0.0325 0.0525
37 0.8345833333333333 0.2125 0.030833333333333334 0.04833333333333333
39 0.88125 0.21666666666666667 0.030833333333333334 0.051666666666666666
43 0.9275 0.21875 0.03333333333333333 0.050833333333333335
37 0.19958333333333333 0.3408333333333333 0.030833333333333334 0.04833333333333333
38 0.24041666666666667 0.3408333333333333 0.030833333333333334 0.04833333333333333
39 0.28541666666666665 0.345 0.030833333333333334 0.04833333333333333
41 0.32875 0.3458333333333333 0.030833333333333334 0.04833333333333333
43 0.3720833333333333 0.3466666666666667 0.030833333333333334 0.04833333333333333
45 0.41625 0.35 0.030833333333333334 0.04833333333333333
46 0.45958333333333334 0.35083333333333333 0.030833333333333334 0.04833333333333333
47 0.5045833333333334 0.3516666666666667 0.030833333333333334 0.04833333333333333
48 0.5495833333333333 0.3541666666666667 0.030833333333333334 0.04833333333333333
49 0.59375 0.35583333333333333 0.030833333333333334 0.04833333333333333
50 0.6404166666666666 0.3566666666666667 0.030833333333333334 0.05333333333333334
51 0.6870833333333334 0.3591666666666667 0.030833333333333334 0.04833333333333333
52 0.7329166666666667 0.3591666666666667 0.030833333333333334 0.04833333333333333
53 0.7770833333333333 0.36083333333333334 0.030833333333333334 0.04833333333333333
42 0.87375 0.3625 0.030833333333333334 0.04833333333333333
44 0.91875 0.36666666666666664 0.030833333333333334 0.04833333333333333
62 0.19375 0.4125 0.030833333333333334 0.04833333333333333
63 0.23875 0.41583333333333333 0.030833333333333334 0.04833333333333333
64 0.27958333333333335 0.415 0.030833333333333334 0.04833333333333333
65 0.32458333333333333 0.4175 0.030833333333333334 0.04833333333333333
66 0.36791666666666667 0.4191666666666667 0.030833333333333334 0.04833333333333333
40 0.45708333333333334 0.4241666666666667 0.030833333333333334 0.04833333333333333
40 0.4995833333333333 0.4275 0.030833333333333334 0.04833333333333333
40 0.5445833333333333 0.4275 0.030833333333333334 0.04833333333333333
54 0.6354166666666666 0.43333333333333335 0.030833333333333334 0.04833333333333333
54 0.7295833333333334 0.43416666666666665 0.030833333333333334 0.04833333333333333
54 0.8220833333333334 0.44166666666666665 0.030833333333333334 0.04833333333333333
40 0.19041666666666668 0.4816666666666667 0.030833333333333334 0.04833333333333333
33 0.23375 0.4816666666666667 0.030833333333333334 0.04833333333333333
48 0.27625 0.4841666666666667 0.030833333333333334 0.04833333333333333
60 0.32208333333333333 0.48833333333333334 0.030833333333333334 0.04833333333333333
47 0.3645833333333333 0.48833333333333334 0.030833333333333334 0.04833333333333333
59 0.4529166666666667 0.49416666666666664 0.030833333333333334 0.04833333333333333
56 0.49875 0.49416666666666664 0.030833333333333334 0.04833333333333333
37 0.5429166666666667 0.495 0.030833333333333334 0.04833333333333333
39 0.5879166666666666 0.49833333333333335 0.030833333333333334 0.04833333333333333
43 0.63375 0.5008333333333334 0.030833333333333334 0.04833333333333333
37 0.18708333333333332 0.55 0.030833333333333334 0.04833333333333333
38 0.22875 0.55 0.030833333333333334 0.04833333333333333
37 0.31708333333333333 0.5558333333333333 0.030833333333333334 0.04833333333333333
38 0.40458333333333335 0.5633333333333334 0.030833333333333334 0.04833333333333333
39 0.4945833333333333 0.565 0.030833333333333334 0.04833333333333333
41 0.5829166666666666 0.5708333333333333 0.030833333333333334 0.04833333333333333
43 0.6729166666666667 0.575 0.030833333333333334 0.04833333333333333
45 0.76625 0.58 0.030833333333333334 0.04833333333333333
46 0.8595833333333334 0.5841666666666666 0.030833333333333334 0.04833333333333333
47 0.9495833333333333 0.5883333333333334 0.030833333333333334 0.04833333333333333
53 0.18125 0.6225 0.030833333333333334 0.04833333333333333
42 0.2704166666666667 0.6275 0.030833333333333334 0.04833333333333333
44 0.31375 0.6283333333333333 0.030833333333333334 0.04833333333333333
53 0.40041666666666664 0.635 0.030833333333333334 0.04833333333333333
46 0.44458333333333333 0.6366666666666667 0.030833333333333334 0.04833333333333333
56 0.6229166666666667 0.6475 0.030833333333333334 0.04833333333333333
57 0.7170833333333333 0.6508333333333334 0.030833333333333334 0.04833333333333333
58 0.8079166666666666 0.6558333333333334 0.030833333333333334 0.04833333333333333
59 0.89875 0.6583333333333333 0.030833333333333334 0.04833333333333333
65 0.17875 0.6925 0.030833333333333334 0.04833333333333333
66 0.26375 0.6966666666666667 0.030833333333333334 0.04833333333333333
40 0.17791666666666667 0.7608333333333334 0.030833333333333334 0.04833333333333333
24 0.21958333333333332 0.7625 0.030833333333333334 0.04833333333333333
48 0.26375 0.765 0.030833333333333334 0.04833333333333333
53 0.35208333333333336 0.7691666666666667 0.030833333333333334 0.04833333333333333
59 0.6170833333333333 0.7858333333333334 0.030833333333333334 0.04833333333333333
58 0.57125 0.7808333333333334 0.030833333333333334 0.04833333333333333
43 0.52875 0.7791666666666667 0.030833333333333334 0.04833333333333333
38 0.48375 0.7791666666666667 0.030833333333333334 0.04833333333333333
52 0.4379166666666667 0.7733333333333333 0.030833333333333334 0.04833333333333333
61 0.3929166666666667 0.7716666666666666 0.030833333333333334 0.04833333333333333
55 0.5329166666666667 0.64 0.030833333333333334 0.04833333333333333
54 0.17458333333333334 0.8991666666666667 0.0325 0.045
54 0.30416666666666664 0.9041666666666667 0.03 0.04
54 0.43291666666666667 0.91375 0.029166666666666667 0.0475
54 0.5216666666666666 0.9183333333333333 0.03 0.043333333333333335
54 0.6516666666666666 0.92625 0.03333333333333333 0.0475
54 0.7841666666666667 0.9329166666666666 0.03333333333333333 0.04583333333333333
54 0.9145833333333333 0.9375 0.0325 0.045
0 0.2175 0.8979166666666667 0.03 0.0425
1 0.3458333333333333 0.9045833333333333 0.03 0.0425
2 0.4775 0.9145833333333333 0.03 0.0425
3 0.5658333333333333 0.9179166666666667 0.03 0.0425
4 0.6975 0.93 0.03166666666666667 0.04833333333333333
5 0.83 0.9316666666666666 0.03 0.043333333333333335
6 0.9608333333333333 0.9379166666666666 0.03 0.0475