49 0.01611328125 0.1025390625 0.03125 0.0595703125
50 0.0634765625 0.10205078125 0.03125 0.0595703125
51 0.115234375 0.098876953125 0.03125 0.0595703125
52 0.16650390625 0.10009765625 0.03125 0.0595703125
53 0.21923828125 0.096923828125 0.03125 0.0595703125
42 0.3232421875 0.09716796875 0.03125 0.0595703125
44 0.375 0.093994140625 0.03125 0.0595703125
53 0.4794921875 0.094482421875 0.03369140625 0.0595703125
46 0.53125 0.093994140625 0.03369140625 0.0595703125
55 0.63525390625 0.093017578125 0.03369140625 0.0595703125
56 0.68798828125 0.09130859375 0.03369140625 0.0595703125
57 0.73876953125 0.091796875 0.03369140625 0.0595703125
58 0.7919921875 0.091064453125 0.03369140625 0.0595703125
59 0.84228515625 0.09326171875 0.03369140625 0.0595703125
60 0.89453125 0.093505859375 0.03369140625 0.0595703125
61 0.94287109375 0.09375 0.03369140625 0.0595703125
40 0.078369140625 0.19091796875 0.03125 0.05224609375
54 0.078369140625 0.19091796875 0.03125 0.05224609375
54 0.17626953125 0.1865234375 0.03125 0.05224609375
54 0.27880859375 0.185302734375 0.03125 0.05224609375
39 0.03173828125 0.266357421875 0.03125 0.05224609375
43 0.08251953125 0.267578125 0.03125 0.05224609375
41 0.04150390625 0.348876953125 0.03125 0.05224609375
43 0.13916015625 0.347900390625 0.0341796875 0.05224609375
45 0.23828125 0.34619140625 0.0341796875 0.05224609375
46 0.33740234375 0.3466796875 0.0341796875 0.05224609375
47 0.43798828125 0.34619140625 0.0341796875 0.05224609375
48 0.53564453125 0.345947265625 0.0341796875 0.05224609375
49 0.63671875 0.343017578125 0.0341796875 0.05224609375
50 0.73388671875 0.343017578125 0.0341796875 0.05224609375
51 0.8330078125 0.341796875 0.0341796875 0.05224609375
52 0.93212890625 0.341796875 0.0341796875 0.05224609375
56 0.09765625 0.42919921875 0.03125 0.05224609375
57 0.1953125 0.429931640625 0.03125 0.05224609375
58 0.29296875 0.428955078125 0.03125 0.05224609375
59 0.39208984375 0.428466796875 0.03125 0.05224609375
60 0.48681640625 0.427734375 0.03125 0.05224609375
61 0.58447265625 0.4248046875 0.03125 0.05224609375
62 0.68212890625 0.42431640625 0.03125 0.05224609375
63 0.78271484375 0.426025390625 0.03125 0.05224609375
43 0.021484375 0.578125 0.03125 0.05224609375
58 0.06884765625 0.57763671875 0.03125 0.05224609375
59 0.11572265625 0.576904296875 0.03125 0.05224609375
54 0.032958984375 0.728271484375 0.03125 0.05224609375
54 0.083251953125 0.87158203125 0.03125 0.05224609375
54 0.168701171875 0.72802734375 0.03125 0.05224609375
54 0.221435546875 0.874267578125 0.03125 0.05224609375
54 0.308837890625 0.728759765625 0.03125 0.05224609375
54 0.359619140625 0.87255859375 0.03125 0.05224609375
54 0.450439453125 0.725830078125 0.03125 0.05224609375
54 0.500732421875 0.87255859375 0.03125 0.05224609375
54 0.589599609375 0.72900390625 0.03125 0.05224609375
54 0.639892578125 0.871337890625 0.03125 0.05224609375
54 0.732177734375 0.726318359375 0.03125 0.05224609375
54 0.779541015625 0.8671875 0.03125 0.05224609375
54 0.873779296875 0.726318359375 0.03125 0.05224609375
3 0.076904296875 0.72900390625 0.03125 0.05224609375
4 0.214599609375 0.725830078125 0.03125 0.05224609375
5 0.353759765625 0.7275390625 0.03125 0.05224609375
6 0.495361328125 0.72607421875 0.03125 0.05224609375
7 0.635498046875 0.723876953125 0.03125 0.05224609375
8 0.778564453125 0.72314453125 0.03125 0.05224609375
9 0.921142578125 0.72412109375 0.03125 0.05224609375
2 0.125732421875 0.872802734375 0.03125 0.05224609375
5 0.262939453125 0.87353515625 0.03125 0.05224609375
6 0.404052734375 0.873046875 0.03125 0.05224609375
7 0.546142578125 0.871826171875 0.03125 0.05224609375
8 0.685302734375 0.8701171875 0.03125 0.05224609375
9 0.824951171875 0.86865234375 0.03125 0.05224609375