54 0.103759765625 0.15185546875 0.03662109375 0.05029296875
54 0.248291015625 0.14990234375 0.037109375 0.05419921875
54 0.395751953125 0.150634765625 0.0380859375 0.0537109375
54 0.546630859375 0.151123046875 0.03369140625 0.052734375
54 0.695556640625 0.150390625 0.02978515625 0.052734375
54 0.841064453125 0.150634765625 0.03125 0.05615234375
54 0.104736328125 0.2314453125 0.0361328125 0.0517578125
1 0.150146484375 0.149658203125 0.0322265625 0.05029296875
3 0.298095703125 0.1494140625 0.03369140625 0.05517578125
4 0.446044921875 0.15087890625 0.0341796875 0.0556640625
2 0.595947265625 0.150634765625 0.0361328125 0.05322265625
5 0.742919921875 0.1484375 0.03369140625 0.0517578125
6 0.890380859375 0.1484375 0.033203125 0.05419921875
0 0.153076171875 0.229736328125 0.03369140625 0.052734375
52 0.10205078125 0.462646484375 0.03466796875 0.052734375
37 0.14892578125 0.461181640625 0.033203125 0.052734375
46 0.1962890625 0.4619140625 0.0341796875 0.05224609375
37 0.24951171875 0.4609375 0.0390625 0.0537109375
53 0.29638671875 0.461669921875 0.03662109375 0.05517578125
41 0.34619140625 0.463623046875 0.0361328125 0.05322265625
37 0.3974609375 0.464111328125 0.0341796875 0.0537109375
53 0.44482421875 0.46337890625 0.03466796875 0.052734375
46 0.49560546875 0.4638671875 0.03271484375 0.05322265625
61 0.594970703125 0.467041015625 0.03369140625 0.046875
52 0.645263671875 0.466796875 0.033203125 0.05224609375
37 0.694091796875 0.46533203125 0.033203125 0.05224609375
46 0.747314453125 0.4658203125 0.0341796875 0.0537109375
37 0.798828125 0.462158203125 0.0341796875 0.052734375
59 0.898193359375 0.4638671875 0.0361328125 0.0537109375
37 0.950439453125 0.46630859375 0.033203125 0.05322265625
50 0.10107421875 0.545166015625 0.037109375 0.052734375
61 0.1494140625 0.542724609375 0.03466796875 0.05615234375
52 0.197265625 0.54248046875 0.03662109375 0.05859375
61 0.2470703125 0.54150390625 0.0361328125 0.056640625
59 0.29736328125 0.543701171875 0.03466796875 0.05517578125
60 0.34912109375 0.544677734375 0.037109375 0.05859375
37 0.400390625 0.549072265625 0.03271484375 0.0537109375
50 0.498046875 0.5439453125 0.04052734375 0.0556640625
37 0.5478515625 0.542724609375 0.03564453125 0.05615234375
65 0.59521484375 0.544189453125 0.037109375 0.05615234375
55 0.64501953125 0.544921875 0.03662109375 0.05712890625