54 0.018333333333333333 0.33 0.03444333333333333 0.06
54 0.18333333333333332 0.32666666666666666 0.03333333333333333 0.05333333333333334
54 0.34833333333333333 0.32444333333333336 0.03444333333333333 0.06
54 0.5105566666666667 0.32111 0.03666666666666667 0.055556666666666664
54 0.6722233333333334 0.31611 0.03777666666666667 0.05222333333333333
54 0.8383333333333334 0.31389 0.03666666666666667 0.05889
54 0.07722333333333332 0.4994433333333333 0.03222333333333333 0.06333333333333334
54 0.24055666666666664 0.49889 0.03444333333333333 0.05777666666666667
54 0.4055566666666667 0.49333333333333335 0.03777666666666667 0.055556666666666664
54 0.5683333333333334 0.49 0.03889 0.055556666666666664
54 0.7327766666666666 0.4844433333333333 0.03666666666666667 0.06222333333333333
4 0.06888999999999999 0.33 0.03555666666666667 0.06
5 0.23555666666666666 0.32555666666666666 0.03333333333333333 0.05333333333333334
6 0.4 0.325 0.03555666666666667 0.05889
7 0.56389 0.32 0.03666666666666667 0.06
8 0.7261099999999999 0.31555666666666665 0.03444333333333333 0.05333333333333334
9 0.8927766666666667 0.31 0.03 0.05777666666666667
5 0.12777666666666665 0.49777666666666665 0.03777666666666667 0.06444333333333334
6 0.29389 0.49889 0.03444333333333333 0.06222333333333333
7 0.45777666666666667 0.49111 0.03555666666666667 0.05777666666666667
8 0.625 0.48889000000000005 0.03444333333333333 0.06222333333333333
9 0.78611 0.48333333333333334 0.03222333333333333 0.06444333333333334
59 0.3016666666666667 0.8466666666666667 0.03666666666666667 0.06
37 0.35611 0.8472233333333333 0.03666666666666667 0.061110000000000005
48 0.4666666666666667 0.84611 0.03555666666666667 0.06333333333333334
53 0.5205566666666667 0.8427766666666666 0.03444333333333333 0.061110000000000005
65 0.57611 0.8416666666666667 0.03666666666666667 0.05889
55 0.63111 0.83889 0.03333333333333333 0.05777666666666667