59 0.03277666666666667 0.061110000000000005 0.056666666666666664 0.08444333333333334
56 0.11555666666666667 0.061110000000000005 0.05777666666666667 0.08889000000000001
37 0.19666666666666666 0.059443333333333334 0.055556666666666664 0.09444333333333332
39 0.2805566666666667 0.056666666666666664 0.056666666666666664 0.08889000000000001
43 0.36222333333333334 0.055 0.055556666666666664 0.08777666666666666
53 0.09444333333333332 0.325 0.06 0.09
42 0.27111 0.3283333333333333 0.06 0.09444333333333332
44 0.35389000000000004 0.3272233333333333 0.05889 0.09
53 0.5283333333333333 0.33111 0.061110000000000005 0.08889000000000001
46 0.6166666666666667 0.32888999999999996 0.05333333333333334 0.08666666666666667
55 0.7933333333333333 0.3322233333333333 0.06 0.08889000000000001
56 0.8777766666666666 0.335 0.06 0.09
57 0.96111 0.33388999999999996 0.05333333333333334 0.09444333333333332
54 0.17666666666666667 0.4694433333333333 0.06222333333333333 0.09222333333333334
45 0.07777666666666667 0.7488900000000001 0.06 0.09555666666666668
46 0.25777666666666665 0.7533333333333333 0.06444333333333334 0.10222333333333333
47 0.44 0.7533333333333333 0.05777666666666667 0.10222333333333333
48 0.6205566666666666 0.7522233333333334 0.05889 0.09111
49 0.8005566666666667 0.7572233333333334 0.05222333333333333 0.09666666666666666
58 0.16333333333333333 0.8977766666666667 0.06 0.09333333333333334
59 0.3466666666666667 0.9027766666666667 0.06222333333333333 0.09666666666666666
60 0.525 0.9055566666666667 0.06333333333333334 0.09333333333333334
61 0.7072233333333333 0.9044433333333333 0.061110000000000005 0.1
62 0.8827766666666667 0.8988900000000001 0.061110000000000005 0.09777666666666666