54 0.077880859375 0.4619140625 0.068359375 0.09912109375
54 0.154052734375 0.7099609375 0.068359375 0.09912109375
54 0.307373046875 0.462890625 0.068359375 0.09912109375
54 0.537841796875 0.4619140625 0.068359375 0.09912109375
54 0.617919921875 0.70068359375 0.068359375 0.09912109375
54 0.384521484375 0.70068359375 0.068359375 0.09912109375
6 0.156005859375 0.46630859375 0.06689453125 0.09228515625
7 0.385986328125 0.4658203125 0.06298828125 0.09130859375
7 0.229736328125 0.7060546875 0.06298828125 0.09130859375
8 0.461669921875 0.70068359375 0.06298828125 0.09130859375
9 0.696533203125 0.69775390625 0.06298828125 0.09130859375
54 0.767333984375 0.458984375 0.068359375 0.09912109375
9 0.847412109375 0.45751953125 0.068359375 0.09912109375
8 0.610107421875 0.46044921875 0.06298828125 0.09130859375