54 0.07666015625 0.069580078125 0.04736328125 0.0751953125
6 0.142822265625 0.066650390625 0.052734375 0.0751953125
54 0.271240234375 0.060302734375 0.052734375 0.0751953125
7 0.338134765625 0.05712890625 0.052734375 0.0751953125
54 0.47412109375 0.049072265625 0.052734375 0.0751953125
8 0.5390625 0.046875 0.052734375 0.0751953125
54 0.677001953125 0.041015625 0.052734375 0.0751953125
9 0.741943359375 0.040283203125 0.052734375 0.0751953125
59 0.122802734375 0.48095703125 0.05810546875 0.0791015625
37 0.193603515625 0.480224609375 0.05810546875 0.0791015625
48 0.3349609375 0.47314453125 0.05810546875 0.0791015625
53 0.40966796875 0.47216796875 0.05810546875 0.0791015625
65 0.48046875 0.4736328125 0.05810546875 0.0791015625
55 0.55126953125 0.469970703125 0.05810546875 0.0791015625