37 0.050048828125 0.14794921875 0.03759765625 0.06005859375
38 0.099609375 0.14453125 0.03759765625 0.06005859375
39 0.1474609375 0.141845703125 0.03759765625 0.06005859375
41 0.1962890625 0.139404296875 0.03759765625 0.06005859375
43 0.24658203125 0.1376953125 0.03759765625 0.06005859375
45 0.29638671875 0.1357421875 0.03759765625 0.06005859375
46 0.34619140625 0.134033203125 0.03759765625 0.06005859375
47 0.396484375 0.131591796875 0.03759765625 0.06005859375
48 0.44775390625 0.1298828125 0.03759765625 0.06005859375
49 0.498291015625 0.12890625 0.03759765625 0.06005859375
50 0.545166015625 0.128173828125 0.03759765625 0.06005859375
51 0.597412109375 0.127197265625 0.03759765625 0.06005859375
52 0.648193359375 0.122802734375 0.03759765625 0.06005859375
53 0.700439453125 0.122802734375 0.03759765625 0.06005859375
42 0.802978515625 0.11669921875 0.03759765625 0.06005859375
44 0.855224609375 0.11474609375 0.03759765625 0.06005859375
53 0.957275390625 0.114013671875 0.03759765625 0.06005859375
62 0.0625 0.229736328125 0.03759765625 0.06005859375
63 0.10791015625 0.22998046875 0.03759765625 0.06005859375
64 0.15771484375 0.22705078125 0.03759765625 0.06005859375
65 0.20654296875 0.225341796875 0.03759765625 0.06005859375
66 0.2568359375 0.222900390625 0.03759765625 0.06005859375
40 0.353515625 0.21923828125 0.03759765625 0.06005859375
40 0.4033203125 0.218505859375 0.03759765625 0.06005859375
40 0.45361328125 0.214111328125 0.03759765625 0.06005859375
54 0.548583984375 0.208984375 0.03759765625 0.06005859375
54 0.648681640625 0.205322265625 0.03759765625 0.06005859375
54 0.748779296875 0.20458984375 0.03759765625 0.06005859375
40 0.0703125 0.302978515625 0.03759765625 0.06005859375
33 0.12060546875 0.305419921875 0.03759765625 0.06005859375
48 0.1650390625 0.3037109375 0.03759765625 0.06005859375
60 0.212890625 0.3017578125 0.03759765625 0.06005859375
47 0.26171875 0.299560546875 0.03759765625 0.06005859375
59 0.356689453125 0.296875 0.03759765625 0.06005859375
56 0.403564453125 0.295166015625 0.03759765625 0.06005859375
37 0.451416015625 0.292724609375 0.03759765625 0.06005859375
39 0.502685546875 0.2919921875 0.03759765625 0.06005859375
43 0.551513671875 0.2900390625 0.03759765625 0.06005859375
37 0.0810546875 0.38720703125 0.03759765625 0.06005859375
38 0.1298828125 0.38427734375 0.03759765625 0.06005859375
37 0.222900390625 0.38134765625 0.03759765625 0.06005859375
38 0.315185546875 0.379638671875 0.03759765625 0.06005859375
39 0.410400390625 0.3759765625 0.03759765625 0.06005859375
41 0.504150390625 0.37353515625 0.03759765625 0.06005859375
43 0.600341796875 0.371826171875 0.03759765625 0.06005859375
45 0.69677734375 0.365234375 0.03759765625 0.06005859375
46 0.796875 0.362548828125 0.03759765625 0.06005859375
47 0.893798828125 0.36474609375 0.03759765625 0.06005859375
53 0.093017578125 0.460205078125 0.03759765625 0.05517578125
42 0.183837890625 0.454345703125 0.03759765625 0.05712890625
44 0.2294921875 0.452392578125 0.03759765625 0.05810546875
53 0.322265625 0.450927734375 0.03173828125 0.0556640625
46 0.369140625 0.448974609375 0.03173828125 0.0556640625
55 0.4599609375 0.447509765625 0.03173828125 0.0556640625
56 0.55322265625 0.44580078125 0.03173828125 0.0556640625
57 0.64697265625 0.444091796875 0.03173828125 0.0556640625
58 0.74462890625 0.4423828125 0.03173828125 0.0556640625
59 0.84033203125 0.43994140625 0.03173828125 0.0556640625
60 0.93896484375 0.438232421875 0.03173828125 0.0556640625
65 0.10498046875 0.5263671875 0.03857421875 0.05029296875
66 0.19482421875 0.52392578125 0.03857421875 0.05029296875
40 0.115234375 0.59130859375 0.03515625 0.046875
24 0.1552734375 0.591552734375 0.03515625 0.046875
48 0.19970703125 0.58984375 0.03515625 0.046875
53 0.28759765625 0.588134765625 0.03515625 0.046875
61 0.33203125 0.58740234375 0.03515625 0.046875
52 0.3740234375 0.586669921875 0.03515625 0.046875
38 0.419921875 0.5859375 0.03515625 0.046875
43 0.4677734375 0.5859375 0.03515625 0.046875
58 0.5107421875 0.586181640625 0.03515625 0.046875
59 0.55517578125 0.587890625 0.03515625 0.046875
54 0.1279296875 0.727783203125 0.03515625 0.046875
54 0.2509765625 0.72900390625 0.03515625 0.046875
54 0.38232421875 0.729736328125 0.03515625 0.046875
54 0.46875 0.73046875 0.03515625 0.046875
54 0.604736328125 0.733642578125 0.03515625 0.046875
54 0.742431640625 0.732666015625 0.03515625 0.046875
54 0.880126953125 0.731201171875 0.03515625 0.046875
54 0.928466796875 0.87158203125 0.03515625 0.046875
54 0.788330078125 0.87646484375 0.03515625 0.046875
54 0.651611328125 0.876220703125 0.03515625 0.046875
54 0.515869140625 0.873291015625 0.03515625 0.046875
54 0.38134765625 0.870849609375 0.03515625 0.046875
54 0.25 0.8701171875 0.03515625 0.046875
54 0.12890625 0.862060546875 0.03515625 0.046875
54 0.13134765625 0.929931640625 0.03515625 0.046875
0 0.16796875 0.72802734375 0.03515625 0.046875
1 0.29541015625 0.728271484375 0.03515625 0.046875
2 0.42578125 0.727783203125 0.03515625 0.046875
3 0.5146484375 0.727294921875 0.03515625 0.046875
4 0.64892578125 0.727294921875 0.03515625 0.046875
5 0.787841796875 0.73046875 0.03515625 0.046875
6 0.931396484375 0.729248046875 0.03515625 0.046875
1 0.170166015625 0.859375 0.03515625 0.046875
0 0.169189453125 0.9326171875 0.03515625 0.046875
3 0.296875 0.866943359375 0.03515625 0.046875
4 0.42822265625 0.867919921875 0.03515625 0.046875
2 0.561767578125 0.87109375 0.03515625 0.046875
5 0.698486328125 0.87451171875 0.03515625 0.046875
6 0.836181640625 0.8720703125 0.03515625 0.046875
7 0.973876953125 0.87060546875 0.03515625 0.046875