54 0.063720703125 0.148681640625 0.056640625 0.0791015625
5 0.121337890625 0.148193359375 0.056640625 0.0791015625
54 0.235595703125 0.151611328125 0.056640625 0.0791015625
6 0.298583984375 0.150146484375 0.056640625 0.0791015625
54 0.41015625 0.158447265625 0.056640625 0.0791015625
7 0.47265625 0.1572265625 0.056640625 0.0791015625
54 0.5888671875 0.1591796875 0.056640625 0.0791015625
8 0.6513671875 0.158935546875 0.056640625 0.0791015625
54 0.77001953125 0.167724609375 0.056640625 0.0791015625
9 0.83154296875 0.165771484375 0.056640625 0.0791015625
55 0.6357421875 0.53466796875 0.056640625 0.0791015625
65 0.57568359375 0.530517578125 0.056640625 0.0791015625
53 0.52001953125 0.530029296875 0.04833984375 0.078125
48 0.46240234375 0.526611328125 0.05126953125 0.078125
59 0.29736328125 0.52392578125 0.05126953125 0.078125
37 0.35205078125 0.523193359375 0.05126953125 0.078125
46 0.125 0.523193359375 0.05126953125 0.078125
37 0.18408203125 0.524169921875 0.05126953125 0.078125
37 0.0703125 0.521240234375 0.05126953125 0.078125