54 0.07666666666666666 0.048889999999999996 0.04666666666666667 0.07333333333333333
54 0.14389000000000002 0.2527766666666667 0.04111 0.07444333333333333
54 0.3472233333333334 0.24889 0.03889 0.07333333333333333
54 0.55 0.245 0.044443333333333335 0.07222333333333333
54 0.7522233333333334 0.23944333333333334 0.042223333333333335 0.07444333333333333
5 0.13944333333333334 0.04666666666666667 0.043333333333333335 0.07555666666666666
6 0.21 0.25111 0.042223333333333335 0.08
7 0.41222333333333333 0.24611000000000002 0.044443333333333335 0.07444333333333333
8 0.6161099999999999 0.24444333333333335 0.05 0.08444333333333334
9 0.82 0.23944333333333334 0.048889999999999996 0.08777666666666666
46 0.024443333333333334 0.68611 0.03777666666666667 0.07222333333333333
37 0.08610999999999999 0.6794433333333333 0.04111 0.06777666666666667
59 0.22166666666666668 0.6816666666666666 0.04555666666666666 0.07444333333333333
37 0.28889 0.6816666666666666 0.044443333333333335 0.07666666666666666
48 0.4216666666666667 0.675 0.03889 0.07444333333333333
53 0.48777666666666664 0.6722233333333334 0.044443333333333335 0.07777666666666667
65 0.5555566666666667 0.6722233333333334 0.044443333333333335 0.07555666666666666
55 0.6238900000000001 0.6716666666666666 0.04111 0.07444333333333333
54 0.275 0.040556666666666664 0.04666666666666667 0.07333333333333333
6 0.3383333333333333 0.04 0.042223333333333335 0.08