54 0.263427734375 0.0361328125 0.0400390625 0.06201171875
54 0.444091796875 0.034912109375 0.03857421875 0.06591796875
54 0.631103515625 0.034912109375 0.04443359375 0.06298828125
54 0.815673828125 0.031982421875 0.03857421875 0.06396484375
54 0.263916015625 0.134765625 0.03857421875 0.06396484375
1 0.322509765625 0.037109375 0.0419921875 0.06591796875
4 0.693115234375 0.033935546875 0.03857421875 0.06494140625
3 0.507080078125 0.03369140625 0.0419921875 0.06689453125
2 0.882080078125 0.03173828125 0.04296875 0.0634765625
0 0.323974609375 0.1328125 0.03466796875 0.06494140625
52 0.255859375 0.42529296875 0.04443359375 0.06396484375
37 0.318359375 0.423828125 0.0400390625 0.06494140625
46 0.37890625 0.426025390625 0.041015625 0.0712890625
37 0.4404296875 0.425048828125 0.04248046875 0.06591796875
53 0.5009765625 0.4228515625 0.03857421875 0.064453125
41 0.56201171875 0.424072265625 0.03662109375 0.0634765625
37 0.62451171875 0.422119140625 0.0400390625 0.064453125
53 0.6865234375 0.42333984375 0.04345703125 0.0625
46 0.7490234375 0.4228515625 0.04052734375 0.0634765625
61 0.875 0.423583984375 0.04248046875 0.0615234375
52 0.93603515625 0.421875 0.04150390625 0.0625
50 0.257080078125 0.525390625 0.0439453125 0.0634765625
61 0.317138671875 0.5234375 0.04052734375 0.06201171875
52 0.378662109375 0.525146484375 0.03955078125 0.06396484375
61 0.439697265625 0.524658203125 0.0419921875 0.06494140625
59 0.501220703125 0.5224609375 0.04296875 0.06494140625
60 0.5634765625 0.521240234375 0.0419921875 0.06494140625
37 0.627197265625 0.521240234375 0.04052734375 0.0673828125
50 0.750732421875 0.5234375 0.03955078125 0.0615234375
37 0.811767578125 0.523681640625 0.03759765625 0.06396484375
65 0.873779296875 0.523681640625 0.0439453125 0.06640625
55 0.936279296875 0.5224609375 0.04296875 0.06884765625