40 0.09833333333333333 0.15777666666666665 0.017776666666666666 0.02889
22 0.12444333333333332 0.15805666666666668 0.02 0.029443333333333332
14 0.15111 0.1575 0.01889 0.03166666666666667
30 0.17916666666666667 0.15694333333333332 0.01611 0.029443333333333332
30 0.20694333333333334 0.15666666666666668 0.017223333333333334 0.02889
14 0.23305666666666666 0.15555666666666668 0.017223333333333334 0.02889
28 0.2597233333333333 0.15527666666666667 0.017223333333333334 0.027223333333333335
59 0.28722333333333333 0.15555666666666668 0.015556666666666667 0.02889
53 0.34027666666666667 0.15527666666666667 0.018333333333333333 0.028333333333333332
55 0.36666666666666664 0.15444333333333332 0.017776666666666666 0.02666666666666667
59 0.4205566666666667 0.15416666666666667 0.015556666666666667 0.029443333333333332
56 0.44666666666666666 0.15277666666666667 0.01889 0.03
37 0.4725 0.15305666666666667 0.01611 0.029443333333333332
37 0.4969433333333333 0.15333333333333332 0.018333333333333333 0.02889
43 0.52361 0.15277666666666667 0.018333333333333333 0.03111
37 0.09527666666666666 0.24666666666666667 0.01611 0.027776666666666665
38 0.1325 0.24611000000000002 0.018333333333333333 0.03111
39 0.15861 0.24527666666666667 0.018333333333333333 0.028333333333333332
41 0.18666666666666668 0.24555666666666665 0.02 0.02889
43 0.21222333333333332 0.24527666666666667 0.01889 0.028333333333333332
45 0.23916666666666667 0.24389 0.017223333333333334 0.02889
46 0.26638999999999996 0.24361000000000002 0.018333333333333333 0.030556666666666666
47 0.29333333333333333 0.24389 0.016666666666666666 0.027776666666666665
48 0.3197233333333333 0.24444333333333335 0.01611 0.02666666666666667
49 0.3455566666666667 0.24472333333333332 0.017776666666666666 0.030556666666666666
50 0.37166666666666665 0.24305666666666664 0.016666666666666666 0.030556666666666666
51 0.3994433333333333 0.2425 0.01889 0.030556666666666666
52 0.42277666666666663 0.24166666666666667 0.01889 0.02889
53 0.44889 0.2425 0.016666666666666666 0.028333333333333332
42 0.49833333333333335 0.24166666666666667 0.02 0.027776666666666665
44 0.5247233333333333 0.2402766666666667 0.01611 0.027223333333333335
53 0.5758333333333333 0.23916666666666667 0.017223333333333334 0.028333333333333332
46 0.6011099999999999 0.23833333333333334 0.015556666666666667 0.03
55 0.6530566666666667 0.23805666666666667 0.017223333333333334 0.029443333333333332
56 0.6775 0.2377766666666667 0.01611 0.03
57 0.7033333333333334 0.2375 0.015556666666666667 0.030556666666666666
58 0.7297233333333334 0.23639 0.01611 0.029443333333333332
59 0.7555566666666667 0.2352766666666667 0.017776666666666666 0.025
60 0.7805566666666667 0.2352766666666667 0.02 0.029443333333333332
61 0.80639 0.235 0.019443333333333333 0.027776666666666665
62 0.11071333333333333 0.29047666666666666 0.02238 0.029523333333333332
63 0.13785666666666666 0.28952333333333335 0.019523333333333334 0.029523333333333332
64 0.16428666666666666 0.2897633333333333 0.02 0.03
65 0.19071333333333332 0.2892866666666667 0.019523333333333334 0.02904666666666667
66 0.21762 0.28880999999999996 0.018096666666666667 0.02809666666666667
40 0.27 0.28809666666666667 0.02 0.025713333333333335
40 0.29690333333333335 0.2890466666666667 0.01857 0.024763333333333335
40 0.32214333333333334 0.28762 0.01762 0.02381
54 0.37476333333333334 0.2852366666666667 0.017143333333333333 0.028569999999999998
54 0.4245233333333333 0.28547666666666666 0.01762 0.02809666666666667
54 0.4754766666666667 0.28452333333333335 0.016666666666666666 0.02809666666666667
40 0.11571333333333333 0.3309533333333333 0.02 0.029523333333333332
33 0.14262 0.33 0.01762 0.02762
19 0.16762 0.33 0.01619 0.02762
30 0.19404666666666667 0.32881 0.016666666666666666 0.02809666666666667
47 0.22095333333333333 0.32809666666666665 0.017143333333333333 0.029523333333333332
59 0.27404666666666666 0.32714333333333334 0.015713333333333333 0.02762
56 0.29785666666666666 0.32762 0.015713333333333333 0.02666666666666667
37 0.32428666666666667 0.32714333333333334 0.018096666666666667 0.028569999999999998
39 0.3497633333333333 0.3259533333333333 0.016666666666666666 0.027143333333333335
43 0.375 0.3252366666666667 0.016666666666666666 0.02762
37 0.11881 0.37166666666666665 0.016666666666666666 0.027143333333333335
38 0.14571333333333333 0.37190333333333336 0.018096666666666667 0.02666666666666667
37 0.1971433333333333 0.37023666666666666 0.017143333333333333 0.025236666666666664
38 0.25095333333333336 0.3680966666666666 0.017143333333333333 0.025713333333333335
39 0.30095333333333335 0.36690333333333336 0.01619 0.025236666666666664
41 0.35238 0.36643 0.01619 0.026189999999999998
43 0.40190333333333333 0.3659533333333333 0.017143333333333333 0.025236666666666664
45 0.45261999999999997 0.36523666666666665 0.016666666666666666 0.025713333333333335
46 0.50143 0.3645233333333333 0.015236666666666667 0.02809666666666667
47 0.5509533333333333 0.3630966666666667 0.014286666666666666 0.027143333333333335
48 0.6009533333333333 0.36143 0.015236666666666667 0.024763333333333335
49 0.6511899999999999 0.3609533333333333 0.01381 0.028569999999999998
50 0.7007133333333333 0.36 0.016666666666666666 0.025713333333333335
51 0.7523799999999999 0.3580966666666667 0.02 0.02666666666666667
52 0.8011900000000001 0.35738000000000003 0.016666666666666666 0.026189999999999998
53 0.12285666666666667 0.4140466666666667 0.018096666666666667 0.027143333333333335
42 0.17547666666666664 0.4104766666666667 0.01762 0.024763333333333335
44 0.20190333333333335 0.4104766666666667 0.02 0.02666666666666667
53 0.2528566666666667 0.4095233333333333 0.017143333333333333 0.02666666666666667
46 0.27904666666666667 0.4090466666666667 0.018096666666666667 0.02762
55 0.32952333333333333 0.40809666666666666 0.018096666666666667 0.029523333333333332
56 0.37976333333333334 0.40714333333333336 0.016666666666666666 0.025713333333333335
57 0.4280966666666667 0.40619 0.015236666666666667 0.02666666666666667
58 0.47762 0.40571333333333337 0.017143333333333333 0.02381
59 0.5261899999999999 0.4054766666666667 0.01619 0.026189999999999998
60 0.5754766666666666 0.40262 0.015713333333333333 0.025236666666666664
61 0.62381 0.40238 0.01619 0.025713333333333335
62 0.6742866666666666 0.40166666666666667 0.013333333333333334 0.025236666666666664
63 0.7252366666666666 0.3990466666666667 0.01619 0.02666666666666667
65 0.12904666666666667 0.45309666666666665 0.02 0.024286666666666668
66 0.18071333333333334 0.45119 0.01857 0.027143333333333335
40 0.13476333333333335 0.48976333333333333 0.017143333333333333 0.025236666666666664
24 0.15833333333333333 0.4895233333333333 0.01762 0.025713333333333335
19 0.1852366666666667 0.48833333333333334 0.017143333333333333 0.02809666666666667
53 0.23571333333333333 0.48690333333333335 0.018096666666666667 0.027143333333333335
61 0.25976333333333335 0.4859533333333333 0.01857 0.026189999999999998
52 0.2847633333333333 0.48381 0.017143333333333333 0.025713333333333335
38 0.3095233333333334 0.48381 0.017143333333333333 0.025713333333333335
43 0.3342866666666667 0.4830966666666667 0.017143333333333333 0.025236666666666664
58 0.35833333333333334 0.48285666666666666 0.015713333333333333 0.02762
59 0.3828566666666666 0.48238000000000003 0.01619 0.025713333333333335
54 0.14562666666666665 0.5652066666666666 0.01625 0.025416666666666667
54 0.21625 0.5620833333333334 0.015833333333333335 0.025833333333333333
54 0.29 0.5604166666666667 0.015 0.025833333333333333
54 0.33771 0.5591666666666667 0.015416666666666667 0.025833333333333333
54 0.40875 0.55875 0.016666666666666666 0.02666666666666667
54 0.4816666666666667 0.5568733333333333 0.015 0.02375
54 0.5522933333333334 0.5566666666666666 0.015416666666666667 0.025833333333333333
54 0.6247933333333334 0.5554166666666667 0.015416666666666667 0.025
54 0.69896 0.5556233333333332 0.017916666666666668 0.025416666666666667
54 0.7722933333333334 0.5545833333333333 0.015416666666666667 0.025833333333333333
54 0.15 0.6375 0.016666666666666666 0.025
54 0.21833333333333332 0.6368733333333333 0.016666666666666666 0.02625
54 0.29 0.6370833333333333 0.016666666666666666 0.024166666666666666
54 0.3610433333333334 0.6354166666666666 0.015416666666666667 0.025833333333333333
54 0.43375 0.6331233333333333 0.015833333333333335 0.025416666666666667
54 0.5045833333333334 0.6329166666666667 0.015833333333333335 0.025833333333333333
54 0.57875 0.6314566666666667 0.015833333333333335 0.027083333333333334
54 0.6508333333333334 0.6314566666666667 0.016666666666666666 0.02625
54 0.72521 0.6302066666666666 0.015416666666666667 0.02375
54 0.14958333333333335 0.6758333333333333 0.015833333333333335 0.024166666666666666
0 0.16875 0.5639566666666667 0.016666666666666666 0.027083333333333334
1 0.24146 0.5614566666666666 0.01625 0.027083333333333334
2 0.31271 0.5591666666666667 0.015416666666666667 0.025
3 0.3610433333333334 0.5591666666666667 0.01625 0.024166666666666666
4 0.4310433333333334 0.5579166666666666 0.01625 0.025
5 0.5039600000000001 0.55729 0.015416666666666667 0.025416666666666667
6 0.5758333333333333 0.5570833333333334 0.014166666666666666 0.025833333333333333
7 0.6493766666666667 0.55479 0.01375 0.02375
8 0.7233333333333334 0.555 0.015 0.025
9 0.7981266666666667 0.55479 0.015416666666666667 0.025416666666666667
1 0.1725 0.6375 0.015 0.024166666666666666
3 0.24229333333333333 0.6368733333333333 0.015416666666666667 0.025416666666666667
4 0.31354333333333334 0.6352066666666666 0.01375 0.02375
2 0.3847933333333334 0.6354166666666666 0.015416666666666667 0.025
5 0.4575 0.6329166666666667 0.016666666666666666 0.024166666666666666
6 0.5297933333333333 0.6320833333333333 0.017083333333333332 0.025833333333333333
7 0.6016666666666667 0.6306233333333333 0.016666666666666666 0.027916666666666666
8 0.67396 0.6308333333333334 0.015416666666666667 0.02666666666666667
9 0.7483333333333333 0.6304166666666666 0.015 0.023333333333333334
0 0.17325 0.6760833333333334 0.014833333333333334 0.0255
52 0.1475 0.79 0.0175 0.025833333333333333
37 0.17041666666666666 0.7902100000000001 0.015833333333333335 0.027083333333333334
46 0.19458333333333333 0.7904166666666667 0.015833333333333335 0.028333333333333332
37 0.21625 0.7906266666666667 0.0175 0.027083333333333334
53 0.24083333333333334 0.7920833333333334 0.015833333333333335 0.025833333333333333
41 0.26458333333333334 0.79146 0.0175 0.02625
37 0.2891666666666667 0.79125 0.018333333333333333 0.02666666666666667
53 0.31416666666666665 0.7908333333333334 0.016666666666666666 0.025833333333333333
46 0.33791666666666664 0.7906266666666667 0.016666666666666666 0.027083333333333334
61 0.38625 0.79 0.018333333333333333 0.02666666666666667
52 0.41104333333333337 0.78896 0.01625 0.027083333333333334
37 0.4360433333333334 0.78896 0.01625 0.024583333333333332
46 0.4593766666666667 0.7885433333333334 0.015416666666666667 0.025416666666666667
37 0.48375 0.7881266666666668 0.015 0.027916666666666666
59 0.5322933333333334 0.7866666666666666 0.01625 0.025833333333333333
37 0.5547933333333334 0.7856266666666667 0.014583333333333334 0.025416666666666667
48 0.6043766666666667 0.78646 0.015416666666666667 0.02625
53 0.6281266666666667 0.7856266666666667 0.015416666666666667 0.027916666666666666
65 0.6518766666666667 0.7854166666666667 0.01875 0.02666666666666667
55 0.6756266666666667 0.7847933333333333 0.015416666666666667 0.027083333333333334
50 0.14791666666666667 0.8297933333333334 0.015 0.02625
61 0.17208333333333334 0.8308333333333333 0.0175 0.025833333333333333
52 0.19541666666666666 0.8310433333333334 0.016666666666666666 0.027083333333333334
61 0.21937666666666666 0.8297933333333334 0.017083333333333332 0.02625
59 0.24375 0.8293766666666667 0.018333333333333333 0.025416666666666667
60 0.26771 0.8293766666666667 0.015416666666666667 0.027083333333333334
37 0.29021 0.82875 0.01625 0.025
50 0.33958333333333335 0.8285433333333334 0.016666666666666666 0.025416666666666667
37 0.36375 0.8277100000000001 0.0175 0.025416666666666667
65 0.38771000000000005 0.8283333333333334 0.017083333333333332 0.025833333333333333
55 0.41104333333333337 0.8279166666666666 0.01625 0.02666666666666667