53 0.283203125 0.14013671875 0.03564453125 0.05859375
55 0.33349609375 0.13916015625 0.0361328125 0.0537109375
59 0.43359375 0.1396484375 0.0322265625 0.056640625
56 0.48291015625 0.140625 0.03076171875 0.05419921875
37 0.53515625 0.14208984375 0.03662109375 0.05908203125
39 0.5810546875 0.142578125 0.03369140625 0.0595703125
49 0.29345703125 0.302734375 0.02880859375 0.0517578125
43 0.6318359375 0.142578125 0.033203125 0.0615234375
50 0.34033203125 0.30322265625 0.0283203125 0.05322265625
52 0.4345703125 0.30322265625 0.03173828125 0.05126953125
53 0.4814453125 0.30322265625 0.0322265625 0.0517578125
42 0.57373046875 0.30419921875 0.0341796875 0.0517578125
44 0.6240234375 0.3046875 0.03076171875 0.05029296875
53 0.71875 0.30419921875 0.0322265625 0.0537109375
46 0.7666015625 0.3056640625 0.02880859375 0.05322265625
55 0.86181640625 0.30712890625 0.03076171875 0.05126953125
54 0.34619140625 0.37890625 0.0302734375 0.04931640625
54 0.43798828125 0.38037109375 0.02978515625 0.0498046875
54 0.52880859375 0.38232421875 0.02978515625 0.04443359375
39 0.3017578125 0.4462890625 0.0341796875 0.0458984375
43 0.345703125 0.44580078125 0.03076171875 0.04638671875
41 0.30419921875 0.51611328125 0.0322265625 0.0458984375
43 0.39208984375 0.517578125 0.0302734375 0.0458984375
45 0.48095703125 0.51611328125 0.03076171875 0.04638671875
46 0.5693359375 0.51904296875 0.03076171875 0.04638671875
47 0.66015625 0.52099609375 0.0302734375 0.05126953125
48 0.7490234375 0.521484375 0.0302734375 0.04833984375
49 0.8408203125 0.525390625 0.03076171875 0.05126953125
55 0.26416015625 0.58349609375 0.0322265625 0.04638671875
56 0.3525390625 0.58447265625 0.03173828125 0.046875
57 0.4384765625 0.5869140625 0.03076171875 0.046875
58 0.5234375 0.5849609375 0.03076171875 0.04443359375
59 0.611328125 0.58984375 0.03173828125 0.0458984375
60 0.70068359375 0.591796875 0.0322265625 0.044921875
61 0.78759765625 0.59375 0.03271484375 0.04833984375
62 0.8759765625 0.595703125 0.03173828125 0.04833984375
59 0.18505859375 0.14208984375 0.03564453125 0.05859375
58 0.1357421875 0.14013671875 0.03564453125 0.05859375
43 0.0849609375 0.13818359375 0.03564453125 0.05859375
60 0.03857421875 0.14013671875 0.03564453125 0.05859375
51 0.38671875 0.302734375 0.0302734375 0.05322265625
43 0.05517578125 0.29931640625 0.03515625 0.05224609375
45 0.10107421875 0.29931640625 0.03515625 0.05224609375
46 0.1494140625 0.2998046875 0.03515625 0.05224609375
47 0.19580078125 0.2978515625 0.03515625 0.05224609375
65 0.01806640625 0.3779296875 0.03515625 0.05224609375
48 0.24658203125 0.29931640625 0.03515625 0.05224609375
66 0.06591796875 0.3779296875 0.03515625 0.05224609375
40 0.1611328125 0.37939453125 0.0302734375 0.04931640625
40 0.20556640625 0.37744140625 0.0302734375 0.04931640625
40 0.2529296875 0.37890625 0.0302734375 0.04931640625
60 0.02978515625 0.45068359375 0.03515625 0.05224609375
47 0.0703125 0.44970703125 0.03515625 0.05224609375
47 0.0703125 0.44970703125 0.03515625 0.05224609375
59 0.1640625 0.44970703125 0.03515625 0.05224609375
56 0.20849609375 0.44677734375 0.03515625 0.05224609375
37 0.25634765625 0.447265625 0.03515625 0.05224609375
37 0.0380859375 0.51904296875 0.03515625 0.05224609375
38 0.125 0.51806640625 0.03515625 0.05224609375
39 0.2138671875 0.5185546875 0.03515625 0.05224609375
46 0.17919921875 0.58642578125 0.03515625 0.05224609375
53 0.1337890625 0.58544921875 0.03515625 0.05224609375
46 0.04833984375 0.58544921875 0.03515625 0.05224609375
56 0.91015625 0.3056640625 0.03076171875 0.05126953125
57 0.95703125 0.30810546875 0.03076171875 0.05126953125
50 0.92919921875 0.52392578125 0.03076171875 0.05126953125
63 0.9677734375 0.59521484375 0.03076171875 0.05126953125
53 0.10546875 0.70556640625 0.0302734375 0.044921875
61 0.1474609375 0.7041015625 0.0302734375 0.044921875
52 0.18701171875 0.705078125 0.0302734375 0.044921875
38 0.22802734375 0.70556640625 0.0302734375 0.044921875
43 0.27099609375 0.70556640625 0.0302734375 0.044921875
58 0.31298828125 0.7080078125 0.0302734375 0.044921875
59 0.35595703125 0.708984375 0.0302734375 0.044921875
54 0.0771484375 0.8271484375 0.02783203125 0.0419921875
54 0.1953125 0.8330078125 0.02783203125 0.0419921875
54 0.27783203125 0.83544921875 0.02783203125 0.0419921875
54 0.39697265625 0.84033203125 0.02783203125 0.0419921875
54 0.52294921875 0.8447265625 0.02783203125 0.0419921875
54 0.64794921875 0.84716796875 0.02783203125 0.0419921875
54 0.7724609375 0.85009765625 0.02783203125 0.0419921875
54 0.89794921875 0.8505859375 0.02783203125 0.0419921875
54 0.92919921875 0.9697265625 0.02783203125 0.0419921875
54 0.80712890625 0.970703125 0.02783203125 0.0419921875
54 0.68505859375 0.96728515625 0.02783203125 0.0419921875
54 0.560546875 0.96875 0.02783203125 0.0419921875
54 0.43994140625 0.96337890625 0.02783203125 0.0419921875
54 0.31787109375 0.9619140625 0.02783203125 0.0419921875
54 0.19580078125 0.9580078125 0.02783203125 0.0419921875
54 0.0810546875 0.94970703125 0.02783203125 0.0419921875
1 0.11376953125 0.8271484375 0.02783203125 0.0419921875
2 0.234375 0.8330078125 0.02783203125 0.0419921875
3 0.31640625 0.83642578125 0.02783203125 0.0419921875
4 0.4384765625 0.83837890625 0.02783203125 0.0419921875
5 0.56298828125 0.84326171875 0.02783203125 0.0419921875
6 0.69091796875 0.8447265625 0.02783203125 0.0419921875
7 0.814453125 0.84765625 0.02783203125 0.0419921875
8 0.9384765625 0.85205078125 0.02783203125 0.0419921875
3 0.11767578125 0.95068359375 0.02783203125 0.0419921875
4 0.236328125 0.95703125 0.02783203125 0.0419921875
2 0.35693359375 0.96142578125 0.02783203125 0.0419921875
5 0.4775390625 0.96533203125 0.02783203125 0.0419921875
6 0.6025390625 0.96875 0.02783203125 0.0419921875
7 0.7255859375 0.9697265625 0.02783203125 0.0419921875
8 0.84912109375 0.9697265625 0.02783203125 0.0419921875
9 0.97119140625 0.97119140625 0.02783203125 0.0419921875