54 0.03662109375 0.068115234375 0.04638671875 0.07470703125
5 0.10498046875 0.067138671875 0.04736328125 0.07373046875
54 0.24267578125 0.064453125 0.04296875 0.0771484375
54 0.45703125 0.062255859375 0.04736328125 0.072265625
54 0.66796875 0.0634765625 0.04443359375 0.072265625
54 0.8740234375 0.067626953125 0.04296875 0.0703125
6 0.318359375 0.06494140625 0.041015625 0.0732421875
7 0.52490234375 0.058837890625 0.04296875 0.0693359375
8 0.732421875 0.065185546875 0.03955078125 0.06982421875
9 0.93603515625 0.0703125 0.03857421875 0.06640625
46 0.08740234375 0.51708984375 0.03955078125 0.07861328125
37 0.1611328125 0.51025390625 0.04248046875 0.07275390625
59 0.3115234375 0.510009765625 0.0498046875 0.0732421875
37 0.38720703125 0.508544921875 0.0419921875 0.07275390625
48 0.53564453125 0.509033203125 0.048828125 0.07666015625
53 0.60986328125 0.507568359375 0.044921875 0.076171875
65 0.68408203125 0.5048828125 0.0478515625 0.07666015625
55 0.7568359375 0.50390625 0.04931640625 0.076171875