60 0.3095703125 0.0791015625 0.0439453125 0.06591796875
40 0.12548828125 0.0791015625 0.0439453125 0.06591796875
22 0.18701171875 0.080078125 0.0439453125 0.06591796875
43 0.24658203125 0.078125 0.0439453125 0.06591796875
60 0.3701171875 0.0771484375 0.0439453125 0.06591796875
43 0.43212890625 0.0771484375 0.0439453125 0.06591796875
58 0.4921875 0.08203125 0.0439453125 0.06591796875
59 0.55517578125 0.08056640625 0.0439453125 0.06591796875
53 0.677734375 0.0830078125 0.0439453125 0.06591796875
55 0.73876953125 0.0849609375 0.0439453125 0.06591796875
59 0.8603515625 0.09130859375 0.0439453125 0.06591796875
56 0.92236328125 0.09130859375 0.0439453125 0.06591796875
37 0.98046875 0.09326171875 0.03857421875 0.06494140625
37 0.12060546875 0.27001953125 0.0439453125 0.06591796875
38 0.18115234375 0.2724609375 0.0439453125 0.06591796875
39 0.24462890625 0.2734375 0.0439453125 0.06591796875
41 0.30615234375 0.275390625 0.0439453125 0.06591796875
43 0.3623046875 0.2763671875 0.0439453125 0.06591796875
45 0.42626953125 0.27685546875 0.0439453125 0.06591796875
62 0.11865234375 0.37353515625 0.0439453125 0.06591796875
64 0.23974609375 0.37646484375 0.0439453125 0.06591796875
63 0.17919921875 0.373046875 0.0439453125 0.06591796875
65 0.30126953125 0.37548828125 0.0439453125 0.06591796875
66 0.3623046875 0.37939453125 0.0439453125 0.06591796875
40 0.1162109375 0.4716796875 0.0439453125 0.06591796875
33 0.1748046875 0.47021484375 0.0439453125 0.06591796875
48 0.23486328125 0.46826171875 0.0439453125 0.06591796875
47 0.35986328125 0.4736328125 0.0439453125 0.06591796875
37 0.11083984375 0.56787109375 0.0439453125 0.06591796875
38 0.16748046875 0.5712890625 0.0439453125 0.06591796875
37 0.29443359375 0.5693359375 0.0439453125 0.06591796875
38 0.4169921875 0.57177734375 0.0439453125 0.06591796875
53 0.107421875 0.66943359375 0.0439453125 0.06591796875
42 0.23046875 0.66845703125 0.0439453125 0.06591796875
44 0.2919921875 0.67333984375 0.04638671875 0.06689453125
65 0.107421875 0.76953125 0.04638671875 0.06689453125
66 0.2294921875 0.77392578125 0.04638671875 0.06689453125
40 0.1064453125 0.86376953125 0.04638671875 0.06689453125
24 0.16552734375 0.86572265625 0.04638671875 0.06689453125
48 0.22998046875 0.86181640625 0.04638671875 0.06689453125
53 0.3515625 0.8720703125 0.04638671875 0.06689453125
61 0.40966796875 0.873046875 0.04638671875 0.06689453125
52 0.4755859375 0.8740234375 0.04638671875 0.06689453125
38 0.53466796875 0.8759765625 0.04638671875 0.06689453125
53 0.4150390625 0.6767578125 0.04638671875 0.06689453125
46 0.47998046875 0.67578125 0.04638671875 0.06689453125
43 0.59814453125 0.87744140625 0.04638671875 0.06689453125
58 0.66162109375 0.8798828125 0.04638671875 0.06689453125
59 0.72412109375 0.8798828125 0.04638671875 0.06689453125
55 0.6025390625 0.6806640625 0.04638671875 0.06689453125
56 0.7275390625 0.68505859375 0.04638671875 0.06689453125
57 0.85205078125 0.6865234375 0.04638671875 0.06689453125
43 0.7939453125 0.58251953125 0.04638671875 0.06689453125
58 0.97265625 0.6904296875 0.04638671875 0.06689453125
41 0.66845703125 0.5810546875 0.04638671875 0.06689453125
39 0.54052734375 0.57763671875 0.04638671875 0.06689453125
59 0.48291015625 0.4765625 0.04833984375 0.06689453125
56 0.544921875 0.47705078125 0.04833984375 0.06689453125
37 0.6083984375 0.47705078125 0.04833984375 0.06689453125
39 0.6708984375 0.478515625 0.04833984375 0.06689453125
46 0.490234375 0.2802734375 0.0439453125 0.06591796875
47 0.55078125 0.27880859375 0.0439453125 0.06591796875
48 0.61328125 0.28125 0.0439453125 0.06591796875
40 0.48486328125 0.38427734375 0.0439453125 0.06591796875
40 0.55078125 0.38232421875 0.0439453125 0.06591796875
40 0.611328125 0.38427734375 0.0439453125 0.06591796875
54 0.73681640625 0.39013671875 0.0439453125 0.06591796875
54 0.8623046875 0.3916015625 0.0439453125 0.06591796875
53 0.923828125 0.2919921875 0.0439453125 0.06591796875
52 0.861328125 0.2861328125 0.0439453125 0.06591796875
51 0.80078125 0.28662109375 0.0439453125 0.06591796875
50 0.7373046875 0.28515625 0.0439453125 0.06591796875
49 0.6748046875 0.2822265625 0.0439453125 0.06591796875
60 0.2958984375 0.47265625 0.0439453125 0.06591796875
43 0.734375 0.4775390625 0.04833984375 0.06689453125
45 0.91748046875 0.5849609375 0.04638671875 0.06689453125