54 0.05859375 0.156005859375 0.0556640625 0.07861328125
5 0.1162109375 0.154052734375 0.0556640625 0.07861328125
54 0.23046875 0.155029296875 0.0556640625 0.07861328125
6 0.29345703125 0.152099609375 0.0556640625 0.07861328125
54 0.4052734375 0.15771484375 0.0556640625 0.07861328125
7 0.4677734375 0.155029296875 0.0556640625 0.07861328125
54 0.583984375 0.154296875 0.0556640625 0.07861328125
8 0.646484375 0.152587890625 0.0556640625 0.07861328125
54 0.76513671875 0.15869140625 0.0556640625 0.07861328125
9 0.82666015625 0.1552734375 0.0556640625 0.07861328125
55 0.639404296875 0.528564453125 0.0556640625 0.07861328125
65 0.579345703125 0.52587890625 0.0556640625 0.07861328125
53 0.523681640625 0.52685546875 0.04736328125 0.07763671875
48 0.466064453125 0.524658203125 0.05029296875 0.07763671875
59 0.301025390625 0.525634765625 0.05029296875 0.07763671875
37 0.355712890625 0.52392578125 0.05029296875 0.07763671875
46 0.128662109375 0.529052734375 0.05029296875 0.07763671875
37 0.187744140625 0.52880859375 0.05029296875 0.07763671875
37 0.073974609375 0.5283203125 0.05029296875 0.07763671875