54 0.13916015625 0.37353515625 0.02685546875 0.03955078125
33 0.13916015625 0.37353515625 0.02685546875 0.03955078125
48 0.1708984375 0.37353515625 0.02685546875 0.03955078125
60 0.2041015625 0.373046875 0.0263671875 0.03955078125
54 0.107421875 0.3740234375 0.0263671875 0.03955078125
40 0.107421875 0.3740234375 0.0263671875 0.03955078125
63 0.13525390625 0.32421875 0.0263671875 0.03955078125
62 0.1005859375 0.32275390625 0.0263671875 0.03955078125
64 0.1669921875 0.32275390625 0.0263671875 0.03955078125
65 0.1982421875 0.32373046875 0.0263671875 0.03955078125
66 0.23388671875 0.322265625 0.0263671875 0.03955078125
37 0.09228515625 0.26806640625 0.0263671875 0.03955078125
38 0.1259765625 0.26708984375 0.0263671875 0.03955078125
39 0.15966796875 0.2666015625 0.0263671875 0.03955078125
41 0.19482421875 0.267578125 0.0263671875 0.03955078125
43 0.22705078125 0.2666015625 0.0263671875 0.03955078125
45 0.26025390625 0.26513671875 0.0263671875 0.03955078125
46 0.29638671875 0.26708984375 0.0263671875 0.03955078125
47 0.32958984375 0.2685546875 0.0263671875 0.03955078125
48 0.361328125 0.267578125 0.0263671875 0.03955078125
49 0.3955078125 0.26708984375 0.0263671875 0.03955078125
50 0.42724609375 0.26904296875 0.0263671875 0.03955078125
51 0.4619140625 0.26904296875 0.02685546875 0.04150390625
52 0.49560546875 0.27001953125 0.02685546875 0.04150390625
53 0.52734375 0.26904296875 0.02685546875 0.04150390625
42 0.59521484375 0.26953125 0.02685546875 0.04150390625
44 0.62841796875 0.26953125 0.02685546875 0.04150390625
53 0.6943359375 0.2685546875 0.02685546875 0.04150390625
46 0.7294921875 0.26904296875 0.02685546875 0.04150390625
55 0.79541015625 0.26953125 0.02685546875 0.04150390625
56 0.82958984375 0.27001953125 0.02685546875 0.04150390625
57 0.86376953125 0.27001953125 0.02685546875 0.04150390625
58 0.8974609375 0.27001953125 0.02685546875 0.04150390625
59 0.93212890625 0.2705078125 0.02685546875 0.04150390625
60 0.966796875 0.27099609375 0.02685546875 0.04150390625
47 0.2353515625 0.37255859375 0.0263671875 0.03955078125
37 0.111328125 0.42578125 0.0263671875 0.03955078125
38 0.1435546875 0.42626953125 0.0263671875 0.03955078125
37 0.20947265625 0.42333984375 0.0263671875 0.03955078125
38 0.27392578125 0.42529296875 0.0263671875 0.03955078125
39 0.3369140625 0.423828125 0.0263671875 0.03955078125
59 0.302734375 0.37451171875 0.0263671875 0.03955078125
56 0.333984375 0.373046875 0.0263671875 0.03955078125
37 0.36669921875 0.37353515625 0.0263671875 0.03955078125
40 0.298828125 0.32421875 0.0263671875 0.03955078125
40 0.33203125 0.32275390625 0.0263671875 0.03955078125
40 0.365234375 0.32275390625 0.0263671875 0.03955078125
54 0.43115234375 0.32373046875 0.0263671875 0.03955078125
39 0.3994140625 0.3740234375 0.0263671875 0.03955078125
43 0.431640625 0.373046875 0.0263671875 0.03955078125
41 0.39990234375 0.423828125 0.0263671875 0.03955078125
43 0.462890625 0.42333984375 0.0263671875 0.03955078125
54 0.4951171875 0.32373046875 0.0263671875 0.03955078125
54 0.56005859375 0.32470703125 0.0263671875 0.03955078125
45 0.52734375 0.423828125 0.0263671875 0.03955078125
46 0.587890625 0.4248046875 0.0263671875 0.03955078125
47 0.654296875 0.42529296875 0.0263671875 0.03955078125
48 0.7177734375 0.42529296875 0.0263671875 0.03955078125
49 0.7822265625 0.42626953125 0.0263671875 0.03955078125
50 0.84765625 0.427734375 0.0263671875 0.03955078125
51 0.91259765625 0.4296875 0.0263671875 0.03955078125
52 0.98193359375 0.4306640625 0.0263671875 0.03955078125
63 0.8759765625 0.47802734375 0.0263671875 0.03955078125
62 0.80859375 0.4775390625 0.0263671875 0.03955078125
61 0.744140625 0.47802734375 0.0263671875 0.03955078125
60 0.68017578125 0.4755859375 0.0263671875 0.03955078125
58 0.556640625 0.4736328125 0.0263671875 0.03955078125
57 0.494140625 0.47314453125 0.0263671875 0.03955078125
56 0.43408203125 0.4736328125 0.0263671875 0.03955078125
55 0.37060546875 0.47265625 0.0263671875 0.03955078125
46 0.3095703125 0.4736328125 0.0263671875 0.03955078125
53 0.2763671875 0.47314453125 0.0263671875 0.03955078125
42 0.1826171875 0.474609375 0.0263671875 0.03955078125
44 0.21435546875 0.47314453125 0.0263671875 0.03955078125
53 0.1171875 0.474609375 0.0263671875 0.03955078125
65 0.12451171875 0.52099609375 0.0263671875 0.03955078125
66 0.18603515625 0.5205078125 0.0263671875 0.03955078125
40 0.130859375 0.56298828125 0.0263671875 0.03955078125
24 0.16064453125 0.564453125 0.0263671875 0.03955078125
48 0.19189453125 0.564453125 0.0263671875 0.03955078125
54 0.14453125 0.65234375 0.02294921875 0.03271484375
53 0.25390625 0.56103515625 0.02392578125 0.0380859375
61 0.28369140625 0.56201171875 0.02392578125 0.0380859375
52 0.31396484375 0.5615234375 0.02392578125 0.0380859375
38 0.345703125 0.56396484375 0.02392578125 0.0380859375
0 0.1728515625 0.650390625 0.02294921875 0.03271484375
54 0.2314453125 0.6513671875 0.02294921875 0.03271484375
1 0.259765625 0.65087890625 0.02294921875 0.03271484375
54 0.318359375 0.6513671875 0.02294921875 0.03271484375
2 0.34716796875 0.65087890625 0.02294921875 0.03271484375
54 0.376953125 0.65087890625 0.02294921875 0.03271484375
54 0.15234375 0.7314453125 0.02294921875 0.03271484375
1 0.18017578125 0.73193359375 0.02294921875 0.03271484375
54 0.1552734375 0.77490234375 0.02294921875 0.03271484375
0 0.18310546875 0.77685546875 0.02294921875 0.03271484375
54 0.236328125 0.73388671875 0.0224609375 0.03271484375
3 0.263671875 0.7353515625 0.0224609375 0.03271484375
54 0.322265625 0.73876953125 0.0224609375 0.03271484375
4 0.349609375 0.73779296875 0.0224609375 0.03271484375
54 0.40625 0.74267578125 0.0224609375 0.03271484375
2 0.4345703125 0.74169921875 0.0224609375 0.03271484375
54 0.49169921875 0.7451171875 0.0224609375 0.03271484375
5 0.5224609375 0.7451171875 0.0224609375 0.03271484375
54 0.5810546875 0.75048828125 0.0224609375 0.03271484375
6 0.611328125 0.74853515625 0.0224609375 0.03271484375
54 0.55224609375 0.6591796875 0.0224609375 0.03271484375
5 0.58203125 0.658203125 0.0224609375 0.03271484375
54 0.64453125 0.662109375 0.0244140625 0.03515625
6 0.67431640625 0.66162109375 0.0244140625 0.03515625
54 0.66943359375 0.75439453125 0.0244140625 0.03515625
7 0.701171875 0.75341796875 0.0244140625 0.03515625
54 0.76220703125 0.7587890625 0.0244140625 0.03515625
8 0.7919921875 0.7587890625 0.0244140625 0.03515625
54 0.73486328125 0.6669921875 0.0244140625 0.03515625
7 0.7666015625 0.666015625 0.0244140625 0.03515625
54 0.82958984375 0.6708984375 0.0244140625 0.03515625
8 0.859375 0.66796875 0.0244140625 0.03515625
54 0.9228515625 0.67236328125 0.02734375 0.0380859375
9 0.95458984375 0.671875 0.02734375 0.0380859375
54 0.853515625 0.7607421875 0.02685546875 0.03759765625
9 0.88720703125 0.76171875 0.02685546875 0.03759765625
52 0.14697265625 0.91259765625 0.02294921875 0.03271484375
37 0.1787109375 0.91357421875 0.02294921875 0.03271484375
50 0.1455078125 0.95947265625 0.02294921875 0.03271484375
61 0.17529296875 0.96044921875 0.02294921875 0.03271484375
46 0.20458984375 0.91357421875 0.02294921875 0.03271484375
52 0.203125 0.96240234375 0.02294921875 0.03271484375
37 0.23291015625 0.91552734375 0.02294921875 0.03271484375
61 0.23095703125 0.96337890625 0.02294921875 0.03271484375
53 0.2587890625 0.9169921875 0.02294921875 0.03271484375
59 0.2578125 0.96533203125 0.02294921875 0.03271484375
60 0.28759765625 0.96728515625 0.02294921875 0.03271484375
37 0.314453125 0.96728515625 0.02294921875 0.03271484375
41 0.2880859375 0.91796875 0.02294921875 0.03271484375
37 0.318359375 0.919921875 0.02294921875 0.03271484375
53 0.34423828125 0.9208984375 0.02294921875 0.03271484375
37 0.40185546875 0.97119140625 0.02294921875 0.03271484375
46 0.3740234375 0.921875 0.02294921875 0.03271484375
50 0.37353515625 0.970703125 0.02294921875 0.03271484375
65 0.4306640625 0.9736328125 0.02490234375 0.03369140625
55 0.46044921875 0.974609375 0.02490234375 0.03369140625
61 0.431640625 0.9267578125 0.02490234375 0.03369140625
52 0.4609375 0.92626953125 0.02490234375 0.03369140625
37 0.4921875 0.927734375 0.02490234375 0.03369140625
46 0.52099609375 0.92919921875 0.02490234375 0.03369140625
37 0.55078125 0.93017578125 0.02490234375 0.03369140625
59 0.60693359375 0.93310546875 0.02490234375 0.03369140625
37 0.6376953125 0.93310546875 0.02490234375 0.03369140625
48 0.6953125 0.93798828125 0.02490234375 0.03369140625
53 0.72607421875 0.9384765625 0.02490234375 0.03369140625
65 0.75537109375 0.94384765625 0.02490234375 0.03369140625
55 0.78515625 0.943359375 0.02490234375 0.03369140625
54 0.46533203125 0.6572265625 0.0224609375 0.03271484375
4 0.4931640625 0.65576171875 0.0224609375 0.03271484375
3 0.40673828125 0.64990234375 0.0224609375 0.03271484375
43 0.37548828125 0.56201171875 0.0224609375 0.03271484375
58 0.4052734375 0.56201171875 0.0224609375 0.03271484375
59 0.4345703125 0.5634765625 0.0224609375 0.03271484375
22 0.11474609375 0.154296875 0.0302734375 0.03955078125
43 0.14990234375 0.15380859375 0.0302734375 0.0419921875
60 0.1845703125 0.15576171875 0.0283203125 0.0419921875
60 0.21923828125 0.154296875 0.0283203125 0.0419921875
43 0.25244140625 0.15283203125 0.0283203125 0.0419921875
58 0.287109375 0.15283203125 0.0283203125 0.0419921875
59 0.3232421875 0.15283203125 0.0283203125 0.0419921875
53 0.39013671875 0.154296875 0.0283203125 0.0419921875
55 0.42578125 0.15234375 0.0283203125 0.0419921875
59 0.494140625 0.15283203125 0.0283203125 0.0419921875
56 0.52978515625 0.15234375 0.0283203125 0.0419921875
37 0.5625 0.15283203125 0.0283203125 0.0419921875
39 0.5986328125 0.15185546875 0.0283203125 0.0419921875
43 0.6337890625 0.15283203125 0.0283203125 0.0419921875
40 0.0830078125 0.15576171875 0.0302734375 0.03955078125
59 0.61767578125 0.47314453125 0.0263671875 0.03955078125