22 0.11921666666666667 0.13664666666666667 0.032766666666666666 0.04773
40 0.08118333333333334 0.13781666666666667 0.032766666666666666 0.04773
43 0.15286 0.13547333333333333 0.0275 0.04773
60 0.19030666666666665 0.13547333333333333 0.0275 0.04773
43 0.26052 0.13664333333333334 0.0275 0.04773
60 0.22482666666666667 0.13547333333333333 0.0275 0.04773
58 0.29738333333333333 0.13664333333333334 0.0275 0.04773
59 0.33366 0.13488666666666668 0.0275 0.04773
53 0.4032866666666666 0.13547333333333333 0.0275 0.04773
55 0.43956333333333336 0.13430333333333333 0.0275 0.04773
59 0.5103633333333333 0.13313333333333333 0.0275 0.04773
56 0.54547 0.13430333333333333 0.0275 0.04773
37 0.5817466666666666 0.13781666666666667 0.0275 0.04773
39 0.6180233333333333 0.13723 0.0275 0.04773
43 0.65079 0.13664333333333334 0.0275 0.04773
39 0.16485333333333332 0.25725333333333333 0.024576666666666667 0.041876666666666666
38 0.12741 0.25842333333333334 0.02340333333333333 0.04421666666666667
37 0.09083666666666666 0.25842333333333334 0.02399 0.04421666666666667
41 0.19967 0.25725 0.02399 0.041876666666666666
45 0.26842 0.25666333333333335 0.02340333333333333 0.043046666666666664
43 0.23419 0.25637333333333334 0.025160000000000002 0.04129
46 0.30382000000000003 0.25725 0.02633 0.043046666666666664
47 0.33951333333333333 0.25461666666666666 0.027503333333333334 0.04246
48 0.37403333333333333 0.25666333333333335 0.028673333333333332 0.041876666666666666
49 0.40914 0.25608000000000003 0.027503333333333334 0.043046666666666664
50 0.44454333333333335 0.25432333333333335 0.026916666666666665 0.043046666666666664
51 0.47935666666666665 0.25520333333333334 0.027503333333333334 0.04129
52 0.5115366666666666 0.25520333333333334 0.027503333333333334 0.04129
53 0.5443033333333334 0.25403333333333333 0.027503333333333334 0.04129
42 0.6121766666666667 0.2522766666666667 0.027503333333333334 0.04129
44 0.6455266666666667 0.2522766666666667 0.027503333333333334 0.04129
53 0.7128133333333333 0.2522766666666667 0.027503333333333334 0.04129
46 0.7473333333333333 0.25344666666666665 0.027503333333333334 0.04129
55 0.81345 0.25344666666666665 0.027503333333333334 0.04129
56 0.8473866666666666 0.25403333333333333 0.027503333333333334 0.04129
57 0.8824933333333334 0.25344666666666665 0.027503333333333334 0.04129
58 0.9152600000000001 0.25344666666666665 0.027503333333333334 0.04129
59 0.9474400000000001 0.25286000000000003 0.027503333333333334 0.04129
60 0.9802066666666667 0.25169 0.027503333333333334 0.04129
62 0.10137 0.31316666666666665 0.03101 0.04246
63 0.13501333333333335 0.31433666666666665 0.02808333333333333 0.043629999999999995
64 0.17012 0.31375 0.02808333333333333 0.043629999999999995
65 0.20464 0.31375 0.02808333333333333 0.043629999999999995
66 0.24033333333333334 0.31375 0.02808333333333333 0.043629999999999995
40 0.10868333333333334 0.36702666666666667 0.02808333333333333 0.043629999999999995
33 0.14203333333333334 0.3676133333333333 0.02808333333333333 0.043629999999999995
48 0.17363 0.36702666666666667 0.02808333333333333 0.043629999999999995
60 0.20815 0.3676133333333333 0.02808333333333333 0.043629999999999995
47 0.24384333333333333 0.3664433333333333 0.02808333333333333 0.043629999999999995
59 0.31229999999999997 0.36468666666666666 0.02808333333333333 0.043629999999999995
56 0.3450666666666667 0.36439333333333335 0.02808333333333333 0.040703333333333334
37 0.3801733333333333 0.36498 0.02808333333333333 0.040703333333333334
39 0.41294 0.3655666666666667 0.02808333333333333 0.040703333333333334
43 0.4468766666666667 0.3643966666666667 0.02808333333333333 0.040703333333333334
40 0.31054666666666664 0.31229 0.02808333333333333 0.040703333333333334
40 0.3438966666666667 0.31053333333333333 0.02808333333333333 0.040703333333333334
40 0.37783333333333335 0.31053333333333333 0.02808333333333333 0.040703333333333334
54 0.44336666666666663 0.3128766666666667 0.02808333333333333 0.040703333333333334
54 0.5118233333333333 0.31112 0.02808333333333333 0.040703333333333334
54 0.5761866666666666 0.31053333333333333 0.02808333333333333 0.040703333333333334
37 0.11160666666666666 0.42235999999999996 0.02808333333333333 0.040703333333333334
38 0.14495666666666668 0.42118999999999995 0.02808333333333333 0.040703333333333334
37 0.21283 0.42002 0.02808333333333333 0.040703333333333334
38 0.2818733333333333 0.41885 0.02808333333333333 0.040703333333333334
53 0.11804333333333333 0.4738833333333334 0.02808333333333333 0.040703333333333334
42 0.18474666666666667 0.4727133333333334 0.02808333333333333 0.040703333333333334
44 0.21926666666666667 0.4721266666666667 0.02808333333333333 0.040703333333333334
53 0.28567666666666663 0.46715 0.027496666666666666 0.03777666666666667
46 0.3178566666666667 0.46656333333333333 0.027496666666666666 0.03777666666666667
65 0.12564999999999998 0.5236500000000001 0.02808333333333333 0.040703333333333334
66 0.19059666666666666 0.5207233333333333 0.02808333333333333 0.040703333333333334
40 0.13442666666666667 0.5652200000000001 0.02808333333333333 0.040703333333333334
24 0.16368333333333335 0.5658066666666667 0.02808333333333333 0.040703333333333334
48 0.19645 0.5666833333333333 0.025743333333333333 0.03777666666666667
53 0.2599333333333333 0.5625833333333333 0.025156666666666667 0.03543333333333333
61 0.29328333333333334 0.56024 0.025156666666666667 0.03543333333333333
52 0.32315333333333335 0.55989 0.025156666666666667 0.03543333333333333
38 0.3565366666666666 0.5605933333333333 0.025156666666666667 0.03543333333333333
54 0.3303566666666667 0.64885 0.0234 0.03473
2 0.36057666666666666 0.6502566666666667 0.0234 0.03473
43 0.3872833333333333 0.5584833333333333 0.0234 0.03473
54 0.23758666666666667 0.6516633333333334 0.0234 0.03473
1 0.2671033333333333 0.65307 0.0234 0.03473
54 0.14446333333333333 0.6601033333333333 0.024806666666666668 0.03473
0 0.17644 0.6583466666666666 0.024806666666666668 0.03473
54 0.39014333333333334 0.64916 0.0234 0.03473
3 0.42012 0.6493166666666667 0.0234 0.03473
59 0.4491366666666667 0.5567300000000001 0.0234 0.03473
55 0.38316333333333336 0.4657866666666666 0.023946666666666668 0.035826666666666666
39 0.34867 0.4159333333333333 0.023946666666666668 0.035826666666666666
41 0.41273000000000004 0.41264666666666666 0.023946666666666668 0.035826666666666666
43 0.4773366666666667 0.41264666666666666 0.023946666666666668 0.035826666666666666
56 0.44613 0.46524 0.023946666666666668 0.035826666666666666
57 0.5090933333333333 0.46414333333333335 0.023946666666666668 0.035826666666666666
45 0.5419766666666667 0.41281666666666667 0.023946666666666668 0.035826666666666666
46 0.6044533333333333 0.41281666666666667 0.023946666666666668 0.035826666666666666
58 0.5725566666666667 0.46216999999999997 0.023946666666666668 0.035826666666666666
48 0.7343333333333333 0.4115 0.023946666666666668 0.035826666666666666
47 0.6712 0.41215666666666667 0.023946666666666668 0.035826666666666666
60 0.6988233333333332 0.46315666666666666 0.023946666666666668 0.035826666666666666
59 0.6353599999999999 0.46282666666666666 0.023946666666666668 0.035826666666666666
61 0.7629433333333333 0.46151 0.023946666666666668 0.035826666666666666
49 0.80043 0.4098533333333333 0.023946666666666668 0.035826666666666666
62 0.8260766666666667 0.46348333333333336 0.023946666666666668 0.035826666666666666
50 0.8652066666666667 0.41084 0.023946666666666668 0.035826666666666666
51 0.9280100000000001 0.41117 0.023946666666666668 0.035826666666666666
63 0.89184 0.46282666666666666 0.023946666666666668 0.035826666666666666
37 0.9546433333333333 0.46249666666666667 0.023946666666666668 0.035826666666666666
58 0.41757333333333335 0.5570766666666667 0.0234 0.03473
54 0.47986666666666666 0.6478966666666667 0.0234 0.03473
4 0.5095633333333334 0.6472633333333333 0.0234 0.03473
54 0.5690166666666666 0.64862 0.0234 0.03473
5 0.59886 0.64732 0.0234 0.03473
54 0.65887 0.6492666666666667 0.0234 0.03473
6 0.6896866666666667 0.6492666666666667 0.0234 0.03473
54 0.75002 0.6508900000000001 0.0234 0.03473
7 0.7824566666666666 0.6512133333333334 0.0234 0.03473
54 0.8418166666666667 0.6512133333333334 0.0234 0.03473
8 0.8732800000000001 0.6515366666666667 0.0234 0.03473
54 0.9342633333333333 0.6528333333333334 0.0234 0.03473
9 0.96443 0.6515366666666667 0.0234 0.03473
54 0.8671166666666666 0.7394966666666666 0.0234 0.03473
9 0.8963099999999999 0.7401466666666667 0.0234 0.03473
54 0.7759666666666667 0.7391733333333333 0.0234 0.03473
8 0.8064566666666666 0.7394966666666666 0.0234 0.03473
54 0.6864366666666667 0.7382 0.0234 0.03473
7 0.7166033333333334 0.7378766666666667 0.0234 0.03473
54 0.5975566666666667 0.7362533333333334 0.0234 0.03473
6 0.6270766666666667 0.73593 0.0234 0.03473
54 0.5090033333333334 0.73528 0.0234 0.03473
5 0.5388466666666667 0.73528 0.0234 0.03473
54 0.42272000000000004 0.7349566666666666 0.0234 0.03473
2 0.4506166666666666 0.7349566666666666 0.0234 0.03473
54 0.3341633333333333 0.7346333333333334 0.0234 0.03473
4 0.3630333333333333 0.7352833333333333 0.0234 0.03473
54 0.24658 0.7365833333333334 0.0234 0.03473
3 0.27545000000000003 0.7372333333333333 0.0234 0.03473
54 0.15802333333333332 0.7424266666666667 0.0234 0.03473
54 0.16191666666666665 0.7823500000000001 0.0234 0.03473
1 0.18559666666666666 0.7421033333333333 0.0234 0.03473
0 0.19143666666666664 0.7817033333333334 0.0234 0.03473
52 0.1726466666666667 0.90009 0.0234 0.03473
37 0.20090000000000002 0.9008066666666666 0.0234 0.03473
46 0.22701 0.9036700000000001 0.0234 0.03473
37 0.25598000000000004 0.9033133333333333 0.0234 0.03473
53 0.2831633333333333 0.9051033333333333 0.0234 0.03473
41 0.30963 0.9083233333333333 0.0234 0.03473
37 0.33931666666666666 0.90868 0.0234 0.03473
50 0.17425666666666667 0.9432133333333332 0.020896666666666668 0.03294
61 0.20144 0.9446433333333333 0.020896666666666668 0.03294
52 0.22826333333333332 0.9475066666666666 0.020896666666666668 0.03294
61 0.2550866666666667 0.9492966666666667 0.020896666666666668 0.03294
60 0.31088333333333334 0.95216 0.020896666666666668 0.03294
59 0.2837 0.9500133333333334 0.020896666666666668 0.03294
37 0.33842333333333335 0.95359 0.020896666666666668 0.03294
53 0.36560666666666664 0.9084966666666666 0.020896666666666668 0.03294
46 0.3949333333333333 0.90993 0.020896666666666668 0.03294
50 0.3945766666666667 0.95538 0.020896666666666668 0.03294
37 0.42390333333333335 0.9557366666666667 0.020896666666666668 0.03294
65 0.45180000000000003 0.9568099999999999 0.020896666666666668 0.03294
55 0.48041333333333336 0.95538 0.020896666666666668 0.03294
61 0.45216 0.9120766666666666 0.020896666666666668 0.03294
52 0.4814866666666667 0.9102866666666667 0.020896666666666668 0.03294
37 0.5101 0.9110033333333334 0.020896666666666668 0.03294
46 0.53907 0.91136 0.020896666666666668 0.03294
37 0.5673233333333333 0.91136 0.020896666666666668 0.03294
59 0.6238333333333334 0.9117166666666667 0.020896666666666668 0.03294
37 0.65316 0.911 0.020896666666666668 0.03294
48 0.7111000000000001 0.91279 0.020896666666666668 0.03294
53 0.7386400000000001 0.9124333333333334 0.020896666666666668 0.03294
65 0.7679666666666667 0.9138633333333334 0.020896666666666668 0.03294
55 0.7972933333333334 0.9142199999999999 0.020896666666666668 0.03294