54 0.1669921875 0.40576171875 0.0498046875 0.08642578125
54 0.40869140625 0.396484375 0.048828125 0.083984375
54 0.640625 0.3916015625 0.04296875 0.07861328125
54 0.25830078125 0.6474609375 0.0517578125 0.0830078125
54 0.49658203125 0.63720703125 0.05322265625 0.08740234375
7 0.2451171875 0.39990234375 0.0498046875 0.083984375
8 0.48291015625 0.396484375 0.04736328125 0.08203125
9 0.72021484375 0.3896484375 0.0419921875 0.0830078125
8 0.33447265625 0.64794921875 0.05517578125 0.0908203125
9 0.572265625 0.63623046875 0.04638671875 0.0830078125
46 0.09619140625 0.654296875 0.05517578125 0.0908203125