55 0.03679333333333333 0.04877 0.03251333333333334 0.05076666666666667
59 0.13461666666666666 0.04877 0.034223333333333335 0.05076666666666667
56 0.18567 0.047913333333333336 0.030233333333333334 0.05362000000000001
37 0.23729333333333333 0.047913333333333336 0.036506666666666666 0.05362000000000001
39 0.2840666666666667 0.04563333333333334 0.03308333333333333 0.05247666666666667
43 0.33198 0.045919999999999996 0.036506666666666666 0.05076666666666667
50 0.03622 0.20791666666666667 0.03251333333333334 0.05190666666666666
51 0.08841333333333333 0.20791666666666667 0.036506666666666666 0.05190666666666666
52 0.13633 0.20620333333333335 0.034223333333333335 0.05076666666666667
53 0.18538333333333332 0.20734666666666665 0.03308333333333333 0.05305
42 0.2823566666666667 0.2067766666666667 0.036506666666666666 0.05190666666666666
44 0.3342633333333333 0.20649 0.034223333333333335 0.05133666666666666
53 0.4338 0.20534999999999998 0.031373333333333336 0.05133666666666666
46 0.48342666666666667 0.20478000000000002 0.03479666666666667 0.05133666666666666
55 0.5846766666666666 0.20592 0.03194333333333333 0.05362000000000001
57 0.68193 0.20620333333333335 0.030233333333333334 0.055330000000000004
58 0.7315566666666667 0.20506333333333335 0.03251333333333334 0.055330000000000004
59 0.7828933333333333 0.20534999999999998 0.033653333333333334 0.05362000000000001
60 0.83024 0.20478000000000002 0.03251333333333334 0.05019666666666667
61 0.8804366666666666 0.20421 0.03251333333333334 0.05247666666666667
54 0.03821666666666667 0.2872033333333333 0.03194333333333333 0.05190666666666666
54 0.13804 0.28749 0.03194333333333333 0.05133666666666666
54 0.23529666666666665 0.2872033333333333 0.029089999999999998 0.05076666666666667
43 0.08613333333333333 0.44777666666666666 0.03308333333333333 0.0559
45 0.18624000000000002 0.4423566666666666 0.030233333333333334 0.05190666666666666
46 0.28606333333333334 0.4446366666666667 0.031373333333333336 0.05305
47 0.38788333333333336 0.44577999999999995 0.030803333333333332 0.055330000000000004
48 0.4854233333333333 0.44521000000000005 0.034223333333333335 0.054189999999999995
49 0.5858166666666667 0.44521000000000005 0.030803333333333332 0.057613333333333336
50 0.6864933333333333 0.44178666666666666 0.03479666666666667 0.05076666666666667
51 0.7866033333333333 0.43978999999999996 0.03993 0.05476
52 0.8832866666666667 0.43922000000000005 0.03479666666666667 0.05019666666666667
57 0.13604333333333332 0.5225 0.03479666666666667 0.05362000000000001
56 0.033653333333333334 0.52478 0.03308333333333333 0.05019666666666667
56 0.6328766666666668 0.20506333333333335 0.03251333333333334 0.05305
58 0.2367233333333333 0.5233566666666667 0.029660000000000002 0.049626666666666666
59 0.3371166666666667 0.5227866666666666 0.034223333333333335 0.04848666666666667
60 0.43551 0.5222133333333334 0.03251333333333334 0.04848666666666667
61 0.5361899999999999 0.52307 0.034223333333333335 0.05019666666666667
62 0.6357266666666667 0.52079 0.033653333333333334 0.047913333333333336
63 0.7366900000000001 0.5210733333333334 0.030233333333333334 0.04848666666666667
59 0.03451 0.6839266666666667 0.031373333333333336 0.05019666666666667
54 0.08385000000000001 0.8487766666666666 0.03308333333333333 0.05019666666666667
54 0.23643666666666666 0.8476366666666666 0.031373333333333336 0.05247666666666667
54 0.38731000000000004 0.84393 0.03194333333333333 0.05190666666666666
54 0.54218 0.8436433333333333 0.030233333333333334 0.049056666666666665
54 0.6924833333333332 0.8419333333333334 0.03308333333333333 0.05019666666666667
54 0.8453533333333333 0.8419333333333334 0.035366666666666664 0.05362000000000001
4 0.13319333333333333 0.8470666666666666 0.030233333333333334 0.047913333333333336
5 0.2872033333333333 0.8447833333333333 0.030233333333333334 0.05362000000000001
6 0.43750666666666665 0.8427866666666667 0.03194333333333333 0.05190666666666666
7 0.5883833333333334 0.8419333333333334 0.031373333333333336 0.05247666666666667
8 0.7418233333333333 0.8433566666666668 0.031373333333333336 0.05076666666666667
9 0.8941266666666667 0.8396499999999999 0.031373333333333336 0.05247666666666667