58 0.08984375 0.08447265625 0.04443359375 0.06884765625
59 0.20703125 0.08154296875 0.04296875 0.0654296875
60 0.32177734375 0.07666015625 0.0341796875 0.06201171875
61 0.4345703125 0.0732421875 0.04443359375 0.06640625
62 0.54443359375 0.07275390625 0.03759765625 0.06298828125
63 0.658203125 0.068359375 0.03662109375 0.0654296875
54 0.138671875 0.4462890625 0.03759765625 0.06103515625
54 0.2958984375 0.43701171875 0.03857421875 0.05859375
54 0.451171875 0.43212890625 0.033203125 0.05517578125
54 0.6015625 0.42724609375 0.0341796875 0.056640625
54 0.75537109375 0.41845703125 0.03515625 0.056640625
54 0.0576171875 0.609375 0.033203125 0.05419921875
54 0.2080078125 0.59814453125 0.033203125 0.05419921875
54 0.35888671875 0.58935546875 0.03076171875 0.0498046875
54 0.50634765625 0.58203125 0.03173828125 0.05322265625
54 0.65625 0.57666015625 0.0341796875 0.05322265625
5 0.189453125 0.443359375 0.03857421875 0.05517578125
6 0.34619140625 0.43408203125 0.03662109375 0.056640625
7 0.5009765625 0.43017578125 0.03515625 0.05517578125
8 0.65283203125 0.423828125 0.03662109375 0.05859375
9 0.8076171875 0.416015625 0.03759765625 0.056640625
5 0.10498046875 0.607421875 0.03662109375 0.05419921875
6 0.2578125 0.59765625 0.03515625 0.0576171875
7 0.40673828125 0.58740234375 0.03076171875 0.05419921875
8 0.5537109375 0.58056640625 0.03173828125 0.05419921875
9 0.70263671875 0.57421875 0.0341796875 0.05322265625