40 0.079833984375 0.14892578125 0.03173828125 0.05419921875
22 0.125732421875 0.148681640625 0.03515625 0.05224609375
14 0.172607421875 0.146728515625 0.03466796875 0.0556640625
30 0.221435546875 0.145751953125 0.03125 0.0556640625
30 0.27099609375 0.14501953125 0.0322265625 0.05517578125
14 0.3203125 0.143310546875 0.03369140625 0.056640625
58 0.371337890625 0.1416015625 0.03466796875 0.0556640625
29 0.419189453125 0.140869140625 0.0322265625 0.05908203125
53 0.515869140625 0.138427734375 0.03125 0.05419921875
55 0.565673828125 0.13720703125 0.03466796875 0.0556640625
59 0.666748046875 0.13330078125 0.03173828125 0.05322265625
56 0.715576171875 0.133056640625 0.03369140625 0.05419921875
37 0.767822265625 0.132080078125 0.03515625 0.05078125
39 0.817626953125 0.131103515625 0.033203125 0.05029296875
43 0.864013671875 0.130126953125 0.02978515625 0.05029296875
37 0.092529296875 0.308349609375 0.033203125 0.04931640625
38 0.140869140625 0.30810546875 0.02978515625 0.05029296875
39 0.187255859375 0.303466796875 0.033203125 0.04443359375
41 0.234130859375 0.303466796875 0.03173828125 0.046875
43 0.281494140625 0.30419921875 0.033203125 0.05078125
45 0.330322265625 0.30419921875 0.03125 0.05322265625
46 0.376708984375 0.302734375 0.03173828125 0.046875
47 0.422607421875 0.303466796875 0.03173828125 0.05029296875
48 0.468994140625 0.302978515625 0.02978515625 0.04931640625
49 0.517333984375 0.303466796875 0.0322265625 0.05224609375
50 0.566162109375 0.301513671875 0.033203125 0.0517578125
51 0.614990234375 0.298095703125 0.03369140625 0.05224609375
52 0.658447265625 0.296875 0.03369140625 0.05078125
53 0.707763671875 0.29638671875 0.03173828125 0.04931640625
42 0.802490234375 0.295166015625 0.033203125 0.04931640625
44 0.849853515625 0.296142578125 0.03466796875 0.05078125
53 0.946044921875 0.294189453125 0.03662109375 0.05078125
62 0.10693359375 0.383544921875 0.0380859375 0.048828125
63 0.15087890625 0.382080078125 0.02978515625 0.04443359375
64 0.1962890625 0.3818359375 0.03515625 0.04931640625
65 0.2421875 0.3798828125 0.03369140625 0.0458984375
66 0.28759765625 0.380859375 0.0361328125 0.04736328125
54 0.5634765625 0.375 0.03125 0.04736328125
54 0.6552734375 0.372802734375 0.03125 0.04736328125
54 0.74951171875 0.37158203125 0.03125 0.04736328125
40 0.384033203125 0.380126953125 0.03125 0.04736328125
40 0.42626953125 0.379150390625 0.03125 0.04736328125
40 0.47119140625 0.378662109375 0.03125 0.04736328125
40 0.116943359375 0.4521484375 0.03125 0.04736328125
33 0.158447265625 0.45263671875 0.03369140625 0.04931640625
19 0.201171875 0.453125 0.02978515625 0.0517578125
30 0.248291015625 0.44970703125 0.03173828125 0.05029296875
47 0.293212890625 0.44873046875 0.0322265625 0.048828125
59 0.384033203125 0.447509765625 0.025390625 0.04443359375
56 0.427978515625 0.446533203125 0.0302734375 0.0439453125
37 0.474365234375 0.446533203125 0.03125 0.0439453125
39 0.518798828125 0.44580078125 0.03173828125 0.0458984375
43 0.562744140625 0.443359375 0.0263671875 0.04541015625
37 0.254150390625 0.517822265625 0.03173828125 0.04736328125
38 0.344970703125 0.516357421875 0.03173828125 0.0458984375
39 0.430419921875 0.513427734375 0.03125 0.04248046875
41 0.517333984375 0.515380859375 0.0283203125 0.048828125
43 0.603759765625 0.513671875 0.0302734375 0.05029296875
45 0.697021484375 0.513427734375 0.033203125 0.05029296875
46 0.785400390625 0.51123046875 0.0283203125 0.04736328125
47 0.875732421875 0.5107421875 0.02978515625 0.04736328125
48 0.967041015625 0.510986328125 0.03173828125 0.046875
53 0.130859375 0.585693359375 0.02734375 0.04052734375
44 0.2607421875 0.581298828125 0.03173828125 0.0419921875
42 0.220703125 0.581787109375 0.029296875 0.0419921875
53 0.345703125 0.580810546875 0.02783203125 0.04345703125
46 0.3896484375 0.580322265625 0.02783203125 0.04541015625
55 0.47509765625 0.577880859375 0.02783203125 0.0419921875
56 0.56005859375 0.578857421875 0.03125 0.0419921875
57 0.6474609375 0.578369140625 0.02978515625 0.04443359375
58 0.7353515625 0.578857421875 0.0302734375 0.041015625
59 0.82373046875 0.582763671875 0.0322265625 0.0439453125
60 0.9150390625 0.5791015625 0.0361328125 0.04443359375
65 0.142333984375 0.64697265625 0.03076171875 0.0341796875
66 0.224365234375 0.644775390625 0.0322265625 0.0390625
53 0.311279296875 0.701904296875 0.03125 0.0400390625
61 0.35205078125 0.7021484375 0.0283203125 0.0419921875
52 0.392822265625 0.701171875 0.025390625 0.0390625
38 0.4345703125 0.701904296875 0.02734375 0.0419921875
43 0.4775390625 0.70068359375 0.02734375 0.04248046875
58 0.5185546875 0.701416015625 0.02978515625 0.04248046875
59 0.56005859375 0.701904296875 0.02734375 0.04248046875
54 0.161376953125 0.82177734375 0.025390625 0.04345703125
54 0.278076171875 0.823974609375 0.025390625 0.04345703125
54 0.3974609375 0.827392578125 0.025390625 0.04345703125
54 0.4775390625 0.82958984375 0.025390625 0.04345703125
54 0.6015625 0.829833984375 0.025390625 0.04345703125
54 0.72607421875 0.833251953125 0.03125 0.04345703125
54 0.8486328125 0.832275390625 0.03125 0.04345703125
54 0.97509765625 0.832275390625 0.03125 0.04345703125
54 0.165771484375 0.9384765625 0.02490234375 0.04345703125
54 0.278564453125 0.942626953125 0.02490234375 0.04345703125
54 0.395263671875 0.950927734375 0.0283203125 0.04345703125
54 0.516845703125 0.950927734375 0.0283203125 0.04345703125
54 0.63916015625 0.950927734375 0.0283203125 0.04345703125
54 0.7587890625 0.952392578125 0.0283203125 0.04345703125
54 0.88623046875 0.953369140625 0.0283203125 0.04345703125
0 0.200439453125 0.82080078125 0.025390625 0.04345703125
1 0.313232421875 0.822021484375 0.025390625 0.04345703125
2 0.436767578125 0.826416015625 0.025390625 0.04345703125
3 0.5185546875 0.827392578125 0.025390625 0.04345703125
4 0.64111328125 0.830322265625 0.025390625 0.04345703125
5 0.7646484375 0.831298828125 0.025390625 0.04345703125
6 0.892578125 0.831787109375 0.025390625 0.04345703125
1 0.201904296875 0.9384765625 0.025390625 0.04345703125
3 0.317626953125 0.947021484375 0.025390625 0.04345703125
4 0.437744140625 0.950439453125 0.025390625 0.04345703125
2 0.556396484375 0.949951171875 0.025390625 0.04345703125
5 0.67919921875 0.954345703125 0.025390625 0.04345703125
6 0.80078125 0.953857421875 0.025390625 0.04345703125
7 0.923828125 0.9521484375 0.025390625 0.04345703125