37 0.10302734375 0.08056640625 0.02099609375 0.0322265625
38 0.13525390625 0.08154296875 0.0205078125 0.03173828125
39 0.166015625 0.08154296875 0.02001953125 0.03125
41 0.19775390625 0.078857421875 0.0185546875 0.0302734375
43 0.22802734375 0.078857421875 0.0205078125 0.0322265625
45 0.2587890625 0.077392578125 0.02001953125 0.0341796875
46 0.29052734375 0.078369140625 0.02001953125 0.03271484375
47 0.32177734375 0.07666015625 0.0185546875 0.03173828125
48 0.35400390625 0.0771484375 0.017578125 0.03271484375
49 0.38525390625 0.07568359375 0.02001953125 0.03564453125
50 0.41650390625 0.07470703125 0.021484375 0.03369140625
51 0.446533203125 0.0732421875 0.02294921875 0.0341796875
52 0.477294921875 0.072021484375 0.0205078125 0.03173828125
53 0.508544921875 0.071044921875 0.01953125 0.03369140625
42 0.571044921875 0.072509765625 0.01953125 0.0341796875
44 0.601318359375 0.07080078125 0.0224609375 0.03515625
53 0.662353515625 0.06982421875 0.02197265625 0.03466796875
46 0.694091796875 0.068359375 0.02001953125 0.0322265625
55 0.755615234375 0.069091796875 0.01953125 0.02880859375
56 0.786376953125 0.067626953125 0.02001953125 0.03173828125
57 0.818603515625 0.067138671875 0.02294921875 0.03369140625
62 0.103271484375 0.130859375 0.0224609375 0.0302734375
63 0.134521484375 0.12890625 0.021484375 0.0322265625
64 0.165283203125 0.12841796875 0.02099609375 0.029296875
65 0.196533203125 0.127197265625 0.01953125 0.03173828125
66 0.227294921875 0.126708984375 0.0205078125 0.0322265625
54 0.417724609375 0.12353515625 0.01953125 0.0302734375
40 0.291748046875 0.125732421875 0.01953125 0.0302734375
54 0.479248046875 0.122314453125 0.01953125 0.0302734375
40 0.322998046875 0.1259765625 0.01953125 0.0302734375
40 0.355712890625 0.12353515625 0.01953125 0.0302734375
40 0.101806640625 0.17822265625 0.01953125 0.0302734375
33 0.134521484375 0.1767578125 0.02001953125 0.02880859375
19 0.164306640625 0.1748046875 0.01904296875 0.02880859375
30 0.195068359375 0.1748046875 0.02001953125 0.03466796875
18 0.227783203125 0.175048828125 0.0185546875 0.033203125
59 0.291015625 0.171142578125 0.02197265625 0.033203125
56 0.32275390625 0.1708984375 0.021484375 0.033203125
37 0.3544921875 0.1708984375 0.02099609375 0.033203125
39 0.38623046875 0.17041015625 0.01953125 0.03466796875
43 0.4169921875 0.169921875 0.01904296875 0.03173828125
54 0.542724609375 0.120361328125 0.01953125 0.03271484375
37 0.1953125 0.22412109375 0.0234375 0.0361328125
38 0.259765625 0.221923828125 0.021484375 0.03369140625
39 0.322265625 0.218994140625 0.02001953125 0.033203125
41 0.3857421875 0.220703125 0.01953125 0.03662109375
43 0.44873046875 0.218017578125 0.0185546875 0.0341796875
45 0.51220703125 0.217529296875 0.0185546875 0.03466796875
46 0.5751953125 0.2158203125 0.0244140625 0.0380859375
47 0.6376953125 0.21337890625 0.01953125 0.03466796875
48 0.701171875 0.212158203125 0.021484375 0.0341796875
49 0.763916015625 0.210693359375 0.02197265625 0.03564453125
50 0.82568359375 0.211181640625 0.01953125 0.0322265625
53 0.10009765625 0.275390625 0.021484375 0.0341796875
42 0.16455078125 0.27587890625 0.02197265625 0.03369140625
44 0.19482421875 0.2734375 0.021484375 0.03369140625
53 0.26025390625 0.274658203125 0.02001953125 0.033203125
46 0.29345703125 0.273681640625 0.01953125 0.0322265625
55 0.35546875 0.27099609375 0.0205078125 0.0341796875
56 0.418701171875 0.2685546875 0.01806640625 0.03173828125
57 0.481201171875 0.267822265625 0.02001953125 0.0341796875
58 0.545166015625 0.267333984375 0.01953125 0.033203125
59 0.607177734375 0.26611328125 0.02001953125 0.03271484375
60 0.671630859375 0.26318359375 0.01953125 0.0341796875
61 0.734619140625 0.261474609375 0.02197265625 0.03369140625
62 0.796630859375 0.260986328125 0.02294921875 0.033203125
65 0.100341796875 0.32763671875 0.02392578125 0.0322265625
66 0.164306640625 0.32421875 0.02001953125 0.03125
53 0.227294921875 0.373779296875 0.02197265625 0.0322265625
61 0.260498046875 0.371826171875 0.021484375 0.033203125
52 0.292236328125 0.369873046875 0.02099609375 0.03515625
38 0.324951171875 0.37060546875 0.021484375 0.03369140625
58 0.847412109375 0.066650390625 0.0224609375 0.03369140625
59 0.878662109375 0.065185546875 0.0205078125 0.0302734375
60 0.909423828125 0.0654296875 0.02001953125 0.0322265625
61 0.940185546875 0.0673828125 0.02099609375 0.03173828125
51 0.888427734375 0.2080078125 0.0205078125 0.03173828125
52 0.949462890625 0.20703125 0.0224609375 0.02880859375
63 0.861572265625 0.2587890625 0.0185546875 0.03466796875
43 0.356689453125 0.37060546875 0.0205078125 0.03369140625
58 0.390380859375 0.3701171875 0.0205078125 0.03271484375
59 0.420654296875 0.3681640625 0.02001953125 0.0302734375
54 0.0986328125 0.479736328125 0.02197265625 0.03173828125
54 0.1982421875 0.47705078125 0.02001953125 0.0302734375
54 0.2939453125 0.474365234375 0.02294921875 0.03369140625
54 0.359375 0.4736328125 0.02099609375 0.03466796875
54 0.45458984375 0.471435546875 0.02001953125 0.03369140625
54 0.55029296875 0.4677734375 0.02392578125 0.03271484375
54 0.646484375 0.46484375 0.017578125 0.03564453125
54 0.744140625 0.463623046875 0.0224609375 0.0341796875
54 0.841796875 0.462890625 0.02099609375 0.03369140625
54 0.937255859375 0.458251953125 0.0224609375 0.03466796875
54 0.09814453125 0.580810546875 0.0224609375 0.03466796875
54 0.197509765625 0.57763671875 0.02001953125 0.03564453125
54 0.295166015625 0.575439453125 0.02294921875 0.03466796875
54 0.394287109375 0.57275390625 0.02099609375 0.0341796875
54 0.492431640625 0.569091796875 0.02099609375 0.037109375
54 0.586669921875 0.56689453125 0.02099609375 0.03466796875
54 0.685302734375 0.564208984375 0.02197265625 0.0361328125
54 0.783447265625 0.5625 0.02197265625 0.0341796875
54 0.879638671875 0.560791015625 0.02099609375 0.03369140625
54 0.099365234375 0.635498046875 0.0205078125 0.03173828125
0 0.12890625 0.478759765625 0.02001953125 0.0341796875
1 0.22802734375 0.474365234375 0.02001953125 0.03125
2 0.32763671875 0.47314453125 0.02001953125 0.03271484375
3 0.39111328125 0.47216796875 0.02001953125 0.03564453125
4 0.48681640625 0.470947265625 0.01806640625 0.03125
5 0.58154296875 0.4677734375 0.02001953125 0.03173828125
6 0.67919921875 0.464599609375 0.0185546875 0.03271484375
7 0.7763671875 0.46337890625 0.02099609375 0.03466796875
8 0.8720703125 0.462158203125 0.0224609375 0.0361328125
9 0.967529296875 0.457763671875 0.01953125 0.0361328125
1 0.128173828125 0.579833984375 0.01953125 0.0341796875
2 0.425048828125 0.572021484375 0.02001953125 0.03564453125
3 0.229248046875 0.577392578125 0.02197265625 0.0341796875
4 0.327880859375 0.57421875 0.0205078125 0.03466796875
5 0.521240234375 0.568115234375 0.02197265625 0.0361328125
6 0.618896484375 0.56640625 0.02001953125 0.0361328125
7 0.717041015625 0.563720703125 0.02099609375 0.03564453125
8 0.812744140625 0.5625 0.02197265625 0.03564453125
9 0.909423828125 0.561767578125 0.02001953125 0.03466796875
0 0.131103515625 0.634765625 0.02099609375 0.0341796875
52 0.096435546875 0.794677734375 0.02001953125 0.03271484375
37 0.128662109375 0.792236328125 0.0205078125 0.03564453125
46 0.162841796875 0.79345703125 0.0205078125 0.03662109375
37 0.196533203125 0.79150390625 0.02197265625 0.0341796875
53 0.228271484375 0.791015625 0.02392578125 0.03564453125
41 0.260986328125 0.789794921875 0.0224609375 0.0341796875
37 0.296142578125 0.788818359375 0.0205078125 0.0341796875
53 0.328125 0.78759765625 0.0224609375 0.03466796875
46 0.361328125 0.7861328125 0.02294921875 0.03662109375
61 0.42822265625 0.783935546875 0.025390625 0.0361328125
52 0.462890625 0.783447265625 0.02099609375 0.03662109375
37 0.4970703125 0.78125 0.02294921875 0.037109375
46 0.529296875 0.78125 0.02099609375 0.0361328125
37 0.5625 0.779296875 0.02197265625 0.0361328125
59 0.62841796875 0.779052734375 0.02490234375 0.03369140625
37 0.6630859375 0.777587890625 0.02294921875 0.0341796875
48 0.728515625 0.7763671875 0.0224609375 0.0341796875
53 0.76171875 0.774169921875 0.02197265625 0.0380859375
65 0.79443359375 0.772705078125 0.02490234375 0.03857421875
55 0.82568359375 0.772216796875 0.02197265625 0.03564453125
50 0.097412109375 0.847900390625 0.02392578125 0.03564453125
61 0.131103515625 0.848388671875 0.0244140625 0.03662109375
52 0.163330078125 0.845703125 0.0205078125 0.03271484375
61 0.195068359375 0.84765625 0.02294921875 0.03662109375
59 0.230224609375 0.84716796875 0.0224609375 0.03662109375
60 0.263916015625 0.846435546875 0.02001953125 0.0380859375
37 0.2958984375 0.844482421875 0.0205078125 0.03662109375
50 0.36376953125 0.84375 0.0224609375 0.0341796875
37 0.3974609375 0.841796875 0.02001953125 0.0361328125
65 0.42919921875 0.842041015625 0.02392578125 0.03662109375
55 0.46240234375 0.839111328125 0.0224609375 0.03662109375