66 0.02099609375 0.0498046875 0.03955078125 0.0595703125
40 0.12744140625 0.05078125 0.041015625 0.05419921875
40 0.17919921875 0.04931640625 0.03759765625 0.04833984375
40 0.23193359375 0.048828125 0.03955078125 0.04833984375
54 0.34130859375 0.03955078125 0.03173828125 0.05859375
54 0.4482421875 0.037109375 0.0361328125 0.0625
54 0.55615234375 0.03759765625 0.03759765625 0.060546875
59 0.1357421875 0.1328125 0.03271484375 0.05517578125
56 0.18701171875 0.13134765625 0.033203125 0.056640625
37 0.24072265625 0.1298828125 0.0361328125 0.05615234375
39 0.29150390625 0.12744140625 0.03515625 0.05615234375
43 0.34375 0.12646484375 0.03564453125 0.05908203125
38 0.09375 0.2177734375 0.03173828125 0.048828125
39 0.1943359375 0.21435546875 0.03271484375 0.05126953125
41 0.29638671875 0.21337890625 0.03271484375 0.0517578125
43 0.39892578125 0.21240234375 0.03515625 0.0537109375
45 0.5029296875 0.21240234375 0.03466796875 0.05517578125
46 0.6064453125 0.212890625 0.03271484375 0.056640625
47 0.71240234375 0.21044921875 0.03125 0.0556640625
48 0.818359375 0.212890625 0.03466796875 0.05615234375
49 0.92431640625 0.21533203125 0.033203125 0.060546875
53 0.10302734375 0.30224609375 0.03271484375 0.05322265625
46 0.15380859375 0.3017578125 0.03125 0.0546875
55 0.251953125 0.30126953125 0.03662109375 0.056640625
56 0.3505859375 0.2998046875 0.03271484375 0.05517578125
57 0.4521484375 0.30126953125 0.03271484375 0.05517578125
58 0.55224609375 0.29931640625 0.03173828125 0.0537109375
59 0.65576171875 0.30078125 0.0322265625 0.0517578125
60 0.75927734375 0.29931640625 0.03466796875 0.0537109375
61 0.86376953125 0.2978515625 0.0322265625 0.056640625
62 0.96533203125 0.29931640625 0.03125 0.05322265625
53 0.07373046875 0.4560546875 0.033203125 0.04931640625
61 0.12109375 0.455078125 0.0322265625 0.04931640625
52 0.1669921875 0.455078125 0.03271484375 0.04931640625
38 0.21630859375 0.45458984375 0.03271484375 0.0498046875
43 0.26318359375 0.4541015625 0.03076171875 0.048828125
58 0.31201171875 0.45703125 0.0283203125 0.04638671875
59 0.35888671875 0.45654296875 0.02880859375 0.0458984375
54 0.0439453125 0.60400390625 0.0263671875 0.04736328125
54 0.17626953125 0.60693359375 0.02783203125 0.048828125
54 0.2685546875 0.607421875 0.0283203125 0.048828125
54 0.4091796875 0.6103515625 0.02978515625 0.04931640625
54 0.55224609375 0.61279296875 0.0283203125 0.04931640625
54 0.697265625 0.61376953125 0.02978515625 0.04931640625
54 0.84716796875 0.61474609375 0.02978515625 0.05322265625
54 0.044921875 0.748046875 0.0302734375 0.04736328125
54 0.17724609375 0.7529296875 0.0302734375 0.04931640625
54 0.31640625 0.75634765625 0.02978515625 0.04931640625
54 0.45751953125 0.7578125 0.02685546875 0.04736328125
54 0.59814453125 0.76171875 0.02685546875 0.048828125
54 0.74462890625 0.7626953125 0.02880859375 0.04638671875
54 0.88916015625 0.765625 0.0322265625 0.0498046875
1 0.0859375 0.60400390625 0.02783203125 0.0478515625
2 0.22265625 0.60693359375 0.029296875 0.048828125
3 0.3154296875 0.60693359375 0.02685546875 0.04931640625
4 0.45556640625 0.609375 0.03125 0.048828125
5 0.5986328125 0.61181640625 0.0283203125 0.04931640625
6 0.74658203125 0.61376953125 0.0283203125 0.0537109375
7 0.89501953125 0.6162109375 0.02978515625 0.0498046875
3 0.087890625 0.748046875 0.02880859375 0.046875
4 0.22314453125 0.75244140625 0.0283203125 0.0478515625
2 0.361328125 0.75634765625 0.02783203125 0.04833984375
5 0.50244140625 0.75732421875 0.029296875 0.04833984375
6 0.6474609375 0.76025390625 0.02880859375 0.0478515625
7 0.79296875 0.76171875 0.02880859375 0.04638671875
8 0.93701171875 0.7646484375 0.02880859375 0.05029296875