54 0.26220703125 0.181640625 0.05078125 0.07373046875
54 0.462890625 0.183349609375 0.0517578125 0.0771484375
54 0.67333984375 0.1943359375 0.04638671875 0.08349609375
54 0.88671875 0.199951171875 0.048828125 0.08154296875
54 0.26708984375 0.2939453125 0.041015625 0.06640625
1 0.328125 0.1806640625 0.04541015625 0.07470703125
3 0.53515625 0.183837890625 0.04541015625 0.07470703125
4 0.74853515625 0.19580078125 0.04296875 0.08447265625
2 0.962890625 0.198486328125 0.056640625 0.0791015625
0 0.33203125 0.291015625 0.03759765625 0.0673828125
52 0.27197265625 0.58740234375 0.0390625 0.06103515625
37 0.3330078125 0.58837890625 0.0380859375 0.05908203125
46 0.39404296875 0.593017578125 0.03955078125 0.06396484375
37 0.455078125 0.593505859375 0.0390625 0.06103515625
53 0.515625 0.5966796875 0.0390625 0.06005859375
41 0.57763671875 0.59912109375 0.0400390625 0.0634765625
37 0.64013671875 0.601806640625 0.0380859375 0.06494140625
53 0.70068359375 0.600830078125 0.0390625 0.05810546875
46 0.76416015625 0.6044921875 0.03955078125 0.0595703125
61 0.8857421875 0.611572265625 0.037109375 0.0615234375
52 0.9501953125 0.614013671875 0.04248046875 0.06396484375
50 0.27490234375 0.672119140625 0.03955078125 0.05322265625
61 0.3369140625 0.67333984375 0.03857421875 0.052734375
52 0.39501953125 0.675048828125 0.03759765625 0.05712890625
61 0.45458984375 0.676025390625 0.037109375 0.052734375
59 0.513671875 0.68017578125 0.03564453125 0.0517578125
60 0.57275390625 0.68115234375 0.03759765625 0.052734375
37 0.6318359375 0.683349609375 0.03662109375 0.0546875
50 0.7509765625 0.69140625 0.0361328125 0.0556640625
37 0.8154296875 0.695068359375 0.03515625 0.056640625
65 0.8720703125 0.702880859375 0.041015625 0.06103515625
55 0.93505859375 0.70556640625 0.0419921875 0.05908203125