40 0.111572265625 0.1396484375 0.02197265625 0.03515625
22 0.141357421875 0.13720703125 0.02197265625 0.03515625
43 0.171630859375 0.13671875 0.0234375 0.0361328125
60 0.203369140625 0.135498046875 0.0224609375 0.03564453125
60 0.233642578125 0.134521484375 0.02099609375 0.03515625
43 0.261962890625 0.134521484375 0.02197265625 0.0341796875
58 0.293701171875 0.135498046875 0.02294921875 0.0361328125
59 0.325439453125 0.135009765625 0.02197265625 0.03759765625
53 0.384521484375 0.1337890625 0.0234375 0.03564453125
55 0.416259765625 0.1328125 0.02490234375 0.037109375
59 0.476806640625 0.13525390625 0.0234375 0.0380859375
56 0.506591796875 0.13330078125 0.0234375 0.0390625
37 0.536865234375 0.13427734375 0.021484375 0.0380859375
39 0.567626953125 0.133056640625 0.02392578125 0.037109375
43 0.598388671875 0.133544921875 0.0234375 0.0380859375
37 0.1162109375 0.238525390625 0.02099609375 0.0341796875
38 0.1455078125 0.239501953125 0.021484375 0.0341796875
39 0.17578125 0.239013671875 0.0224609375 0.0341796875
41 0.206787109375 0.237548828125 0.02294921875 0.03466796875
43 0.237060546875 0.236572265625 0.021484375 0.0341796875
45 0.267333984375 0.236083984375 0.02197265625 0.03466796875
46 0.298095703125 0.2373046875 0.02294921875 0.03466796875
47 0.327392578125 0.23583984375 0.0234375 0.03369140625
48 0.359130859375 0.23583984375 0.02392578125 0.03173828125
49 0.387939453125 0.23583984375 0.02294921875 0.03125
50 0.415771484375 0.23681640625 0.021484375 0.0341796875
51 0.447509765625 0.236328125 0.02197265625 0.03466796875
52 0.477783203125 0.23681640625 0.0234375 0.03564453125
53 0.508544921875 0.237060546875 0.02392578125 0.037109375
42 0.566162109375 0.237548828125 0.021484375 0.037109375
44 0.595458984375 0.235107421875 0.02392578125 0.03759765625
53 0.655029296875 0.233642578125 0.02294921875 0.03515625
46 0.684326171875 0.234130859375 0.0224609375 0.03515625
55 0.743896484375 0.233154296875 0.0234375 0.037109375
56 0.774658203125 0.23193359375 0.02294921875 0.03466796875
57 0.805419921875 0.23095703125 0.0224609375 0.03515625
58 0.83544921875 0.23046875 0.02197265625 0.03369140625
59 0.865966796875 0.22998046875 0.02392578125 0.03515625
60 0.895751953125 0.2294921875 0.0224609375 0.03515625
61 0.926025390625 0.2294921875 0.021484375 0.03466796875
62 0.119140625 0.288330078125 0.0234375 0.0341796875
63 0.15087890625 0.287841796875 0.0234375 0.03515625
64 0.18017578125 0.285888671875 0.02294921875 0.03466796875
65 0.20849609375 0.287353515625 0.02392578125 0.0341796875
66 0.24072265625 0.287353515625 0.02294921875 0.0361328125
40 0.30126953125 0.28564453125 0.02294921875 0.0341796875
40 0.33154296875 0.2861328125 0.02099609375 0.03515625
40 0.3603515625 0.28759765625 0.02294921875 0.037109375
54 0.42041015625 0.28515625 0.0234375 0.03564453125
54 0.478515625 0.28662109375 0.0234375 0.03515625
54 0.53759765625 0.285888671875 0.02294921875 0.0380859375
40 0.122314453125 0.336669921875 0.025390625 0.037109375
33 0.15380859375 0.333740234375 0.02490234375 0.03515625
48 0.18212890625 0.332763671875 0.0224609375 0.03515625
60 0.212890625 0.33349609375 0.02294921875 0.03466796875
47 0.24169921875 0.3349609375 0.02294921875 0.03515625
59 0.3037109375 0.333984375 0.021484375 0.03564453125
56 0.33203125 0.33349609375 0.02587890625 0.037109375
37 0.36181640625 0.33447265625 0.02099609375 0.0361328125
39 0.39111328125 0.33349609375 0.021484375 0.03466796875
43 0.4208984375 0.333984375 0.02294921875 0.03564453125
37 0.123779296875 0.384033203125 0.02197265625 0.0341796875
38 0.154541015625 0.384521484375 0.021484375 0.03466796875
37 0.213134765625 0.3837890625 0.02197265625 0.037109375
38 0.275634765625 0.384765625 0.0224609375 0.03857421875
39 0.333251953125 0.380859375 0.0234375 0.0322265625
41 0.392822265625 0.3818359375 0.02294921875 0.03564453125
43 0.450927734375 0.382080078125 0.02490234375 0.03759765625
45 0.50927734375 0.380615234375 0.02197265625 0.037109375
46 0.56591796875 0.379150390625 0.02294921875 0.03466796875
47 0.623046875 0.377685546875 0.02099609375 0.037109375
48 0.6787109375 0.376708984375 0.025390625 0.03369140625
49 0.740234375 0.374755859375 0.0234375 0.0341796875
50 0.79931640625 0.373291015625 0.02294921875 0.0322265625
51 0.85693359375 0.373046875 0.01953125 0.03076171875
52 0.9169921875 0.373046875 0.02783203125 0.0361328125
53 0.130126953125 0.43212890625 0.021484375 0.0361328125
42 0.187255859375 0.4306640625 0.02197265625 0.033203125
44 0.217041015625 0.42919921875 0.02490234375 0.033203125
53 0.277587890625 0.43017578125 0.0224609375 0.0341796875
46 0.306884765625 0.4296875 0.0224609375 0.03564453125
55 0.364501953125 0.4287109375 0.02294921875 0.0361328125
56 0.422607421875 0.427978515625 0.02294921875 0.03515625
57 0.479248046875 0.426025390625 0.025390625 0.037109375
58 0.535888671875 0.425048828125 0.0224609375 0.037109375
59 0.592529296875 0.424072265625 0.0234375 0.03369140625
60 0.650390625 0.423095703125 0.02294921875 0.03515625
61 0.708984375 0.422119140625 0.02392578125 0.03515625
62 0.7666015625 0.422607421875 0.0224609375 0.03564453125
63 0.8251953125 0.421630859375 0.025390625 0.033203125
65 0.1328125 0.47900390625 0.025390625 0.033203125
66 0.18994140625 0.4775390625 0.0263671875 0.033203125
40 0.13623046875 0.52294921875 0.02099609375 0.03466796875
24 0.1630859375 0.521484375 0.02490234375 0.03173828125
48 0.19287109375 0.521484375 0.02197265625 0.0322265625
53 0.25244140625 0.519287109375 0.02294921875 0.03076171875
61 0.28173828125 0.519287109375 0.02099609375 0.03466796875
52 0.308837890625 0.518798828125 0.0224609375 0.033203125
38 0.340087890625 0.517822265625 0.02099609375 0.03173828125
43 0.367431640625 0.516357421875 0.02099609375 0.03076171875
58 0.397705078125 0.515380859375 0.02099609375 0.033203125
59 0.425537109375 0.515380859375 0.02001953125 0.03369140625
54 0.142822265625 0.612548828125 0.02197265625 0.0322265625
54 0.148193359375 0.698486328125 0.02294921875 0.03076171875
54 0.153564453125 0.74169921875 0.02001953125 0.0322265625
54 0.229248046875 0.609619140625 0.02294921875 0.03173828125
54 0.233154296875 0.695556640625 0.02099609375 0.0322265625
54 0.314453125 0.606689453125 0.0224609375 0.03125
54 0.31787109375 0.691650390625 0.0224609375 0.03173828125
54 0.37109375 0.605224609375 0.02001953125 0.03173828125
54 0.402587890625 0.687744140625 0.0224609375 0.03125
54 0.455810546875 0.602294921875 0.02392578125 0.03076171875
54 0.483642578125 0.685302734375 0.01953125 0.03125
54 0.537841796875 0.601318359375 0.02294921875 0.03125
54 0.564697265625 0.682373046875 0.02197265625 0.03125
54 0.620849609375 0.599365234375 0.02197265625 0.03173828125
54 0.648193359375 0.682861328125 0.02099609375 0.03125
54 0.705322265625 0.599853515625 0.02294921875 0.03076171875
54 0.731201171875 0.684814453125 0.02197265625 0.03076171875
54 0.789306640625 0.600341796875 0.0234375 0.0322265625
54 0.816650390625 0.684326171875 0.0224609375 0.02978515625
54 0.875732421875 0.600341796875 0.02197265625 0.03173828125
0 0.170166015625 0.611572265625 0.02294921875 0.0322265625
0 0.177490234375 0.739990234375 0.0224609375 0.03076171875
1 0.256103515625 0.608642578125 0.0224609375 0.03369140625
1 0.172607421875 0.698486328125 0.0185546875 0.0322265625
2 0.33984375 0.606689453125 0.0185546875 0.03173828125
3 0.3984375 0.604248046875 0.02001953125 0.033203125
4 0.481201171875 0.601806640625 0.02197265625 0.0322265625
5 0.564208984375 0.598876953125 0.02294921875 0.03125
6 0.646728515625 0.598876953125 0.02294921875 0.03125
7 0.732666015625 0.599853515625 0.0224609375 0.033203125
8 0.817626953125 0.601318359375 0.021484375 0.0302734375
9 0.904541015625 0.601318359375 0.02099609375 0.03369140625
9 0.843505859375 0.684814453125 0.021484375 0.02880859375
8 0.758544921875 0.683837890625 0.021484375 0.0302734375
7 0.675048828125 0.683349609375 0.01953125 0.0302734375
6 0.592041015625 0.681884765625 0.02099609375 0.02978515625
5 0.509033203125 0.684326171875 0.021484375 0.033203125
4 0.3447265625 0.690673828125 0.021484375 0.0302734375
3 0.259521484375 0.694580078125 0.0224609375 0.03173828125
2 0.427978515625 0.687744140625 0.01953125 0.03125
52 0.159912109375 0.86376953125 0.02392578125 0.0302734375
37 0.186279296875 0.861328125 0.01953125 0.03173828125
46 0.214599609375 0.8603515625 0.0234375 0.0322265625
37 0.24169921875 0.8583984375 0.01953125 0.03173828125
53 0.270263671875 0.85302734375 0.0205078125 0.02685546875
41 0.297607421875 0.8525390625 0.02294921875 0.0283203125
37 0.323486328125 0.8505859375 0.017578125 0.029296875
53 0.351318359375 0.849609375 0.021484375 0.02978515625
46 0.377685546875 0.8486328125 0.021484375 0.0302734375
61 0.430908203125 0.8486328125 0.02294921875 0.0302734375
52 0.457763671875 0.84912109375 0.0205078125 0.02978515625
37 0.482666015625 0.849365234375 0.0166015625 0.029296875
46 0.511474609375 0.849853515625 0.021484375 0.03173828125
37 0.537841796875 0.849365234375 0.02099609375 0.029296875
59 0.593017578125 0.851318359375 0.0205078125 0.0302734375
37 0.618408203125 0.850830078125 0.02001953125 0.0302734375
48 0.673095703125 0.853759765625 0.02099609375 0.0322265625
53 0.701416015625 0.855224609375 0.021484375 0.0322265625
65 0.728759765625 0.854736328125 0.02294921875 0.03173828125
55 0.756103515625 0.856201171875 0.02001953125 0.029296875
50 0.1630859375 0.900146484375 0.0205078125 0.02490234375
61 0.19189453125 0.899169921875 0.02294921875 0.02490234375
52 0.218994140625 0.896240234375 0.02099609375 0.02783203125
61 0.246337890625 0.89501953125 0.021484375 0.02490234375
59 0.272705078125 0.8916015625 0.01904296875 0.029296875
60 0.300048828125 0.8896484375 0.01806640625 0.0283203125
37 0.324951171875 0.8896484375 0.01611328125 0.02490234375
50 0.378662109375 0.89013671875 0.01806640625 0.02978515625
37 0.403564453125 0.890625 0.01953125 0.03076171875
65 0.431884765625 0.89111328125 0.02197265625 0.03271484375
55 0.457763671875 0.8916015625 0.02099609375 0.02978515625