60 0.027776666666666665 0.061110000000000005 0.05333333333333334 0.09111
60 0.11 0.059443333333333334 0.048889999999999996 0.07889
43 0.1972233333333333 0.058333333333333334 0.05 0.08111
58 0.2805566666666667 0.06222333333333333 0.05 0.08444333333333334
59 0.36889000000000005 0.06 0.05111 0.08
53 0.5416666666666666 0.06722333333333333 0.05444333333333334 0.09
55 0.6261099999999999 0.06833333333333333 0.05889 0.09666666666666666
59 0.7977766666666667 0.07611000000000001 0.05111 0.07666666666666666
56 0.8805566666666667 0.07722333333333332 0.04777666666666667 0.08111
37 0.9594433333333333 0.07666666666666666 0.05 0.08
43 0.09333333333333334 0.3383333333333333 0.05333333333333334 0.09889
45 0.18 0.33388999999999996 0.055556666666666664 0.09
46 0.27166666666666667 0.3372233333333333 0.05444333333333334 0.09222333333333334
47 0.36 0.33777666666666667 0.05111 0.09777666666666666
48 0.44889 0.3427766666666666 0.048889999999999996 0.09
49 0.53611 0.3427766666666666 0.05 0.09444333333333332
50 0.6244433333333334 0.3444433333333333 0.055556666666666664 0.08889000000000001
51 0.7183333333333334 0.3477766666666666 0.061110000000000005 0.09333333333333334
52 0.8005566666666667 0.34833333333333333 0.056666666666666664 0.09889
53 0.8883333333333333 0.34944333333333333 0.05889 0.09444333333333332
66 0.085 0.47722333333333333 0.05444333333333334 0.09444333333333332
40 0.2622233333333333 0.48389000000000004 0.06222333333333333 0.09444333333333332
40 0.35389000000000004 0.485 0.05889 0.09
40 0.44166666666666665 0.49 0.061110000000000005 0.09555666666666668
54 0.6238900000000001 0.49 0.061110000000000005 0.1
54 0.805 0.49222333333333335 0.05889 0.10222333333333333
47 0.08111 0.6166666666666667 0.05333333333333334 0.09777666666666666
59 0.25833333333333336 0.6194433333333333 0.06555666666666667 0.09222333333333334
56 0.35333333333333333 0.62 0.06 0.1
37 0.4394433333333333 0.6161099999999999 0.056666666666666664 0.09666666666666666
39 0.53111 0.6172233333333333 0.05777666666666667 0.09444333333333332
43 0.6205566666666666 0.62 0.061110000000000005 0.09111
38 0.16666666666666666 0.7644433333333334 0.05777666666666667 0.08889000000000001
39 0.3455566666666667 0.7577766666666667 0.06 0.08666666666666667
41 0.5238900000000001 0.77 0.061110000000000005 0.09777666666666666
43 0.7077766666666666 0.7772233333333334 0.06 0.10110999999999999
45 0.8883333333333333 0.7772233333333334 0.056666666666666664 0.09444333333333332
53 0.15889 0.9116666666666666 0.06 0.09666666666666666
46 0.25111 0.91111 0.05777666666666667 0.09555666666666668
55 0.43389 0.9227766666666667 0.06333333333333334 0.10333333333333333
56 0.6133333333333333 0.9216666666666666 0.06222333333333333 0.09889
57 0.7927766666666667 0.9216666666666666 0.05889 0.09222333333333334
58 0.96889 0.92 0.06 0.09555666666666668
54 0.9766666666666667 0.4994433333333333 0.04666666666666667 0.09