60 0.029052734375 0.1533203125 0.0390625 0.07470703125
43 0.097900390625 0.147705078125 0.04345703125 0.07470703125
58 0.166748046875 0.14794921875 0.04541015625 0.0771484375
59 0.23828125 0.14599609375 0.04443359375 0.076171875
53 0.380859375 0.140869140625 0.04443359375 0.07958984375
55 0.45361328125 0.1396484375 0.046875 0.07861328125
59 0.6015625 0.136962890625 0.046875 0.0751953125
56 0.67333984375 0.135009765625 0.04345703125 0.07666015625
37 0.748046875 0.13330078125 0.0478515625 0.07763671875
39 0.82373046875 0.133544921875 0.046875 0.0732421875
43 0.89404296875 0.135009765625 0.04296875 0.0712890625
43 0.043212890625 0.38037109375 0.041015625 0.0693359375
45 0.110595703125 0.380126953125 0.04443359375 0.0703125
46 0.180908203125 0.379150390625 0.04345703125 0.07373046875
47 0.249755859375 0.37744140625 0.04541015625 0.0732421875
48 0.320068359375 0.375732421875 0.0419921875 0.07080078125
49 0.393310546875 0.378662109375 0.04150390625 0.07861328125
50 0.461181640625 0.3779296875 0.04443359375 0.0771484375
51 0.531494140625 0.376708984375 0.03857421875 0.072265625
52 0.600830078125 0.377197265625 0.0458984375 0.07568359375
53 0.671630859375 0.37548828125 0.0439453125 0.07177734375
42 0.814208984375 0.3740234375 0.0478515625 0.0751953125
44 0.887451171875 0.374267578125 0.04296875 0.0751953125
66 0.053466796875 0.495361328125 0.046875 0.0712890625
40 0.189697265625 0.494873046875 0.04833984375 0.0703125
40 0.256591796875 0.492431640625 0.046875 0.06787109375
40 0.324951171875 0.494873046875 0.05224609375 0.06396484375
54 0.464111328125 0.49169921875 0.041015625 0.0693359375
54 0.600830078125 0.489013671875 0.044921875 0.072265625
54 0.739990234375 0.492431640625 0.04541015625 0.0693359375
47 0.062744140625 0.60009765625 0.041015625 0.07080078125
59 0.196533203125 0.596923828125 0.04443359375 0.06787109375
56 0.26123046875 0.593505859375 0.044921875 0.0693359375
37 0.32861328125 0.591796875 0.04443359375 0.0654296875
39 0.3994140625 0.591064453125 0.0400390625 0.064453125
43 0.46630859375 0.589111328125 0.041015625 0.06201171875
38 0.13671875 0.696533203125 0.0390625 0.06005859375
39 0.267578125 0.692626953125 0.044921875 0.05908203125
41 0.40087890625 0.695068359375 0.041015625 0.06396484375
43 0.5322265625 0.696044921875 0.044921875 0.06591796875
45 0.66943359375 0.69775390625 0.04296875 0.0673828125
46 0.8037109375 0.697998046875 0.044921875 0.06396484375
47 0.94091796875 0.698974609375 0.04052734375 0.0703125
53 0.023681640625 0.796142578125 0.0380859375 0.05859375
53 0.148193359375 0.797119140625 0.0390625 0.06396484375
46 0.211181640625 0.79638671875 0.03662109375 0.06298828125
55 0.339599609375 0.79833984375 0.0419921875 0.064453125
56 0.469482421875 0.797119140625 0.0419921875 0.06689453125
57 0.600830078125 0.800048828125 0.0419921875 0.064453125
58 0.734130859375 0.79931640625 0.04052734375 0.06494140625
59 0.866455078125 0.802490234375 0.044921875 0.068359375
53 0.103271484375 0.969970703125 0.0439453125 0.0576171875
61 0.16748046875 0.9697265625 0.048828125 0.060546875
52 0.22509765625 0.97216796875 0.0419921875 0.0556640625
38 0.283203125 0.970703125 0.0390625 0.05859375