40 0.192626953125 0.145263671875 0.021484375 0.0380859375
22 0.220947265625 0.145263671875 0.021484375 0.0380859375
43 0.251708984375 0.1435546875 0.021484375 0.0380859375
60 0.283935546875 0.144287109375 0.021484375 0.0380859375
60 0.315673828125 0.14453125 0.021484375 0.0380859375
43 0.345947265625 0.14306640625 0.021484375 0.0380859375
58 0.376708984375 0.143798828125 0.021484375 0.0380859375
59 0.407470703125 0.14404296875 0.021484375 0.0380859375
53 0.47119140625 0.144775390625 0.021484375 0.0380859375
55 0.501953125 0.14599609375 0.021484375 0.0380859375
59 0.56689453125 0.145751953125 0.021484375 0.0380859375
56 0.59619140625 0.14501953125 0.021484375 0.0380859375
37 0.62744140625 0.144775390625 0.021484375 0.0380859375
39 0.66162109375 0.14599609375 0.021484375 0.0380859375
43 0.693359375 0.14697265625 0.021484375 0.0380859375
37 0.19384765625 0.246337890625 0.021484375 0.0380859375
38 0.22412109375 0.246337890625 0.021484375 0.0380859375
39 0.2568359375 0.24755859375 0.021484375 0.0380859375
41 0.28466796875 0.249755859375 0.021484375 0.0380859375
43 0.314453125 0.247802734375 0.021484375 0.0380859375
45 0.34716796875 0.248046875 0.021484375 0.0380859375
46 0.3779296875 0.250732421875 0.021484375 0.0380859375
47 0.4072265625 0.2490234375 0.021484375 0.0380859375
48 0.43798828125 0.24853515625 0.021484375 0.0380859375
49 0.46923828125 0.248291015625 0.021484375 0.0380859375
50 0.49951171875 0.25 0.021484375 0.0380859375
51 0.52978515625 0.251708984375 0.021484375 0.0380859375
52 0.56201171875 0.252197265625 0.021484375 0.0380859375
53 0.59326171875 0.251953125 0.021484375 0.0380859375
42 0.65673828125 0.25341796875 0.021484375 0.0380859375
44 0.68798828125 0.25341796875 0.021484375 0.0380859375
53 0.75 0.25390625 0.021484375 0.0380859375
46 0.78271484375 0.255615234375 0.021484375 0.0380859375
55 0.84521484375 0.25537109375 0.021484375 0.0380859375
56 0.87744140625 0.255126953125 0.021484375 0.0380859375
57 0.9111328125 0.25634765625 0.021484375 0.0380859375
58 0.94140625 0.2568359375 0.021484375 0.0380859375
59 0.974609375 0.257080078125 0.021484375 0.0380859375
62 0.196044921875 0.297607421875 0.021484375 0.0380859375
63 0.226318359375 0.299072265625 0.021484375 0.0380859375
64 0.257080078125 0.2978515625 0.021484375 0.0380859375
65 0.286376953125 0.297607421875 0.021484375 0.0380859375
66 0.316650390625 0.30029296875 0.021484375 0.0380859375
40 0.378662109375 0.301513671875 0.021484375 0.0380859375
40 0.408935546875 0.30029296875 0.021484375 0.0380859375
40 0.441650390625 0.30126953125 0.021484375 0.0380859375
54 0.500244140625 0.3046875 0.021484375 0.0380859375
54 0.560791015625 0.303466796875 0.021484375 0.0380859375
54 0.622802734375 0.305908203125 0.021484375 0.0380859375
40 0.1962890625 0.346435546875 0.021484375 0.0380859375
33 0.228515625 0.346923828125 0.021484375 0.0380859375
48 0.25634765625 0.34619140625 0.021484375 0.0380859375
60 0.287109375 0.346435546875 0.021484375 0.0380859375
47 0.31689453125 0.34619140625 0.021484375 0.0380859375
59 0.37841796875 0.347900390625 0.021484375 0.0380859375
56 0.4091796875 0.34912109375 0.021484375 0.0380859375
37 0.43896484375 0.3505859375 0.021484375 0.0380859375
39 0.47021484375 0.350830078125 0.021484375 0.0380859375
43 0.5 0.35205078125 0.021484375 0.0380859375
37 0.198486328125 0.396240234375 0.021484375 0.0380859375
38 0.228271484375 0.395263671875 0.021484375 0.0380859375
37 0.288818359375 0.396728515625 0.021484375 0.0380859375
38 0.34912109375 0.39892578125 0.021484375 0.0380859375
39 0.4091796875 0.39990234375 0.021484375 0.0380859375
41 0.46826171875 0.402099609375 0.021484375 0.0380859375
43 0.52880859375 0.403076171875 0.021484375 0.0380859375
45 0.5888671875 0.40087890625 0.021484375 0.0380859375
46 0.650390625 0.405029296875 0.021484375 0.0380859375
47 0.71142578125 0.402587890625 0.021484375 0.0380859375
48 0.77294921875 0.40576171875 0.021484375 0.0380859375
49 0.83447265625 0.40673828125 0.021484375 0.0380859375
50 0.89453125 0.407470703125 0.021484375 0.0380859375
51 0.95751953125 0.408447265625 0.021484375 0.0380859375
53 0.201416015625 0.441650390625 0.021484375 0.0380859375
42 0.260498046875 0.4453125 0.021484375 0.0380859375
44 0.290771484375 0.445068359375 0.021484375 0.0380859375
53 0.351318359375 0.447265625 0.021484375 0.0380859375
46 0.380615234375 0.447021484375 0.021484375 0.0380859375
55 0.439697265625 0.44873046875 0.021484375 0.0380859375
56 0.497802734375 0.4482421875 0.021484375 0.0380859375
57 0.558349609375 0.452392578125 0.021484375 0.0380859375
58 0.616455078125 0.450927734375 0.021484375 0.0380859375
59 0.676025390625 0.4521484375 0.021484375 0.0380859375
60 0.739013671875 0.45263671875 0.021484375 0.0380859375
61 0.799072265625 0.453857421875 0.021484375 0.0380859375
62 0.860595703125 0.45654296875 0.021484375 0.0380859375
63 0.923095703125 0.45751953125 0.021484375 0.0380859375
65 0.203125 0.489013671875 0.021484375 0.0380859375
66 0.26416015625 0.49169921875 0.021484375 0.03466796875
40 0.207763671875 0.533935546875 0.021484375 0.0380859375
24 0.235107421875 0.53515625 0.021484375 0.0380859375
48 0.263916015625 0.5341796875 0.021484375 0.0380859375
53 0.322509765625 0.53515625 0.021484375 0.0380859375
61 0.351318359375 0.53564453125 0.021484375 0.0380859375
52 0.381103515625 0.535888671875 0.021484375 0.0380859375
38 0.408935546875 0.53515625 0.021484375 0.0380859375
43 0.438720703125 0.53515625 0.021484375 0.0380859375
58 0.467041015625 0.536865234375 0.021484375 0.0380859375
59 0.497314453125 0.53759765625 0.021484375 0.0380859375
54 0.210205078125 0.626220703125 0.01953125 0.03173828125
54 0.209228515625 0.716064453125 0.01953125 0.03173828125
54 0.20751953125 0.761962890625 0.01953125 0.03173828125
54 0.295166015625 0.627685546875 0.01953125 0.03173828125
54 0.293701171875 0.718505859375 0.01953125 0.03173828125
54 0.381103515625 0.629150390625 0.01953125 0.03173828125
54 0.379638671875 0.720458984375 0.01953125 0.03173828125
54 0.439208984375 0.63037109375 0.01953125 0.03173828125
54 0.465576171875 0.722412109375 0.01953125 0.03173828125
54 0.525146484375 0.63330078125 0.01953125 0.03173828125
54 0.552490234375 0.721923828125 0.01953125 0.03173828125
54 0.612548828125 0.633544921875 0.01953125 0.03173828125
54 0.638427734375 0.724853515625 0.01953125 0.03173828125
54 0.700439453125 0.635986328125 0.01953125 0.03173828125
54 0.727783203125 0.724365234375 0.01953125 0.03173828125
54 0.787841796875 0.639404296875 0.01953125 0.03173828125
54 0.814453125 0.730712890625 0.01953125 0.03173828125
54 0.878662109375 0.642822265625 0.01953125 0.03173828125
54 0.967041015625 0.644287109375 0.01953125 0.03173828125
54 0.904296875 0.730712890625 0.01953125 0.03173828125
0 0.238525390625 0.6259765625 0.01953125 0.03173828125
0 0.236328125 0.76123046875 0.01953125 0.03173828125
1 0.323486328125 0.62646484375 0.01953125 0.03173828125
2 0.408935546875 0.62890625 0.01953125 0.03173828125
3 0.467041015625 0.629638671875 0.01953125 0.03173828125
4 0.553466796875 0.630615234375 0.01953125 0.03173828125
5 0.641845703125 0.633544921875 0.01953125 0.03173828125
6 0.729736328125 0.635009765625 0.01953125 0.03173828125
7 0.818115234375 0.639892578125 0.01953125 0.03173828125
8 0.908935546875 0.640625 0.01953125 0.03173828125
9 0.931640625 0.73193359375 0.01953125 0.03173828125
8 0.84521484375 0.73046875 0.01953125 0.03173828125
7 0.754638671875 0.72607421875 0.01953125 0.03173828125
6 0.667724609375 0.724609375 0.01953125 0.03173828125
5 0.580322265625 0.7216796875 0.01953125 0.03173828125
2 0.494384765625 0.72216796875 0.01953125 0.03173828125
4 0.407958984375 0.71875 0.01953125 0.03173828125
3 0.322998046875 0.71875 0.01953125 0.03173828125
52 0.207763671875 0.896240234375 0.0205078125 0.033203125
1 0.237060546875 0.71533203125 0.01953125 0.03173828125
37 0.234130859375 0.897216796875 0.0205078125 0.033203125
46 0.263916015625 0.89794921875 0.0205078125 0.033203125
37 0.290771484375 0.898193359375 0.0205078125 0.033203125
53 0.319091796875 0.898681640625 0.0205078125 0.033203125
41 0.347412109375 0.89892578125 0.0205078125 0.033203125
37 0.375732421875 0.899658203125 0.0205078125 0.033203125
53 0.40625 0.90087890625 0.0205078125 0.033203125
46 0.43359375 0.900390625 0.0205078125 0.033203125
61 0.49072265625 0.90380859375 0.0205078125 0.033203125
61 0.49072265625 0.90380859375 0.0205078125 0.033203125
37 0.54833984375 0.905517578125 0.0205078125 0.033203125
52 0.52001953125 0.9052734375 0.0205078125 0.033203125
46 0.57763671875 0.90478515625 0.0205078125 0.033203125
37 0.6064453125 0.90625 0.0205078125 0.033203125
37 0.376220703125 0.945068359375 0.0205078125 0.033203125
61 0.29248046875 0.941162109375 0.0205078125 0.033203125
50 0.20703125 0.941650390625 0.0205078125 0.033203125
52 0.2626953125 0.94140625 0.0205078125 0.033203125
59 0.320068359375 0.942626953125 0.0205078125 0.033203125
60 0.349853515625 0.943359375 0.0205078125 0.033203125
61 0.236328125 0.9423828125 0.0205078125 0.033203125
50 0.432861328125 0.9462890625 0.0205078125 0.033203125
37 0.461669921875 0.946044921875 0.0205078125 0.033203125
65 0.490966796875 0.94580078125 0.0205078125 0.033203125
55 0.519287109375 0.94775390625 0.0205078125 0.033203125
37 0.6943359375 0.9072265625 0.0205078125 0.033203125
59 0.6650390625 0.90576171875 0.0205078125 0.033203125
48 0.7509765625 0.90771484375 0.0205078125 0.033203125
53 0.7802734375 0.908203125 0.0205078125 0.033203125
65 0.8076171875 0.909912109375 0.0205078125 0.033203125
55 0.8369140625 0.90966796875 0.0205078125 0.033203125