40 0.037841796875 0.064453125 0.02783203125 0.04150390625
22 0.072998046875 0.064453125 0.02880859375 0.04150390625
14 0.105224609375 0.064208984375 0.0224609375 0.03564453125
30 0.138427734375 0.064208984375 0.025390625 0.03955078125
30 0.17333984375 0.063232421875 0.0234375 0.0390625
14 0.206787109375 0.0625 0.025390625 0.03857421875
28 0.241943359375 0.06298828125 0.0234375 0.041015625
29 0.2783203125 0.063232421875 0.02490234375 0.03857421875
53 0.34716796875 0.063720703125 0.025390625 0.0419921875
55 0.38232421875 0.064208984375 0.025390625 0.0419921875
59 0.45361328125 0.0654296875 0.02490234375 0.0400390625
56 0.48876953125 0.064697265625 0.025390625 0.04248046875
37 0.5224609375 0.064453125 0.02197265625 0.0361328125
39 0.55712890625 0.065185546875 0.0234375 0.03857421875
43 0.59228515625 0.065673828125 0.02490234375 0.041015625
37 0.043701171875 0.178955078125 0.02294921875 0.037109375
38 0.077392578125 0.17919921875 0.02294921875 0.03759765625
39 0.110107421875 0.179443359375 0.0224609375 0.037109375
41 0.145263671875 0.17919921875 0.0224609375 0.0361328125
43 0.178466796875 0.178955078125 0.02392578125 0.03515625
45 0.212158203125 0.179931640625 0.02099609375 0.0361328125
46 0.246337890625 0.181640625 0.0234375 0.0380859375
47 0.280517578125 0.181640625 0.021484375 0.0380859375
48 0.315673828125 0.181396484375 0.021484375 0.03515625
49 0.348876953125 0.182861328125 0.02099609375 0.037109375
50 0.383056640625 0.183349609375 0.0234375 0.0380859375
51 0.418212890625 0.1826171875 0.02294921875 0.0400390625
52 0.451416015625 0.18408203125 0.02294921875 0.0390625
53 0.485595703125 0.184814453125 0.0224609375 0.0380859375
42 0.552490234375 0.187255859375 0.02490234375 0.03857421875
44 0.587646484375 0.187744140625 0.02294921875 0.03955078125
53 0.655517578125 0.187744140625 0.025390625 0.037109375
46 0.689453125 0.18798828125 0.02099609375 0.0361328125
55 0.7587890625 0.191162109375 0.0224609375 0.03857421875
56 0.79345703125 0.18994140625 0.0263671875 0.03955078125
57 0.82861328125 0.19091796875 0.0234375 0.037109375
58 0.861328125 0.191162109375 0.02392578125 0.03759765625
59 0.89599609375 0.19091796875 0.02294921875 0.037109375
60 0.9296875 0.192626953125 0.025390625 0.037109375
61 0.962890625 0.1943359375 0.02197265625 0.0380859375
62 0.047607421875 0.235595703125 0.02490234375 0.03564453125
63 0.081298828125 0.2373046875 0.0234375 0.03564453125
64 0.114013671875 0.23779296875 0.02197265625 0.037109375
65 0.146728515625 0.238037109375 0.0234375 0.03759765625
66 0.179931640625 0.238037109375 0.02392578125 0.03759765625
40 0.246826171875 0.2373046875 0.02490234375 0.037109375
40 0.281005859375 0.23828125 0.02490234375 0.0361328125
40 0.316162109375 0.239990234375 0.02294921875 0.037109375
54 0.383544921875 0.240966796875 0.021484375 0.03857421875
54 0.450927734375 0.2431640625 0.02099609375 0.0361328125
54 0.51806640625 0.244140625 0.0224609375 0.03759765625
40 0.04833984375 0.291259765625 0.02734375 0.03564453125
33 0.0830078125 0.29150390625 0.0234375 0.03759765625
19 0.1162109375 0.29248046875 0.02197265625 0.0380859375
30 0.1494140625 0.292236328125 0.0224609375 0.03857421875
18 0.181640625 0.292236328125 0.02490234375 0.03955078125
59 0.2509765625 0.29296875 0.0234375 0.037109375
56 0.28369140625 0.29296875 0.02294921875 0.03759765625
37 0.318359375 0.294677734375 0.02392578125 0.0380859375
39 0.35107421875 0.29443359375 0.0224609375 0.0380859375
43 0.38427734375 0.294189453125 0.0234375 0.037109375
37 0.052490234375 0.344482421875 0.021484375 0.03466796875
38 0.087646484375 0.344970703125 0.0234375 0.03466796875
37 0.154052734375 0.343994140625 0.02197265625 0.033203125
38 0.221435546875 0.345458984375 0.02587890625 0.03564453125
39 0.284912109375 0.34716796875 0.02197265625 0.03466796875
41 0.352783203125 0.349609375 0.02294921875 0.03955078125
43 0.417724609375 0.35107421875 0.02197265625 0.03759765625
45 0.483642578125 0.352294921875 0.02197265625 0.037109375
46 0.548095703125 0.351806640625 0.0234375 0.0390625
47 0.614501953125 0.353759765625 0.02197265625 0.03759765625
48 0.679931640625 0.354248046875 0.02490234375 0.0361328125
49 0.7470703125 0.357421875 0.021484375 0.0400390625
50 0.8134765625 0.3564453125 0.02490234375 0.03515625
51 0.88037109375 0.35693359375 0.02587890625 0.037109375
52 0.9443359375 0.359619140625 0.02587890625 0.0341796875
53 0.0556640625 0.399169921875 0.02392578125 0.037109375
42 0.121337890625 0.3994140625 0.02490234375 0.033203125
44 0.153564453125 0.399169921875 0.02490234375 0.03515625
53 0.220947265625 0.400634765625 0.02197265625 0.03466796875
46 0.2548828125 0.399658203125 0.02294921875 0.03369140625
55 0.319580078125 0.403076171875 0.0224609375 0.0380859375
56 0.384521484375 0.403076171875 0.0224609375 0.0361328125
57 0.449951171875 0.40576171875 0.02197265625 0.03759765625
58 0.513916015625 0.405029296875 0.02099609375 0.033203125
59 0.580322265625 0.4072265625 0.02490234375 0.0361328125
60 0.642333984375 0.406494140625 0.02197265625 0.03759765625
61 0.707763671875 0.4072265625 0.02294921875 0.03759765625
62 0.772705078125 0.4091796875 0.02001953125 0.03466796875
63 0.841064453125 0.410400390625 0.0234375 0.03564453125
65 0.059326171875 0.45166015625 0.02587890625 0.03515625
66 0.125732421875 0.45166015625 0.02490234375 0.03564453125
40 0.06494140625 0.501708984375 0.021484375 0.03076171875
24 0.0966796875 0.500732421875 0.02587890625 0.03759765625
19 0.12890625 0.500732421875 0.02294921875 0.03466796875
53 0.193359375 0.501708984375 0.02197265625 0.03564453125
61 0.2265625 0.50146484375 0.0234375 0.03564453125
52 0.2587890625 0.501220703125 0.02294921875 0.03515625
38 0.291015625 0.5009765625 0.02294921875 0.03515625
43 0.32275390625 0.50244140625 0.02099609375 0.0341796875
58 0.35498046875 0.502197265625 0.02197265625 0.03466796875
59 0.38818359375 0.503173828125 0.0224609375 0.0380859375
54 0.073974609375 0.60107421875 0.02099609375 0.03369140625
54 0.168212890625 0.6005859375 0.02099609375 0.0302734375
54 0.263427734375 0.599853515625 0.01904296875 0.03466796875
54 0.326416015625 0.599609375 0.02001953125 0.03369140625
54 0.419677734375 0.60009765625 0.0185546875 0.03369140625
54 0.510498046875 0.599365234375 0.01953125 0.0322265625
54 0.602294921875 0.601318359375 0.01904296875 0.0322265625
54 0.695556640625 0.605224609375 0.021484375 0.03173828125
54 0.79052734375 0.60791015625 0.01953125 0.03369140625
54 0.88623046875 0.610107421875 0.02197265625 0.03076171875
54 0.080322265625 0.69384765625 0.01953125 0.03125
54 0.1728515625 0.692626953125 0.02001953125 0.03125
54 0.26513671875 0.693603515625 0.0224609375 0.03076171875
54 0.358642578125 0.691650390625 0.01953125 0.03125
54 0.449462890625 0.689453125 0.02099609375 0.0322265625
54 0.537841796875 0.69091796875 0.01904296875 0.03125
54 0.6298828125 0.69384765625 0.02001953125 0.0302734375
54 0.72265625 0.696533203125 0.02001953125 0.03125
54 0.814697265625 0.700439453125 0.021484375 0.02978515625
54 0.083251953125 0.74072265625 0.01953125 0.029296875
0 0.105712890625 0.601318359375 0.02294921875 0.03515625
1 0.198486328125 0.6005859375 0.02294921875 0.033203125
2 0.295166015625 0.598876953125 0.021484375 0.033203125
3 0.356689453125 0.598876953125 0.02197265625 0.0322265625
4 0.448974609375 0.60009765625 0.021484375 0.03369140625
5 0.541748046875 0.60009765625 0.02001953125 0.03369140625
6 0.633056640625 0.601318359375 0.01904296875 0.03076171875
7 0.727294921875 0.604736328125 0.01953125 0.0341796875
8 0.822265625 0.608154296875 0.01904296875 0.03369140625
9 0.91845703125 0.6103515625 0.0224609375 0.03173828125
1 0.107666015625 0.692138671875 0.02099609375 0.03076171875
3 0.202880859375 0.6923828125 0.02099609375 0.029296875
4 0.29736328125 0.693603515625 0.02099609375 0.03369140625
2 0.388671875 0.692138671875 0.01953125 0.03125
5 0.478759765625 0.689697265625 0.02099609375 0.03125
6 0.570068359375 0.691650390625 0.02099609375 0.03369140625
7 0.66064453125 0.69384765625 0.01904296875 0.03076171875
8 0.751708984375 0.69775390625 0.0185546875 0.0322265625
9 0.844970703125 0.702880859375 0.02099609375 0.03173828125
0 0.114501953125 0.740234375 0.0185546875 0.0302734375
52 0.093017578125 0.871337890625 0.0224609375 0.03076171875
37 0.123291015625 0.86962890625 0.0224609375 0.03076171875
46 0.153564453125 0.868896484375 0.0224609375 0.03076171875
37 0.182861328125 0.867431640625 0.0224609375 0.03076171875
53 0.212646484375 0.865966796875 0.0224609375 0.03076171875
41 0.242919921875 0.8662109375 0.0224609375 0.03076171875
37 0.271728515625 0.865478515625 0.0224609375 0.03076171875
53 0.302490234375 0.863525390625 0.0224609375 0.03076171875
46 0.33203125 0.861328125 0.0224609375 0.03076171875
61 0.38916015625 0.861572265625 0.0224609375 0.03076171875
52 0.41943359375 0.8623046875 0.0224609375 0.03076171875
37 0.447265625 0.862060546875 0.0224609375 0.03076171875
46 0.477783203125 0.863525390625 0.0224609375 0.03076171875
37 0.506103515625 0.863525390625 0.0224609375 0.03076171875
59 0.564208984375 0.867919921875 0.0224609375 0.03076171875
37 0.593017578125 0.867431640625 0.0224609375 0.03076171875
48 0.650634765625 0.872802734375 0.0224609375 0.03076171875
53 0.68212890625 0.873779296875 0.0224609375 0.03076171875
65 0.7099609375 0.8759765625 0.0224609375 0.03076171875
55 0.74072265625 0.877685546875 0.0224609375 0.03076171875
50 0.098876953125 0.910400390625 0.0224609375 0.03076171875
61 0.129150390625 0.908935546875 0.0224609375 0.03076171875
52 0.157958984375 0.90771484375 0.0224609375 0.03076171875
61 0.187744140625 0.907470703125 0.0224609375 0.03076171875
60 0.246337890625 0.90576171875 0.0224609375 0.03076171875
59 0.216064453125 0.905029296875 0.0224609375 0.03076171875
37 0.2763671875 0.903564453125 0.0224609375 0.03076171875
50 0.3330078125 0.90234375 0.0224609375 0.03076171875
37 0.36083984375 0.902587890625 0.0224609375 0.03076171875
65 0.389892578125 0.904541015625 0.0224609375 0.03076171875
55 0.418701171875 0.90478515625 0.0224609375 0.03076171875