48 0.121337890625 0.284912109375 0.05078125 0.07763671875
49 0.271728515625 0.27734375 0.04736328125 0.08056640625
50 0.421630859375 0.26806640625 0.05078125 0.07421875
51 0.571044921875 0.261962890625 0.0517578125 0.07861328125
52 0.719970703125 0.25537109375 0.0537109375 0.08203125
60 0.048583984375 0.4072265625 0.05517578125 0.083984375
61 0.19873046875 0.39794921875 0.0517578125 0.083984375
62 0.350341796875 0.393310546875 0.05712890625 0.083984375
63 0.501708984375 0.3857421875 0.0537109375 0.08056640625
54 0.216552734375 0.897705078125 0.052734375 0.0908203125
54 0.455322265625 0.8876953125 0.05517578125 0.08740234375
54 0.69189453125 0.878173828125 0.052734375 0.091796875
7 0.292724609375 0.893798828125 0.0537109375 0.091796875
8 0.532958984375 0.8857421875 0.05517578125 0.09521484375
9 0.7724609375 0.873779296875 0.05615234375 0.0908203125