59 0.061943333333333336 0.14222333333333334 0.03166666666666667 0.05
56 0.10639 0.13944333333333334 0.03166666666666667 0.04555666666666666
37 0.14861 0.14 0.03166666666666667 0.048889999999999996
39 0.19 0.13889 0.02889 0.04666666666666667
43 0.23611000000000001 0.13916666666666666 0.03222333333333333 0.051666666666666666
51 0.029723333333333334 0.28694333333333333 0.030556666666666666 0.046110000000000005
52 0.07139 0.285 0.03277666666666667 0.04777666666666667
53 0.11472333333333334 0.2833333333333333 0.03166666666666667 0.04777666666666667
42 0.1975 0.2844433333333333 0.03389 0.04777666666666667
44 0.24361000000000002 0.28389 0.030556666666666666 0.04666666666666667
53 0.32805666666666666 0.2816666666666667 0.03166666666666667 0.05
46 0.37 0.28139 0.02889 0.04833333333333333
55 0.45666666666666667 0.28 0.03 0.04666666666666667
56 0.49777666666666665 0.27861 0.03222333333333333 0.046110000000000005
57 0.5402766666666666 0.2791666666666667 0.029443333333333332 0.046110000000000005
58 0.58389 0.27666666666666667 0.03111 0.04666666666666667
59 0.6258333333333334 0.27638999999999997 0.029443333333333332 0.04389
60 0.6686099999999999 0.27555666666666667 0.03166666666666667 0.04555666666666666
61 0.7105566666666667 0.27416666666666667 0.03 0.046110000000000005
54 0.07805666666666666 0.35583333333333333 0.03166666666666667 0.046110000000000005
54 0.16416666666666666 0.35611 0.03277666666666667 0.043333333333333335
43 0.046110000000000005 0.49277666666666664 0.03222333333333333 0.04777666666666667
45 0.13055666666666668 0.48722333333333334 0.03111 0.04555666666666666
46 0.21416666666666667 0.48583333333333334 0.030556666666666666 0.045
47 0.29861 0.4841666666666667 0.028333333333333332 0.04389
48 0.3805566666666667 0.48222333333333334 0.02666666666666667 0.04666666666666667
49 0.46166666666666667 0.4805566666666667 0.02555666666666667 0.04777666666666667
50 0.54 0.4780566666666667 0.02889 0.04277666666666667
51 0.625 0.47444333333333333 0.03333333333333333 0.043333333333333335
52 0.70611 0.47444333333333333 0.03333333333333333 0.042223333333333335
57 0.09389 0.5547233333333333 0.03333333333333333 0.04833333333333333
58 0.17666666666666667 0.5502766666666666 0.03 0.04277666666666667
59 0.26139 0.5494433333333333 0.028333333333333332 0.044443333333333335
60 0.3416666666666667 0.5458333333333333 0.02889 0.040556666666666664
61 0.42222333333333334 0.5455566666666667 0.03111 0.044443333333333335
62 0.5022233333333334 0.5447233333333333 0.02666666666666667 0.041666666666666664
63 0.5844433333333333 0.5408333333333334 0.02889 0.041666666666666664
54 0.07666666666666666 0.8025 0.02889 0.04277666666666667
54 0.19527666666666668 0.79611 0.028333333333333332 0.04111
54 0.31444333333333335 0.7930566666666667 0.027776666666666665 0.03944333333333333
54 0.4305566666666667 0.79111 0.02666666666666667 0.04
54 0.5475 0.7916666666666666 0.026109999999999998 0.04
54 0.6666666666666666 0.7905566666666667 0.02555666666666667 0.042223333333333335
54 0.12666666666666668 0.9127766666666667 0.02555666666666667 0.04
54 0.24361000000000002 0.90861 0.02389 0.03722333333333333
54 0.35833333333333334 0.90861 0.02555666666666667 0.03944333333333333
54 0.4727766666666666 0.9075 0.02666666666666667 0.03944333333333333
54 0.59 0.9055566666666667 0.024443333333333334 0.03777666666666667
4 0.115 0.79889 0.027776666666666665 0.03889
5 0.23444333333333334 0.7952766666666666 0.03 0.041666666666666664
6 0.34972333333333333 0.7922233333333334 0.027223333333333335 0.042223333333333335
7 0.4697233333333334 0.7916666666666666 0.026109999999999998 0.03889
8 0.5863900000000001 0.7905566666666667 0.027223333333333335 0.043333333333333335
9 0.70611 0.7905566666666667 0.02666666666666667 0.042223333333333335
5 0.16389 0.9119433333333333 0.03 0.040556666666666664
6 0.27888999999999997 0.9075 0.02666666666666667 0.03722333333333333
7 0.3958333333333333 0.9083333333333333 0.02389 0.04111
8 0.51111 0.9075 0.02555666666666667 0.03944333333333333
9 0.62639 0.9044433333333333 0.02389 0.03777666666666667