54 0.053466796875 0.299560546875 0.0380859375 0.0576171875
54 0.217529296875 0.296142578125 0.03466796875 0.0556640625
54 0.384521484375 0.295166015625 0.033203125 0.05810546875
54 0.553466796875 0.291259765625 0.0322265625 0.0576171875
54 0.721435546875 0.290771484375 0.03369140625 0.05419921875
54 0.887939453125 0.289306640625 0.033203125 0.0556640625
54 0.104248046875 0.47216796875 0.0341796875 0.05615234375
54 0.271728515625 0.470703125 0.03173828125 0.05224609375
54 0.442138671875 0.46826171875 0.03369140625 0.05322265625
54 0.612548828125 0.466064453125 0.03564453125 0.05517578125
54 0.781494140625 0.464599609375 0.03369140625 0.05419921875
4 0.106201171875 0.2978515625 0.03564453125 0.05615234375
5 0.271240234375 0.294921875 0.03466796875 0.05615234375
6 0.440673828125 0.29345703125 0.03564453125 0.056640625
7 0.607177734375 0.2900390625 0.03369140625 0.05224609375
8 0.775634765625 0.28857421875 0.03369140625 0.0556640625
9 0.941162109375 0.28857421875 0.03173828125 0.05615234375
5 0.159423828125 0.470703125 0.03466796875 0.05615234375
6 0.327880859375 0.46728515625 0.033203125 0.0537109375
7 0.498291015625 0.4658203125 0.0341796875 0.05419921875
8 0.665283203125 0.46435546875 0.0322265625 0.0556640625
9 0.836669921875 0.46337890625 0.0322265625 0.05224609375
52 0.04296875 0.833251953125 0.03564453125 0.06005859375
37 0.099609375 0.83251953125 0.03564453125 0.0576171875
46 0.15771484375 0.83349609375 0.0341796875 0.056640625
37 0.21533203125 0.832763671875 0.03369140625 0.05517578125
59 0.32763671875 0.8359375 0.0361328125 0.05615234375
37 0.38818359375 0.834716796875 0.03662109375 0.05517578125
48 0.50048828125 0.83544921875 0.0341796875 0.0556640625
53 0.55908203125 0.835693359375 0.0380859375 0.0576171875
65 0.6162109375 0.835205078125 0.0400390625 0.060546875
55 0.6748046875 0.83349609375 0.0361328125 0.0615234375
55 0.044921875 0.927001953125 0.03564453125 0.0625