54 0.03662109375 0.068359375 0.04638671875 0.07421875
5 0.10498046875 0.06787109375 0.04736328125 0.0732421875
54 0.24267578125 0.06591796875 0.04296875 0.07666015625
54 0.45703125 0.06494140625 0.04736328125 0.07177734375
54 0.66796875 0.0673828125 0.04443359375 0.07177734375
54 0.8740234375 0.07275390625 0.04296875 0.06982421875
6 0.318359375 0.06689453125 0.041015625 0.0732421875
7 0.52490234375 0.06201171875 0.04296875 0.06884765625
8 0.732421875 0.0693359375 0.03955078125 0.06982421875
9 0.93603515625 0.07568359375 0.03857421875 0.06640625
46 0.08740234375 0.517578125 0.03955078125 0.07861328125
37 0.1611328125 0.51123046875 0.04248046875 0.072265625
59 0.3115234375 0.51171875 0.0498046875 0.07275390625
37 0.38720703125 0.5107421875 0.0419921875 0.072265625
48 0.53564453125 0.51220703125 0.048828125 0.076171875
53 0.60986328125 0.51123046875 0.044921875 0.07568359375
65 0.68408203125 0.5087890625 0.0478515625 0.076171875
55 0.7568359375 0.50830078125 0.04931640625 0.07568359375