53 0.08176 0.2859433333333333 0.05080333333333333 0.07455333333333333
53 0.20474333333333333 0.28104 0.05080333333333333 0.07455333333333333
46 0.26855 0.27776999999999996 0.05080333333333333 0.07455333333333333
55 0.39452666666666664 0.27940333333333334 0.05080333333333333 0.07455333333333333
56 0.45997000000000005 0.27940333333333334 0.05080333333333333 0.07455333333333333
57 0.52214 0.27940333333333334 0.05080333333333333 0.07455333333333333
58 0.58735 0.27719333333333335 0.05080333333333333 0.07455333333333333
59 0.64593 0.27940333333333334 0.05080333333333333 0.07455333333333333
60 0.7078233333333332 0.27940333333333334 0.05080333333333333 0.07455333333333333
61 0.7664033333333333 0.2816133333333333 0.05080333333333333 0.07455333333333333
52 0.77218 0.5748733333333333 0.05080333333333333 0.07455333333333333
51 0.65035 0.5775833333333333 0.05080333333333333 0.07455333333333333
50 0.52435 0.5775833333333333 0.05080333333333333 0.07455333333333333
49 0.40166666666666667 0.5786866666666667 0.05080333333333333 0.07455333333333333
48 0.2734566666666667 0.58421 0.05080333333333333 0.07455333333333333
47 0.14745666666666668 0.58421 0.05080333333333333 0.07455333333333333
46 0.025400000000000002 0.58642 0.05080333333333333 0.07455333333333333
59 0.08784666666666667 0.69244 0.05190666666666666 0.08338666666666666
60 0.21495 0.6891266666666667 0.05190666666666666 0.08338666666666666
61 0.33818666666666664 0.6891266666666667 0.057433333333333336 0.08559666666666667
62 0.46529 0.6852600000000001 0.057433333333333336 0.08449333333333332
63 0.5879733333333333 0.6808433333333334 0.057433333333333336 0.08449333333333332