53 0.087890625 0.70556640625 0.029296875 0.04248046875
61 0.126953125 0.7041015625 0.0361328125 0.0458984375
52 0.1630859375 0.70166015625 0.03076171875 0.046875
38 0.20068359375 0.702392578125 0.0283203125 0.0478515625
43 0.240234375 0.701416015625 0.0361328125 0.05029296875
58 0.28076171875 0.697998046875 0.03076171875 0.046875
59 0.32080078125 0.696044921875 0.03271484375 0.0458984375
54 0.065185546875 0.824462890625 0.0322265625 0.0390625
54 0.8310546875 0.799072265625 0.0341796875 0.0458984375
54 0.254638671875 0.81640625 0.03173828125 0.044921875
54 0.63671875 0.914306640625 0.02783203125 0.04150390625
54 0.7119140625 0.80224609375 0.03173828125 0.046875
54 0.177490234375 0.818603515625 0.0283203125 0.04345703125
54 0.36767578125 0.813720703125 0.03369140625 0.04248046875
54 0.412109375 0.918701171875 0.0302734375 0.037109375
54 0.52099609375 0.915283203125 0.03466796875 0.0390625
5 0.51904296875 0.806396484375 0.0283203125 0.0458984375
2 0.211669921875 0.81884765625 0.0263671875 0.04345703125
3 0.28857421875 0.81298828125 0.029296875 0.04248046875
4 0.40283203125 0.810791015625 0.03076171875 0.0478515625
2 0.3369140625 0.921875 0.0302734375 0.0400390625
1 0.100830078125 0.822021484375 0.0302734375 0.0400390625
54 0.30224609375 0.925537109375 0.0283203125 0.04345703125
54 0.187744140625 0.933349609375 0.03369140625 0.04248046875
4 0.224853515625 0.934326171875 0.03076171875 0.0478515625
54 0.075439453125 0.935791015625 0.03173828125 0.044921875
3 0.112060546875 0.934814453125 0.029296875 0.04248046875
54 0.48046875 0.805908203125 0.0302734375 0.037109375
5 0.4482421875 0.918212890625 0.03125 0.04248046875
54 0.59423828125 0.802001953125 0.03369140625 0.04150390625
54 0.751953125 0.91357421875 0.03173828125 0.046875
54 0.86962890625 0.914794921875 0.0341796875 0.0458984375
54 0.94970703125 0.799560546875 0.0341796875 0.0458984375
6 0.6337890625 0.80224609375 0.0283203125 0.0458984375
7 0.75146484375 0.802734375 0.0283203125 0.0458984375
8 0.87255859375 0.799072265625 0.0283203125 0.0458984375
9 0.98876953125 0.80029296875 0.0224609375 0.0458984375
9 0.9091796875 0.915771484375 0.0283203125 0.0458984375
8 0.791015625 0.912109375 0.0283203125 0.0458984375
7 0.67333984375 0.916015625 0.0283203125 0.0458984375
6 0.5625 0.914306640625 0.0283203125 0.0458984375
60 0.0390625 0.19482421875 0.0341796875 0.0546875
43 0.0791015625 0.19287109375 0.0341796875 0.0546875
58 0.117919921875 0.1875 0.0341796875 0.0546875
59 0.158203125 0.1875 0.0341796875 0.0546875
53 0.239013671875 0.18115234375 0.0341796875 0.0546875
55 0.281005859375 0.18017578125 0.0341796875 0.0546875
59 0.364501953125 0.17822265625 0.0341796875 0.0546875
56 0.405517578125 0.174072265625 0.0341796875 0.0546875
37 0.449951171875 0.1708984375 0.0341796875 0.0546875
39 0.489990234375 0.169189453125 0.0341796875 0.0546875
43 0.5341796875 0.16650390625 0.0341796875 0.0546875
41 0.012451171875 0.334228515625 0.02490234375 0.05126953125
43 0.04638671875 0.329833984375 0.0283203125 0.05126953125
45 0.08740234375 0.328857421875 0.0283203125 0.05126953125
46 0.127197265625 0.3271484375 0.0283203125 0.05126953125
47 0.167236328125 0.32470703125 0.0283203125 0.05126953125
48 0.209716796875 0.32373046875 0.0283203125 0.05126953125
50 0.289794921875 0.3173828125 0.0283203125 0.05126953125
49 0.250732421875 0.32080078125 0.0283203125 0.05126953125
51 0.332763671875 0.31787109375 0.0283203125 0.05126953125
52 0.371826171875 0.314453125 0.0283203125 0.05126953125
53 0.415283203125 0.3134765625 0.0283203125 0.05126953125
42 0.498046875 0.30810546875 0.0283203125 0.05126953125
44 0.537109375 0.30712890625 0.0283203125 0.05126953125
53 0.62060546875 0.30517578125 0.0283203125 0.05126953125
46 0.66259765625 0.30224609375 0.0283203125 0.05126953125
55 0.7470703125 0.29443359375 0.0283203125 0.05126953125
56 0.79150390625 0.29248046875 0.0283203125 0.05126953125
57 0.833984375 0.29150390625 0.0283203125 0.05126953125
58 0.8759765625 0.28955078125 0.0283203125 0.05126953125
59 0.919189453125 0.2861328125 0.0283203125 0.05126953125
60 0.9638671875 0.28759765625 0.0283203125 0.05126953125
65 0.015380859375 0.400634765625 0.0283203125 0.05126953125
66 0.05517578125 0.397705078125 0.0283203125 0.05126953125
40 0.13623046875 0.393310546875 0.0283203125 0.05126953125
40 0.17724609375 0.388916015625 0.0283203125 0.05126953125
40 0.2197265625 0.387939453125 0.0283203125 0.05126953125
54 0.29736328125 0.386474609375 0.0283203125 0.04345703125
54 0.3798828125 0.3828125 0.0283203125 0.04345703125
54 0.4619140625 0.380859375 0.0283203125 0.04345703125
60 0.020751953125 0.462890625 0.0283203125 0.05126953125
47 0.059814453125 0.4619140625 0.0283203125 0.05126953125
59 0.139892578125 0.455810546875 0.0283203125 0.05126953125
56 0.1806640625 0.451416015625 0.0283203125 0.05126953125
37 0.21728515625 0.451416015625 0.0283203125 0.05126953125
39 0.25830078125 0.449462890625 0.0283203125 0.05126953125
43 0.30078125 0.448486328125 0.0283203125 0.05126953125
37 0.025390625 0.525634765625 0.0283203125 0.05126953125
38 0.1064453125 0.525146484375 0.0283203125 0.05126953125
39 0.185302734375 0.520263671875 0.0283203125 0.05126953125
41 0.266357421875 0.514892578125 0.0283203125 0.05126953125
43 0.345458984375 0.512939453125 0.0283203125 0.05126953125
45 0.425048828125 0.510009765625 0.0283203125 0.05126953125
46 0.504150390625 0.505859375 0.0283203125 0.05126953125
47 0.583984375 0.501953125 0.0283203125 0.05126953125
48 0.666015625 0.5009765625 0.0283203125 0.05126953125
49 0.75048828125 0.49462890625 0.0283203125 0.05126953125
50 0.83056640625 0.4892578125 0.0283203125 0.05126953125
51 0.91259765625 0.489990234375 0.0283203125 0.05126953125
53 0.03515625 0.58984375 0.0283203125 0.05126953125
53 0.11328125 0.585205078125 0.0283203125 0.044921875
46 0.15087890625 0.584716796875 0.0283203125 0.0458984375
55 0.23193359375 0.579833984375 0.0283203125 0.046875
56 0.311767578125 0.57470703125 0.03271484375 0.046875
57 0.390869140625 0.573974609375 0.0283203125 0.05126953125
58 0.467529296875 0.567626953125 0.03076171875 0.046875
59 0.546142578125 0.5654296875 0.0283203125 0.0478515625
60 0.625244140625 0.5615234375 0.0283203125 0.0458984375
61 0.706298828125 0.55810546875 0.0283203125 0.0458984375
62 0.789794921875 0.55615234375 0.0283203125 0.0458984375
63 0.87353515625 0.55419921875 0.0283203125 0.0458984375