54 0.06924 0.07756 0.04608333333333333 0.07388666666666667
6 0.13510333333333333 0.07371 0.05147666666666667 0.07388666666666667
54 0.26375 0.06601333333333333 0.05147666666666667 0.07388666666666667
7 0.33077 0.062163333333333334 0.05147666666666667 0.07388666666666667
54 0.46635 0.052156666666666664 0.05147666666666667 0.07388666666666667
8 0.53106 0.049076666666666664 0.05147666666666667 0.07388666666666667
54 0.6689533333333333 0.04215 0.05147666666666667 0.07388666666666667
9 0.7336633333333332 0.04061 0.05147666666666667 0.07388666666666667
59 0.12239 0.4882066666666666 0.056870000000000004 0.07773666666666668
37 0.19326333333333331 0.4866666666666667 0.056870000000000004 0.07773666666666668
48 0.3342366666666667 0.47819999999999996 0.056870000000000004 0.07773666666666668
53 0.40896000000000005 0.47589000000000004 0.056870000000000004 0.07773666666666668
65 0.47983333333333333 0.47666000000000003 0.056870000000000004 0.07773666666666668
55 0.5507066666666667 0.47203999999999996 0.056870000000000004 0.07773666666666668