54 0.263671875 0.03759765625 0.03955078125 0.06201171875
54 0.4443359375 0.03759765625 0.0380859375 0.06591796875
54 0.63134765625 0.03857421875 0.0439453125 0.0625
54 0.81591796875 0.0361328125 0.0380859375 0.06494140625
54 0.2646484375 0.13623046875 0.0380859375 0.06396484375
1 0.32275390625 0.0390625 0.04150390625 0.06591796875
4 0.693359375 0.0380859375 0.0380859375 0.06494140625
3 0.50732421875 0.03662109375 0.04150390625 0.06689453125
2 0.88232421875 0.0361328125 0.04248046875 0.06494140625
0 0.32470703125 0.134765625 0.0341796875 0.06494140625
52 0.25830078125 0.4267578125 0.0439453125 0.0634765625
37 0.32080078125 0.42578125 0.03955078125 0.06494140625
46 0.38134765625 0.42822265625 0.04052734375 0.0712890625
37 0.44287109375 0.427734375 0.0419921875 0.0654296875
53 0.50341796875 0.42578125 0.0380859375 0.064453125
41 0.564453125 0.42724609375 0.0361328125 0.0634765625
37 0.626953125 0.42578125 0.03955078125 0.064453125
53 0.68896484375 0.42724609375 0.04296875 0.06201171875
46 0.75146484375 0.42724609375 0.0400390625 0.0634765625
61 0.87744140625 0.4287109375 0.0419921875 0.06103515625
52 0.9384765625 0.42724609375 0.041015625 0.0625
50 0.26025390625 0.52685546875 0.04345703125 0.06298828125
61 0.3203125 0.525390625 0.0400390625 0.06201171875
52 0.3818359375 0.52734375 0.0390625 0.06396484375
61 0.44287109375 0.52734375 0.04150390625 0.06494140625
59 0.50439453125 0.525390625 0.04248046875 0.064453125
60 0.56640625 0.5244140625 0.04150390625 0.06494140625
37 0.63037109375 0.52490234375 0.0400390625 0.0673828125
50 0.75390625 0.52783203125 0.0390625 0.0615234375
37 0.81494140625 0.5283203125 0.037109375 0.06396484375
65 0.876953125 0.52880859375 0.04345703125 0.06591796875
55 0.939453125 0.52783203125 0.04248046875 0.068359375