54 0.1962890625 0.03759765625 0.03955078125 0.06640625
54 0.32470703125 0.037109375 0.0419921875 0.064453125
54 0.517578125 0.037109375 0.04296875 0.06201171875
54 0.71533203125 0.0400390625 0.03955078125 0.06103515625
54 0.9130859375 0.04248046875 0.041015625 0.068359375
54 0.1923828125 0.24169921875 0.03857421875 0.064453125
54 0.38525390625 0.2412109375 0.04052734375 0.06982421875
54 0.5791015625 0.24609375 0.03955078125 0.06787109375
54 0.77294921875 0.24853515625 0.03564453125 0.0673828125
54 0.9697265625 0.25537109375 0.03955078125 0.0703125
2 0.25634765625 0.03759765625 0.0390625 0.06787109375
3 0.38623046875 0.0361328125 0.0390625 0.060546875
4 0.5791015625 0.03564453125 0.04248046875 0.05908203125
5 0.7822265625 0.0400390625 0.0390625 0.0625
6 0.97900390625 0.0419921875 0.0419921875 0.06787109375
4 0.25537109375 0.2392578125 0.03759765625 0.06201171875
2 0.44677734375 0.2431640625 0.04052734375 0.06982421875
5 0.64306640625 0.24658203125 0.041015625 0.06982421875
6 0.8408203125 0.2490234375 0.03955078125 0.068359375
53 0.07373046875 0.634765625 0.0390625 0.06103515625
41 0.1318359375 0.6337890625 0.04052734375 0.06103515625
37 0.19580078125 0.63623046875 0.04052734375 0.06298828125
53 0.255859375 0.6396484375 0.0390625 0.06201171875
46 0.31787109375 0.6396484375 0.04052734375 0.06201171875
61 0.44189453125 0.64453125 0.04052734375 0.06640625
52 0.5029296875 0.6435546875 0.0390625 0.06298828125
37 0.56640625 0.64306640625 0.03759765625 0.05908203125
46 0.62890625 0.646484375 0.04052734375 0.06103515625
37 0.6904296875 0.6474609375 0.037109375 0.05517578125
59 0.81982421875 0.65576171875 0.0458984375 0.06103515625
37 0.88232421875 0.65478515625 0.0390625 0.06103515625
61 0.02099609375 0.728515625 0.0390625 0.05908203125
59 0.07861328125 0.72900390625 0.03857421875 0.060546875
60 0.13720703125 0.7314453125 0.0390625 0.0625
37 0.197265625 0.7314453125 0.04052734375 0.0625
50 0.31884765625 0.736328125 0.0419921875 0.06298828125
37 0.3798828125 0.73828125 0.03759765625 0.0625
65 0.44091796875 0.7421875 0.04052734375 0.06201171875
55 0.501953125 0.74365234375 0.03955078125 0.06298828125