60 0.1513671875 0.0546875 0.0263671875 0.04150390625
54 0.08935546875 0.57080078125 0.025390625 0.0361328125
54 0.33349609375 0.5673828125 0.0224609375 0.0380859375
2 0.30419921875 0.56787109375 0.0224609375 0.033203125
53 0.3046875 0.84521484375 0.02197265625 0.0341796875
46 0.33544921875 0.84375 0.0234375 0.03076171875
61 0.39306640625 0.84423828125 0.02392578125 0.03466796875
37 0.45458984375 0.8427734375 0.02587890625 0.033203125
52 0.4208984375 0.84423828125 0.0244140625 0.03466796875
50 0.333984375 0.8935546875 0.0234375 0.0361328125
37 0.36669921875 0.89404296875 0.02392578125 0.03564453125
65 0.39404296875 0.8935546875 0.0224609375 0.03466796875
55 0.4228515625 0.89208984375 0.02197265625 0.03466796875
46 0.4833984375 0.84228515625 0.025390625 0.0341796875
37 0.5126953125 0.84326171875 0.0234375 0.0341796875
59 0.568359375 0.8427734375 0.02392578125 0.03466796875
37 0.59814453125 0.8427734375 0.02294921875 0.033203125
48 0.65625 0.84375 0.02197265625 0.0322265625
53 0.68505859375 0.8408203125 0.0224609375 0.0322265625
65 0.71435546875 0.84326171875 0.02294921875 0.0361328125
55 0.74267578125 0.841796875 0.021484375 0.03271484375
40 0.05224609375 0.05322265625 0.0263671875 0.04150390625
22 0.08447265625 0.05322265625 0.0263671875 0.04150390625
43 0.1181640625 0.0546875 0.0263671875 0.04150390625
60 0.1845703125 0.0537109375 0.0263671875 0.04150390625
43 0.2177734375 0.05419921875 0.0263671875 0.04150390625
58 0.25146484375 0.0546875 0.0263671875 0.04150390625
59 0.28515625 0.05517578125 0.0234375 0.0400390625
53 0.3515625 0.05810546875 0.0234375 0.0400390625
55 0.38427734375 0.05908203125 0.0234375 0.0400390625
59 0.45166015625 0.05908203125 0.0234375 0.0400390625
56 0.48193359375 0.060546875 0.0234375 0.0400390625
37 0.5166015625 0.06201171875 0.0234375 0.0400390625
39 0.54833984375 0.0615234375 0.0234375 0.0400390625
43 0.58056640625 0.0625 0.0234375 0.0400390625
37 0.0576171875 0.16650390625 0.0263671875 0.04150390625
38 0.09033203125 0.1669921875 0.0263671875 0.04150390625
39 0.1240234375 0.16650390625 0.0263671875 0.04150390625
41 0.15673828125 0.16650390625 0.0263671875 0.04150390625
43 0.18994140625 0.166015625 0.0263671875 0.04150390625
45 0.22265625 0.166015625 0.0263671875 0.04150390625
46 0.2548828125 0.16796875 0.0263671875 0.04150390625
47 0.28857421875 0.16748046875 0.0263671875 0.04150390625
48 0.32177734375 0.17041015625 0.0263671875 0.04150390625
49 0.3544921875 0.1689453125 0.0263671875 0.04150390625
50 0.3876953125 0.169921875 0.0263671875 0.04150390625
51 0.42041015625 0.169921875 0.0263671875 0.04150390625
52 0.4521484375 0.169921875 0.0263671875 0.04150390625
54 0.51513671875 0.22607421875 0.02587890625 0.0380859375
53 0.4833984375 0.1708984375 0.0263671875 0.04150390625
54 0.45263671875 0.224609375 0.02587890625 0.0380859375
54 0.3876953125 0.22265625 0.02587890625 0.0380859375
40 0.2578125 0.220703125 0.02587890625 0.0380859375
40 0.29052734375 0.2216796875 0.02587890625 0.0380859375
40 0.32373046875 0.2216796875 0.02587890625 0.0380859375
62 0.06005859375 0.21826171875 0.0263671875 0.04150390625
63 0.09423828125 0.2197265625 0.0263671875 0.04150390625
64 0.1259765625 0.2197265625 0.0263671875 0.04150390625
65 0.15966796875 0.22021484375 0.0263671875 0.04150390625
66 0.19287109375 0.2216796875 0.0263671875 0.03955078125
40 0.0654296875 0.267578125 0.0263671875 0.04150390625
33 0.0966796875 0.2705078125 0.0263671875 0.04150390625
48 0.12841796875 0.27294921875 0.0263671875 0.04150390625
60 0.16162109375 0.27294921875 0.0263671875 0.04150390625
47 0.19580078125 0.2744140625 0.0263671875 0.04150390625
59 0.26123046875 0.2724609375 0.02392578125 0.03759765625
37 0.32568359375 0.2734375 0.02392578125 0.03759765625
56 0.29248046875 0.2734375 0.02392578125 0.03759765625
39 0.35693359375 0.27392578125 0.02392578125 0.03759765625
43 0.39111328125 0.2734375 0.02392578125 0.03759765625
37 0.06787109375 0.32666015625 0.0263671875 0.04150390625
38 0.1005859375 0.3271484375 0.0263671875 0.04150390625
37 0.1669921875 0.32763671875 0.0263671875 0.04150390625
38 0.2314453125 0.32763671875 0.0263671875 0.04150390625
39 0.2939453125 0.32763671875 0.0263671875 0.04150390625
41 0.35791015625 0.32763671875 0.0263671875 0.04150390625
43 0.41943359375 0.3271484375 0.0263671875 0.04150390625
45 0.482421875 0.32763671875 0.0263671875 0.04150390625
46 0.5439453125 0.3291015625 0.0234375 0.0400390625
47 0.607421875 0.3291015625 0.0234375 0.0400390625
48 0.66796875 0.328125 0.0234375 0.0400390625
49 0.73046875 0.328125 0.0234375 0.0400390625
50 0.791015625 0.32958984375 0.0234375 0.0400390625
51 0.853515625 0.330078125 0.0234375 0.0400390625
52 0.91455078125 0.33154296875 0.0234375 0.0400390625
63 0.8203125 0.380859375 0.0234375 0.0400390625
62 0.7568359375 0.37939453125 0.0234375 0.0400390625
61 0.69482421875 0.380859375 0.0234375 0.0400390625
60 0.63525390625 0.37744140625 0.0234375 0.0400390625
59 0.5732421875 0.3798828125 0.0234375 0.0400390625
58 0.51318359375 0.37744140625 0.0234375 0.0400390625
57 0.451171875 0.37890625 0.0234375 0.0400390625
56 0.39013671875 0.37890625 0.0234375 0.0400390625
55 0.3271484375 0.3779296875 0.0234375 0.0400390625
46 0.26513671875 0.37841796875 0.0234375 0.0400390625
53 0.23291015625 0.3779296875 0.0234375 0.0400390625
53 0.0712890625 0.37744140625 0.0234375 0.0400390625
42 0.1357421875 0.3779296875 0.0234375 0.0400390625
44 0.16943359375 0.37646484375 0.0234375 0.0400390625
65 0.076171875 0.4267578125 0.0234375 0.0400390625
66 0.1416015625 0.42724609375 0.0234375 0.0400390625
40 0.08203125 0.4736328125 0.0234375 0.0400390625
24 0.111328125 0.47412109375 0.0234375 0.0400390625
48 0.142578125 0.4736328125 0.0234375 0.0400390625
53 0.20703125 0.47314453125 0.0234375 0.0400390625
61 0.2373046875 0.47314453125 0.0234375 0.0400390625
52 0.2685546875 0.47216796875 0.0234375 0.0400390625
38 0.30078125 0.47412109375 0.0234375 0.0400390625
43 0.33056640625 0.4736328125 0.0234375 0.0400390625
58 0.36328125 0.4716796875 0.0234375 0.0400390625
59 0.3916015625 0.47265625 0.0234375 0.0400390625
0 0.11962890625 0.57080078125 0.025390625 0.0361328125
54 0.0966796875 0.66015625 0.025390625 0.0361328125
54 0.099609375 0.70751953125 0.025390625 0.0361328125
54 0.185546875 0.66064453125 0.025390625 0.0361328125
54 0.18212890625 0.56884765625 0.025390625 0.0361328125
1 0.12744140625 0.65966796875 0.025390625 0.0361328125
54 0.27490234375 0.66015625 0.025390625 0.0361328125
0 0.1298828125 0.7080078125 0.025390625 0.0361328125
3 0.36279296875 0.5673828125 0.0224609375 0.033203125
1 0.2138671875 0.56982421875 0.025390625 0.0361328125
3 0.216796875 0.65869140625 0.0224609375 0.033203125
54 0.27294921875 0.568359375 0.025390625 0.0361328125
4 0.306640625 0.658203125 0.025390625 0.0361328125
54 0.51123046875 0.5693359375 0.025390625 0.0361328125
54 0.3642578125 0.65966796875 0.025390625 0.0361328125
54 0.4228515625 0.56787109375 0.025390625 0.0361328125
54 0.4521484375 0.65869140625 0.025390625 0.0361328125
2 0.3935546875 0.65869140625 0.0224609375 0.033203125
4 0.453125 0.56787109375 0.025390625 0.0361328125
54 0.60107421875 0.56982421875 0.025390625 0.0361328125
54 0.53955078125 0.65966796875 0.025390625 0.0361328125
54 0.68994140625 0.57080078125 0.025390625 0.0361328125
54 0.62890625 0.65966796875 0.025390625 0.0361328125
54 0.71875 0.66162109375 0.025390625 0.0361328125
54 0.779296875 0.57080078125 0.0244140625 0.0361328125
5 0.54248046875 0.568359375 0.025390625 0.0361328125
5 0.48291015625 0.65869140625 0.025390625 0.0361328125
6 0.57080078125 0.658203125 0.025390625 0.0361328125
6 0.63134765625 0.56884765625 0.025390625 0.0361328125
7 0.72021484375 0.57080078125 0.025390625 0.0361328125
7 0.658203125 0.66015625 0.025390625 0.0361328125
8 0.74755859375 0.6611328125 0.025390625 0.0361328125
8 0.81005859375 0.57177734375 0.025390625 0.0361328125
54 0.8720703125 0.572265625 0.0244140625 0.0361328125
54 0.80712890625 0.662109375 0.0244140625 0.0361328125
9 0.9013671875 0.57275390625 0.025390625 0.0361328125
9 0.83740234375 0.66357421875 0.025390625 0.0361328125
53 0.216796875 0.84619140625 0.02197265625 0.0341796875
37 0.18798828125 0.84375 0.02197265625 0.0341796875
52 0.10009765625 0.84326171875 0.02197265625 0.0341796875
46 0.158203125 0.84326171875 0.02197265625 0.0341796875
37 0.1279296875 0.84326171875 0.02197265625 0.0341796875
41 0.2470703125 0.845703125 0.02197265625 0.0341796875
37 0.27685546875 0.84619140625 0.02197265625 0.0341796875
52 0.158203125 0.89306640625 0.02197265625 0.0341796875
61 0.1298828125 0.89306640625 0.02197265625 0.0341796875
50 0.099609375 0.892578125 0.02197265625 0.0341796875
59 0.21728515625 0.8935546875 0.02197265625 0.0341796875
61 0.1884765625 0.892578125 0.02197265625 0.0341796875
60 0.2451171875 0.8935546875 0.02197265625 0.0341796875
37 0.27587890625 0.8935546875 0.02197265625 0.0341796875
42 0.5458984375 0.17138671875 0.0263671875 0.04150390625
44 0.578125 0.1708984375 0.0263671875 0.04150390625
53 0.640625 0.17333984375 0.0263671875 0.04150390625
46 0.67333984375 0.1728515625 0.0263671875 0.04150390625
55 0.736328125 0.173828125 0.0263671875 0.04150390625
56 0.767578125 0.1748046875 0.0263671875 0.04150390625
57 0.79931640625 0.17626953125 0.0263671875 0.04150390625
58 0.830078125 0.1748046875 0.0263671875 0.04150390625
59 0.86083984375 0.17529296875 0.0263671875 0.04150390625
60 0.89306640625 0.17529296875 0.0263671875 0.04150390625
61 0.923828125 0.177734375 0.0263671875 0.04150390625