40 0.12083333333333333 0.12875 0.01932 0.02629
22 0.14728 0.12811666666666668 0.019636666666666667 0.02692333333333333
14 0.17515333333333336 0.12796 0.02027 0.027873333333333333
30 0.20159999999999997 0.12732666666666667 0.020586666666666666 0.029773333333333332
30 0.23074 0.12732666666666667 0.020586666666666666 0.02914
14 0.25892666666666664 0.12748333333333334 0.018686666666666667 0.02945666666666667
28 0.28664 0.12796 0.017736666666666668 0.028506666666666666
29 0.31404 0.12843333333333334 0.020586666666666666 0.028189999999999996
53 0.36899333333333334 0.1297 0.019636666666666667 0.027556666666666667
55 0.39670666666666665 0.13017666666666666 0.018686666666666667 0.029773333333333332
59 0.45292666666666664 0.13033333333333333 0.021536666666666666 0.02945666666666667
56 0.4811133333333333 0.12891 0.019003333333333334 0.027873333333333333
37 0.50756 0.12922666666666666 0.023119999999999998 0.027873333333333333
39 0.5373333333333333 0.13001666666666667 0.019953333333333333 0.03009
43 0.5625133333333333 0.13081 0.01837 0.030406666666666665
37 0.11608333333333333 0.21458666666666668 0.017419999999999998 0.02629
38 0.14363666666666666 0.21427 0.018686666666666667 0.02629
39 0.17293666666666666 0.21458666666666668 0.02027 0.02692333333333333
41 0.19970000000000002 0.21522 0.01932 0.028189999999999996
43 0.22725333333333333 0.21522 0.01805333333333333 0.02945666666666667
45 0.25465333333333334 0.21569333333333335 0.02027 0.029773333333333332
46 0.28331666666666666 0.21537666666666666 0.019953333333333333 0.03104
47 0.31214 0.21600999999999998 0.020586666666666666 0.03104
48 0.33953666666666665 0.21617 0.017736666666666668 0.028189999999999996
49 0.36835666666666667 0.21807 0.017103333333333335 0.02945666666666667
50 0.39607333333333333 0.21791 0.016786666666666665 0.02724
51 0.4236266666666667 0.21727666666666667 0.018686666666666667 0.02724
52 0.4515 0.21664333333333333 0.02122 0.025973333333333334
53 0.48016333333333333 0.21775333333333333 0.015836666666666666 0.02502333333333333
62 0.11386333333333333 0.25892666666666664 0.018686666666666667 0.025656666666666668
63 0.14284666666666668 0.2584533333333333 0.017736666666666668 0.025973333333333334
64 0.17071666666666666 0.25877 0.019003333333333334 0.025973333333333334
65 0.19716666666666666 0.25797666666666663 0.018686666666666667 0.02692333333333333
66 0.22456333333333336 0.2584533333333333 0.017736666666666668 0.028506666666666666
54 0.3940133333333333 0.26162 0.017736666666666668 0.029773333333333332
54 0.45070666666666664 0.26225333333333334 0.017736666666666668 0.029773333333333332
54 0.5077166666666667 0.26352 0.017736666666666668 0.029773333333333332
40 0.2828366666666667 0.25972 0.017736666666666668 0.029773333333333332
40 0.3110266666666667 0.25972 0.017736666666666668 0.029773333333333332
40 0.3401666666666667 0.25972 0.017736666666666668 0.029773333333333332
40 0.11180333333333334 0.30057666666666666 0.017736666666666668 0.029773333333333332
33 0.13968 0.30105333333333334 0.020903333333333333 0.03199
19 0.16676 0.30232000000000003 0.022486666666666665 0.03199
30 0.19494666666666668 0.30168666666666666 0.020586666666666666 0.03009
18 0.22408666666666666 0.30247666666666667 0.018686666666666667 0.02914
59 0.28062333333333334 0.30279333333333336 0.01837 0.02724
56 0.3094466666666667 0.30327 0.019003333333333334 0.02945666666666667
37 0.33668666666666663 0.30216 0.019003333333333334 0.028506666666666666
39 0.36518999999999996 0.30390333333333336 0.01837 0.030723333333333335
43 0.3929033333333333 0.30343 0.019953333333333333 0.030406666666666665
37 0.10610333333333333 0.3446033333333333 0.01647 0.025973333333333334
37 0.19383999999999998 0.34492 0.019636666666666667 0.02914
38 0.2503766666666667 0.34650333333333333 0.020586666666666666 0.030406666666666665
39 0.30707 0.34682 0.02122 0.030406666666666665
41 0.36313333333333336 0.34840333333333334 0.021853333333333336 0.030406666666666665
43 0.42014333333333337 0.35062 0.02122 0.032306666666666664
45 0.47589000000000004 0.34998666666666667 0.01932 0.028506666666666666
46 0.5333766666666667 0.3529966666666667 0.017103333333333335 0.03009
53 0.10610333333333333 0.39116333333333336 0.02280333333333333 0.02914
42 0.16406666666666667 0.39132 0.021536666666666666 0.028189999999999996
44 0.19130666666666665 0.39148 0.019636666666666667 0.030406666666666665
53 0.24863333333333332 0.3927466666666667 0.01837 0.02914
46 0.27698 0.3927466666666667 0.01805333333333333 0.03167333333333333
55 0.3346266666666667 0.3946466666666667 0.018686666666666667 0.02914
56 0.3921133333333333 0.39512333333333327 0.02027 0.027556666666666667
57 0.4492833333333333 0.39607333333333333 0.019953333333333333 0.02945666666666667
58 0.5042366666666667 0.39639 0.017736666666666668 0.027556666666666667
59 0.5612466666666667 0.39733999999999997 0.01837 0.028823333333333333
65 0.10420333333333334 0.43614 0.020903333333333333 0.027873333333333333
66 0.16026666666666667 0.4386733333333333 0.02027 0.02914
53 0.21600999999999998 0.48190666666666665 0.021536666666666666 0.03009
61 0.24578333333333335 0.48253999999999997 0.02027 0.03009
52 0.2757133333333333 0.48190666666666665 0.01805333333333333 0.028823333333333333
38 0.30311 0.48159 0.017103333333333335 0.028189999999999996
43 0.3332 0.48507333333333336 0.01837 0.03199
58 0.3620233333333333 0.48491666666666666 0.01837 0.03167333333333333
59 0.3917966666666667 0.48444 0.01837 0.03009
54 0.09691999999999999 0.5759766666666667 0.019636666666666667 0.02692333333333333
54 0.18465333333333334 0.5751833333333333 0.019636666666666667 0.03104
54 0.27175333333333335 0.5758166666666666 0.019636666666666667 0.03104
54 0.3313 0.5761333333333334 0.019636666666666667 0.03104
54 0.41745 0.5770833333333333 0.019636666666666667 0.03104
54 0.09311666666666668 0.6683033333333334 0.019636666666666667 0.03104
54 0.18084999999999998 0.66862 0.019636666666666667 0.03104
54 0.26826666666666665 0.66862 0.019636666666666667 0.03104
54 0.35631666666666667 0.6679866666666667 0.019636666666666667 0.03104
54 0.44436666666666663 0.6698866666666667 0.019636666666666667 0.03104
54 0.09184666666666667 0.7154966666666666 0.019636666666666667 0.03104
0 0.12605333333333335 0.5748666666666666 0.019636666666666667 0.03104
1 0.21442 0.5748666666666666 0.019636666666666667 0.03104
2 0.30057 0.5755 0.019636666666666667 0.03104
3 0.3594833333333333 0.5758166666666666 0.019636666666666667 0.03104
4 0.44594999999999996 0.5767666666666666 0.019636666666666667 0.03104
5 0.5308333333333334 0.5789833333333333 0.019636666666666667 0.03104
1 0.12003333333333334 0.66767 0.019636666666666667 0.03104
3 0.21062 0.66767 0.019636666666666667 0.03104
4 0.29740333333333335 0.6689366666666666 0.019636666666666667 0.03104
2 0.3851366666666667 0.6670366666666666 0.019636666666666667 0.03104
5 0.47192 0.67052 0.019636666666666667 0.03104
6 0.5615533333333333 0.6708366666666666 0.019636666666666667 0.03104
54 0.5324166666666666 0.6698866666666667 0.019636666666666667 0.03104
0 0.12130333333333335 0.71423 0.019636666666666667 0.03104
52 0.08441 0.8588166666666666 0.019953333333333333 0.031356666666666665
37 0.11386333333333333 0.85755 0.01805333333333333 0.030723333333333335
46 0.14300333333333334 0.8589733333333334 0.020586666666666666 0.03294
37 0.17372666666666664 0.85929 0.019953333333333333 0.032306666666666664
53 0.20223333333333335 0.8616666666666667 0.018686666666666667 0.03199
41 0.23105666666666666 0.86246 0.01932 0.03167333333333333
37 0.2609866666666667 0.8619833333333333 0.019636666666666667 0.030723333333333335
53 0.29059999999999997 0.86246 0.020586666666666666 0.03357333333333333
46 0.32211666666666666 0.8637266666666666 0.02027 0.03357333333333333
61 0.3810266666666666 0.8645166666666667 0.021536666666666666 0.03389
52 0.41080000000000005 0.8629333333333334 0.02280333333333333 0.03262333333333334
37 0.4404133333333333 0.8640433333333334 0.023119999999999998 0.03167333333333333
46 0.47192999999999996 0.8645166666666667 0.02027 0.03389
37 0.5007533333333334 0.8645166666666667 0.021536666666666666 0.03199
50 0.08472666666666667 0.9064833333333333 0.024386666666666664 0.03357333333333333
61 0.11339 0.9072766666666666 0.02280333333333333 0.03452333333333333
52 0.14221333333333333 0.9082266666666666 0.02027 0.033256666666666664
61 0.17071666666666666 0.9083833333333333 0.020903333333333333 0.03294
59 0.20033333333333334 0.9101266666666668 0.020586666666666666 0.03515666666666667
60 0.23010666666666668 0.9106033333333333 0.02122 0.034839999999999996
37 0.2594033333333333 0.9110766666666666 0.02027 0.03515666666666667
50 0.31894666666666666 0.9129766666666667 0.019003333333333334 0.033256666666666664
37 0.35030333333333336 0.9136099999999999 0.02027 0.033256666666666664
65 0.38039333333333336 0.91377 0.020903333333333333 0.03420666666666667
55 0.41080000000000005 0.9150366666666667 0.020903333333333333 0.03420666666666667
44 0.5636233333333333 0.21965333333333334 0.021853333333333336 0.027556666666666667
42 0.53575 0.21870333333333333 0.019953333333333333 0.027556666666666667
53 0.61921 0.21933666666666665 0.02027 0.027556666666666667
46 0.6478733333333333 0.21886000000000003 0.018686666666666667 0.02914
55 0.7048833333333334 0.22075999999999998 0.020586666666666666 0.02914
56 0.7338666666666667 0.22028666666666666 0.022170000000000002 0.03199
57 0.7612633333333333 0.22012666666666666 0.01805333333333333 0.02914
58 0.78882 0.2212366666666667 0.01932 0.03009
59 0.8173233333333333 0.22171333333333332 0.020586666666666666 0.02724
60 0.84583 0.22155333333333332 0.01932 0.027556666666666667
61 0.87402 0.2212366666666667 0.022486666666666665 0.028189999999999996
47 0.59213 0.35284 0.017419999999999998 0.02914
48 0.64613 0.35268 0.01837 0.028189999999999996
49 0.7047266666666666 0.35378999999999994 0.019003333333333334 0.028506666666666666
50 0.76253 0.35331333333333337 0.02122 0.03009
51 0.8200166666666667 0.3522033333333333 0.020903333333333333 0.029773333333333332
52 0.8763933333333332 0.3529966666666667 0.021536666666666666 0.03009
60 0.61715 0.39718 0.019953333333333333 0.028506666666666666
61 0.6759033333333333 0.39829 0.019636666666666667 0.028189999999999996
62 0.7326 0.39860666666666666 0.021536666666666666 0.02945666666666667
63 0.79072 0.4005066666666667 0.020586666666666666 0.030723333333333335
54 0.5894266666666667 0.5796166666666667 0.019636666666666667 0.03104
54 0.6762100000000001 0.58025 0.019636666666666667 0.03104
54 0.7652100000000001 0.5824666666666667 0.019636666666666667 0.03104
54 0.85421 0.5846833333333333 0.019636666666666667 0.03104
54 0.61888 0.6717833333333333 0.019636666666666667 0.03104
54 0.7075633333333333 0.6727333333333333 0.019636666666666667 0.03104
54 0.7968799999999999 0.6771666666666667 0.019636666666666667 0.03104
6 0.61731 0.5791433333333333 0.01837 0.02945666666666667
7 0.7056766666666667 0.5815166666666667 0.019636666666666667 0.030406666666666665
8 0.79262 0.58231 0.01932 0.03009
9 0.8819366666666667 0.58437 0.018686666666666667 0.032306666666666664
7 0.6486666666666666 0.6716266666666667 0.019003333333333334 0.03009
8 0.7354499999999999 0.67242 0.019636666666666667 0.03357333333333333
9 0.8247666666666668 0.67622 0.021536666666666666 0.03357333333333333
59 0.5593466666666667 0.8645166666666667 0.021536666666666666 0.031356666666666665
37 0.5873766666666667 0.86436 0.01805333333333333 0.030406666666666665
48 0.6497733333333333 0.86626 0.019953333333333333 0.03420666666666667
53 0.6795466666666667 0.8668933333333333 0.01932 0.03357333333333333
65 0.7094766666666666 0.868 0.022170000000000002 0.031356666666666665
55 0.7395666666666666 0.8687933333333334 0.019003333333333334 0.03294
54 0.49996666666666667 0.5806933333333333 0.019636666666666667 0.03104