45 0.092529296875 0.198974609375 0.05126953125 0.0791015625
46 0.158935546875 0.197998046875 0.05126953125 0.078125
47 0.231689453125 0.199462890625 0.0478515625 0.0791015625
48 0.299560546875 0.201171875 0.0478515625 0.07666015625
49 0.369384765625 0.202392578125 0.05224609375 0.080078125
50 0.441162109375 0.205322265625 0.05322265625 0.07666015625
51 0.513427734375 0.207763671875 0.05126953125 0.080078125
52 0.577880859375 0.209228515625 0.048828125 0.080078125
53 0.645263671875 0.210205078125 0.0478515625 0.080078125
42 0.77880859375 0.217529296875 0.05126953125 0.07568359375
44 0.84033203125 0.21923828125 0.0458984375 0.0732421875
53 0.968017578125 0.22705078125 0.0478515625 0.07666015625
66 0.028076171875 0.308837890625 0.05126953125 0.0732421875
40 0.161865234375 0.31103515625 0.05419921875 0.0703125
40 0.239990234375 0.313720703125 0.0478515625 0.07666015625
40 0.302978515625 0.315673828125 0.04541015625 0.0712890625
54 0.440185546875 0.318359375 0.046875 0.07568359375
54 0.572509765625 0.322021484375 0.048828125 0.07470703125
54 0.703125 0.325927734375 0.04345703125 0.07177734375
47 0.0302734375 0.414794921875 0.0478515625 0.07666015625
59 0.1669921875 0.416015625 0.05029296875 0.0732421875
56 0.23193359375 0.417236328125 0.04443359375 0.07666015625
37 0.30126953125 0.416748046875 0.04345703125 0.0751953125
39 0.3681640625 0.4189453125 0.0478515625 0.072265625
43 0.4365234375 0.416748046875 0.04638671875 0.06884765625
38 0.10498046875 0.521240234375 0.0498046875 0.0703125
39 0.234375 0.518310546875 0.04638671875 0.06787109375
41 0.37060546875 0.5244140625 0.0478515625 0.07470703125
43 0.498046875 0.52490234375 0.04443359375 0.072265625
45 0.62744140625 0.52783203125 0.0478515625 0.0732421875
46 0.75341796875 0.52880859375 0.04638671875 0.0703125
47 0.8779296875 0.53271484375 0.0400390625 0.0712890625
53 0.109130859375 0.623779296875 0.05224609375 0.072265625
46 0.175537109375 0.623779296875 0.0478515625 0.0732421875
55 0.304443359375 0.624267578125 0.0478515625 0.0732421875
56 0.434814453125 0.622314453125 0.04833984375 0.0712890625
57 0.558349609375 0.626708984375 0.04638671875 0.06787109375
58 0.684814453125 0.625244140625 0.0439453125 0.06884765625
59 0.810546875 0.632568359375 0.04638671875 0.0712890625
60 0.92919921875 0.633544921875 0.04638671875 0.0654296875
53 0.056640625 0.807861328125 0.0498046875 0.06689453125
61 0.12255859375 0.8056640625 0.0498046875 0.064453125
52 0.18310546875 0.806640625 0.04638671875 0.0625
38 0.244140625 0.80810546875 0.0439453125 0.0625
43 0.30517578125 0.809814453125 0.0439453125 0.0625
58 0.36962890625 0.8095703125 0.0419921875 0.06640625
59 0.43115234375 0.807861328125 0.04296875 0.0595703125