54 0.07198666666666667 0.15572 0.04335000000000001 0.06495
5 0.12135 0.15445333333333333 0.04335000000000001 0.06495
54 0.22957000000000002 0.15698666666666666 0.04335000000000001 0.06495
6 0.28083 0.15572 0.04335000000000001 0.06495
54 0.13749 0.32321333333333335 0.04271666666666667 0.06051666666666667
54 0.29064 0.3247966666666667 0.03892 0.058616666666666664
54 0.3868333333333333 0.15635333333333334 0.03892 0.058616666666666664
6 0.18748333333333334 0.32289666666666667 0.04145 0.061149999999999996
7 0.34063333333333334 0.32289666666666667 0.04145 0.061149999999999996
54 0.4425233333333333 0.32353 0.03892 0.058616666666666664
54 0.5975733333333333 0.32416333333333336 0.03892 0.058616666666666664
54 0.5456799999999999 0.15952 0.03892 0.058616666666666664
54 0.7054766666666666 0.15857 0.040819999999999995 0.06051666666666667
9 0.7580033333333334 0.15667 0.040819999999999995 0.06051666666666667
9 0.6459866666666667 0.32511333333333337 0.040819999999999995 0.06051666666666667
8 0.59789 0.15540333333333334 0.040819999999999995 0.06051666666666667
8 0.4922033333333333 0.32258 0.040819999999999995 0.06051666666666667
7 0.43777666666666665 0.15413666666666667 0.040819999999999995 0.06051666666666667
59 0.20607333333333333 0.6320666666666667 0.035596666666666665 0.05347666666666667
37 0.25164 0.6314333333333333 0.035596666666666665 0.05347666666666667
46 0.06304666666666667 0.6333333333333333 0.035596666666666665 0.05347666666666667
37 0.10924666666666667 0.6326999999999999 0.035596666666666665 0.05347666666666667
48 0.34909999999999997 0.6339666666666667 0.035596666666666665 0.05347666666666667
53 0.39909666666666666 0.6333333333333333 0.035596666666666665 0.05347666666666667
65 0.44909333333333334 0.6339666666666667 0.035596666666666665 0.05347666666666667
55 0.49339333333333335 0.6339666666666667 0.035596666666666665 0.05347666666666667