40 0.216064453125 0.177978515625 0.0234375 0.0361328125
51 0.248779296875 0.1796875 0.02880859375 0.0361328125
43 0.281494140625 0.17724609375 0.0244140625 0.0361328125
30 0.313720703125 0.18017578125 0.0234375 0.0419921875
30 0.346923828125 0.178955078125 0.0224609375 0.03857421875
14 0.379150390625 0.17822265625 0.0224609375 0.03955078125
28 0.413330078125 0.1787109375 0.02197265625 0.04052734375
29 0.447021484375 0.178466796875 0.021484375 0.0400390625
53 0.510986328125 0.180419921875 0.02099609375 0.0400390625
55 0.544677734375 0.1796875 0.02099609375 0.037109375
59 0.610595703125 0.179443359375 0.02197265625 0.037109375
56 0.643310546875 0.178955078125 0.0224609375 0.03759765625
37 0.678466796875 0.179443359375 0.02490234375 0.0390625
39 0.711181640625 0.1796875 0.0205078125 0.0380859375
43 0.743408203125 0.17919921875 0.0224609375 0.0400390625
37 0.22314453125 0.288818359375 0.0205078125 0.037109375
38 0.255859375 0.286865234375 0.0224609375 0.03466796875
39 0.287841796875 0.28662109375 0.0205078125 0.03369140625
41 0.320068359375 0.286376953125 0.02099609375 0.03564453125
43 0.350341796875 0.285888671875 0.02099609375 0.03466796875
45 0.38330078125 0.286865234375 0.021484375 0.03759765625
46 0.416015625 0.2880859375 0.02197265625 0.03466796875
47 0.44775390625 0.289794921875 0.02099609375 0.03662109375
48 0.48046875 0.28955078125 0.02001953125 0.0361328125
49 0.51220703125 0.288818359375 0.01904296875 0.03662109375
50 0.546875 0.2900390625 0.0234375 0.0380859375
51 0.578125 0.28955078125 0.0244140625 0.03759765625
52 0.60888671875 0.28955078125 0.02392578125 0.0361328125
53 0.64013671875 0.289794921875 0.02099609375 0.03564453125
42 0.70458984375 0.2900390625 0.02392578125 0.037109375
44 0.73681640625 0.290283203125 0.0224609375 0.03564453125
53 0.80224609375 0.291259765625 0.02001953125 0.03955078125
46 0.83544921875 0.29052734375 0.0185546875 0.037109375
62 0.2265625 0.339599609375 0.0244140625 0.03369140625
63 0.2587890625 0.340576171875 0.021484375 0.03662109375
64 0.291015625 0.34033203125 0.0224609375 0.03662109375
65 0.32275390625 0.340087890625 0.021484375 0.0361328125
66 0.353515625 0.341552734375 0.021484375 0.03564453125
40 0.41748046875 0.3408203125 0.02294921875 0.03466796875
40 0.449462890625 0.342529296875 0.02099609375 0.03564453125
40 0.4814453125 0.34130859375 0.0185546875 0.03466796875
54 0.543212890625 0.3427734375 0.02001953125 0.033203125
54 0.607177734375 0.3427734375 0.021484375 0.03515625
54 0.670654296875 0.3427734375 0.021484375 0.033203125
40 0.230224609375 0.39111328125 0.02294921875 0.03466796875
63 0.263916015625 0.391845703125 0.02099609375 0.037109375
19 0.293701171875 0.3916015625 0.02001953125 0.037109375
30 0.325439453125 0.391357421875 0.02001953125 0.03759765625
18 0.356689453125 0.390625 0.02197265625 0.0361328125
59 0.419189453125 0.39111328125 0.02001953125 0.03515625
56 0.450439453125 0.390869140625 0.0205078125 0.03369140625
37 0.483154296875 0.39111328125 0.02099609375 0.033203125
39 0.513427734375 0.390380859375 0.01904296875 0.0341796875
43 0.544189453125 0.390625 0.02001953125 0.0341796875
37 0.328369140625 0.439453125 0.02197265625 0.0341796875
38 0.391845703125 0.438720703125 0.0234375 0.0341796875
39 0.451416015625 0.439697265625 0.02197265625 0.03369140625
41 0.5126953125 0.441650390625 0.01904296875 0.0361328125
43 0.57373046875 0.441650390625 0.02099609375 0.03759765625
45 0.63623046875 0.441162109375 0.02001953125 0.03466796875
46 0.69873046875 0.441162109375 0.02001953125 0.03564453125
47 0.7607421875 0.44140625 0.01806640625 0.03466796875
48 0.82421875 0.442626953125 0.0205078125 0.0322265625
53 0.239990234375 0.489013671875 0.0224609375 0.033203125
42 0.299560546875 0.48779296875 0.0234375 0.03271484375
44 0.330810546875 0.48681640625 0.02099609375 0.03173828125
53 0.391845703125 0.487060546875 0.021484375 0.03466796875
46 0.422119140625 0.4873046875 0.021484375 0.033203125
55 0.482666015625 0.48876953125 0.021484375 0.033203125
56 0.542724609375 0.48876953125 0.01904296875 0.033203125
57 0.602294921875 0.489990234375 0.0224609375 0.037109375
58 0.664306640625 0.4892578125 0.02099609375 0.0341796875
59 0.727294921875 0.490478515625 0.021484375 0.03271484375
60 0.789306640625 0.492431640625 0.0224609375 0.03515625
61 0.851806640625 0.492431640625 0.02099609375 0.033203125
65 0.242919921875 0.534912109375 0.0244140625 0.03173828125
66 0.303466796875 0.533447265625 0.02392578125 0.03173828125
40 0.248291015625 0.57666015625 0.02099609375 0.03125
53 0.277099609375 0.577880859375 0.0205078125 0.03271484375
48 0.307373046875 0.577392578125 0.02001953125 0.03125
53 0.366455078125 0.576904296875 0.01953125 0.03369140625
61 0.395263671875 0.576904296875 0.02001953125 0.03173828125
52 0.423583984375 0.5771484375 0.02001953125 0.0322265625
38 0.454345703125 0.577880859375 0.02001953125 0.0322265625
43 0.484130859375 0.57666015625 0.01806640625 0.03173828125
58 0.513427734375 0.577392578125 0.02001953125 0.03271484375
59 0.542236328125 0.5791015625 0.02001953125 0.0341796875
54 0.25390625 0.66552734375 0.01904296875 0.03076171875
54 0.33984375 0.6669921875 0.017578125 0.02978515625
54 0.42724609375 0.6689453125 0.01708984375 0.03173828125
54 0.48486328125 0.67041015625 0.017578125 0.03173828125
54 0.57177734375 0.672607421875 0.01708984375 0.03125
54 0.66064453125 0.674560546875 0.0185546875 0.03173828125
54 0.751220703125 0.67724609375 0.0185546875 0.02978515625
54 0.840087890625 0.67822265625 0.02001953125 0.03173828125
54 0.25439453125 0.75732421875 0.0185546875 0.03125
54 0.34033203125 0.759765625 0.01953125 0.03125
54 0.42578125 0.7607421875 0.02001953125 0.03173828125
54 0.513916015625 0.761962890625 0.017578125 0.03125
54 0.601318359375 0.763916015625 0.017578125 0.03076171875
54 0.688720703125 0.766357421875 0.01806640625 0.03173828125
54 0.779052734375 0.768310546875 0.01806640625 0.03173828125
54 0.25537109375 0.80322265625 0.01953125 0.03173828125
54 0.928955078125 0.6806640625 0.02099609375 0.03076171875
54 0.867919921875 0.768310546875 0.01708984375 0.03076171875
54 0.955810546875 0.770263671875 0.02001953125 0.03271484375
0 0.282958984375 0.664306640625 0.01953125 0.02978515625
1 0.36865234375 0.666748046875 0.02001953125 0.02978515625
2 0.4560546875 0.668212890625 0.01953125 0.0322265625
3 0.513671875 0.670654296875 0.01953125 0.0322265625
4 0.60107421875 0.672119140625 0.02001953125 0.03271484375
5 0.68994140625 0.674560546875 0.01953125 0.03271484375
6 0.7802734375 0.676513671875 0.021484375 0.03369140625
7 0.871337890625 0.679443359375 0.02099609375 0.03369140625
8 0.961181640625 0.681640625 0.02294921875 0.0322265625
1 0.28271484375 0.756103515625 0.02001953125 0.02978515625
2 0.36962890625 0.759033203125 0.01953125 0.03271484375
4 0.45703125 0.760986328125 0.02001953125 0.0322265625
2 0.544677734375 0.76220703125 0.02099609375 0.03173828125
5 0.630615234375 0.7626953125 0.0224609375 0.03369140625
6 0.719482421875 0.765625 0.02099609375 0.03271484375
7 0.807861328125 0.766845703125 0.02099609375 0.0341796875
8 0.897705078125 0.768798828125 0.02001953125 0.03369140625
9 0.986572265625 0.771240234375 0.017578125 0.03076171875
0 0.28271484375 0.803466796875 0.01708984375 0.02978515625
55 0.900390625 0.291015625 0.0234375 0.03955078125
56 0.9326171875 0.290771484375 0.0244140625 0.03955078125
57 0.966796875 0.29150390625 0.0244140625 0.03857421875
37 0.232666015625 0.43896484375 0.02001953125 0.0361328125
38 0.265869140625 0.438720703125 0.02099609375 0.0361328125
49 0.8876953125 0.443115234375 0.02294921875 0.03515625
50 0.95068359375 0.443603515625 0.02197265625 0.037109375
62 0.914306640625 0.493408203125 0.02197265625 0.03515625
63 0.978515625 0.496337890625 0.02099609375 0.03515625
52 0.256103515625 0.93896484375 0.01953125 0.0322265625
37 0.283935546875 0.939208984375 0.01953125 0.0322265625
46 0.312744140625 0.939208984375 0.01953125 0.0322265625
37 0.341064453125 0.939453125 0.01953125 0.0322265625
53 0.370361328125 0.941162109375 0.01953125 0.0322265625
41 0.398193359375 0.942138671875 0.01953125 0.0322265625
37 0.427490234375 0.9423828125 0.01953125 0.0322265625
53 0.456298828125 0.942626953125 0.01953125 0.0322265625
46 0.48486328125 0.944091796875 0.01953125 0.0322265625
61 0.54296875 0.944580078125 0.01953125 0.0322265625
52 0.5712890625 0.945556640625 0.01953125 0.0322265625
37 0.60009765625 0.94580078125 0.01953125 0.0322265625
46 0.6298828125 0.947265625 0.01953125 0.0322265625
37 0.6591796875 0.946044921875 0.01953125 0.0322265625
59 0.716796875 0.94775390625 0.01953125 0.0322265625
37 0.74658203125 0.947998046875 0.01953125 0.0322265625
50 0.256591796875 0.9833984375 0.01953125 0.0322265625
61 0.284912109375 0.98388671875 0.01953125 0.0322265625
52 0.313232421875 0.984619140625 0.01953125 0.03076171875
61 0.342041015625 0.984375 0.01953125 0.03125
59 0.371337890625 0.984619140625 0.01953125 0.03076171875
60 0.399658203125 0.98486328125 0.01953125 0.0302734375
37 0.427978515625 0.9853515625 0.01953125 0.029296875
50 0.485107421875 0.985595703125 0.01953125 0.02880859375
37 0.51318359375 0.9853515625 0.01953125 0.029296875
65 0.54248046875 0.987060546875 0.01953125 0.02587890625
55 0.57080078125 0.987060546875 0.01953125 0.02587890625
48 0.80419921875 0.94873046875 0.01953125 0.0322265625
53 0.8330078125 0.948486328125 0.01953125 0.0322265625
65 0.861328125 0.948974609375 0.01953125 0.0322265625
55 0.8896484375 0.94921875 0.01953125 0.0322265625