40 0.15814999999999999 0.15848333333333334 0.03203 0.04871333333333333
22 0.20486333333333334 0.15681666666666666 0.03203 0.04804666666666666
14 0.25291 0.15648333333333334 0.030696666666666667 0.04871333333333333
30 0.30062 0.15848333333333334 0.03136333333333333 0.05004666666666666
30 0.35 0.16082 0.03003 0.04804666666666666
14 0.3997166666666667 0.16182 0.02936 0.04871333333333333
28 0.44709333333333334 0.16449 0.02936 0.05004666666666666
29 0.49614 0.16616 0.03136333333333333 0.04937999999999999
53 0.5925666666666667 0.17083 0.02936 0.04804666666666666
55 0.64328 0.17249666666666666 0.030696666666666667 0.05004666666666666
59 0.7413766666666667 0.17750333333333332 0.03203 0.04804666666666666
56 0.7907566666666667 0.17783666666666667 0.03336666666666666 0.05004666666666666
37 0.8411366666666666 0.18084 0.032696666666666666 0.04804666666666666
39 0.89085 0.18284 0.028026666666666665 0.04537666666666666
43 0.9362266666666667 0.18650999999999998 0.030696666666666667 0.051383333333333336
37 0.15047666666666668 0.30762666666666666 0.02869333333333333 0.04270666666666667
38 0.19819 0.31063 0.028026666666666665 0.04738
39 0.2462366666666667 0.3109633333333333 0.03203 0.04537666666666666
41 0.29361333333333334 0.31529999999999997 0.02936 0.04471
43 0.34166 0.3183033333333333 0.030696666666666667 0.04671
45 0.39070666666666665 0.32164 0.03003 0.04937999999999999
46 0.4390866666666667 0.32564333333333334 0.03203 0.05338333333333334
47 0.4878 0.32631333333333334 0.030696666666666667 0.05205
48 0.5378466666666667 0.32898 0.030696666666666667 0.05205
49 0.5862266666666667 0.33398666666666665 0.032696666666666666 0.051383333333333336
51 0.6836533333333333 0.33365333333333336 0.032696666666666666 0.05071666666666667
52 0.7350366666666667 0.33598666666666666 0.03136333333333333 0.04871333333333333
53 0.78475 0.33899 0.03336666666666666 0.05071666666666667
42 0.8838433333333334 0.3456633333333333 0.03403333333333333 0.05071666666666667
44 0.9328933333333332 0.34633 0.030696666666666667 0.05472
62 0.14547333333333334 0.3887033333333333 0.03336666666666666 0.05271666666666667
63 0.19418666666666665 0.39070666666666665 0.03336666666666666 0.04871333333333333
64 0.24256666666666668 0.39404333333333336 0.03003 0.04871333333333333
65 0.28994333333333333 0.39504333333333336 0.03003 0.05205
66 0.33799 0.39871333333333336 0.032696666666666666 0.05271666666666667
54 0.63127 0.4127266666666667 0.030696666666666667 0.04871333333333333
54 0.7313666666666666 0.4180666666666667 0.030696666666666667 0.04871333333333333
54 0.8314633333333333 0.42007 0.030696666666666667 0.04871333333333333
40 0.4377533333333333 0.40539000000000003 0.030696666666666667 0.04871333333333333
40 0.4837966666666667 0.40806000000000003 0.030696666666666667 0.04871333333333333
40 0.5345133333333333 0.41006333333333334 0.030696666666666667 0.04871333333333333
40 0.14213666666666666 0.4641166666666666 0.030696666666666667 0.04871333333333333
33 0.19151666666666664 0.46878 0.030696666666666667 0.051383333333333336
19 0.23889666666666667 0.47045 0.030696666666666667 0.05205
30 0.2866066666666667 0.47211666666666663 0.03136333333333333 0.04871333333333333
18 0.33465333333333336 0.47211666666666663 0.03003 0.05004666666666666
59 0.4324133333333333 0.47878999999999994 0.034699999999999995 0.04738
56 0.48146000000000005 0.4801266666666667 0.02869333333333333 0.04604333333333333
37 0.53084 0.48146000000000005 0.03136333333333333 0.04604333333333333
39 0.5788866666666667 0.4837966666666667 0.02869333333333333 0.04537666666666666
43 0.6269333333333333 0.48546333333333336 0.02736 0.04871333333333333
37 0.2836033333333333 0.5458566666666667 0.030696666666666667 0.04404333333333333
38 0.3806966666666666 0.5521933333333333 0.02736 0.04337333333333333
39 0.4761233333333333 0.5565333333333333 0.03003 0.04537666666666666
41 0.5735466666666666 0.5642066666666666 0.02869333333333333 0.04738
43 0.6716433333333334 0.5688766666666667 0.03136333333333333 0.05271666666666667
45 0.77207 0.5748833333333334 0.03203 0.051383333333333336
46 0.8725 0.5802200000000001 0.032696666666666666 0.05271666666666667
47 0.9722633333333334 0.58456 0.02936 0.05071666666666667
53 0.13579666666666665 0.62026 0.03403333333333333 0.05004666666666666
42 0.2332233333333333 0.6279333333333333 0.03003 0.04537666666666666
44 0.27826666666666666 0.6265999999999999 0.03203 0.04937999999999999
53 0.37435666666666667 0.6326033333333333 0.028026666666666665 0.04804666666666666
46 0.42407333333333336 0.6352733333333334 0.03136333333333333 0.04804666666666666
55 0.52083 0.64228 0.02869333333333333 0.04871333333333333
56 0.61859 0.6472866666666667 0.03203 0.05338333333333334
57 0.7173533333333333 0.6526233333333333 0.03203 0.05338333333333334
58 0.8174466666666668 0.65696 0.03203 0.051383333333333336
59 0.9165433333333334 0.6639666666666667 0.03136333333333333 0.04937999999999999
65 0.13246 0.7000033333333334 0.03403333333333333 0.05071666666666667
66 0.22721666666666665 0.7040066666666667 0.03136333333333333 0.05205
53 0.32030666666666663 0.7827466666666666 0.02936 0.05071666666666667
61 0.3676833333333333 0.7850833333333334 0.03336666666666666 0.04738
52 0.4170666666666667 0.7874200000000001 0.02936 0.04804666666666666
38 0.46577999999999997 0.79009 0.02936 0.04671
43 0.5148266666666667 0.7924233333333334 0.03136333333333333 0.05004666666666666
58 0.5635399999999999 0.7977633333333333 0.02869333333333333 0.04871333333333333
59 0.6125866666666666 0.7997633333333333 0.02936 0.04738
54 0.12512 0.9248833333333334 0.032696666666666666 0.04804666666666666
54 0.26792333333333335 0.9322233333333334 0.032696666666666666 0.04804666666666666
54 0.4107266666666667 0.9442333333333333 0.032696666666666666 0.04804666666666666
54 0.5074866666666666 0.9489033333333333 0.032696666666666666 0.04804666666666666
54 0.6509566666666666 0.9582466666666666 0.032696666666666666 0.04804666666666666
54 0.7997666666666667 0.9655866666666667 0.032696666666666666 0.04804666666666666
54 0.9445733333333333 0.9729266666666667 0.032696666666666666 0.04804666666666666
0 0.17249666666666666 0.9265533333333333 0.03136333333333333 0.04471
1 0.31396666666666667 0.9328933333333332 0.03003 0.04537666666666666
2 0.45910666666666666 0.9442366666666667 0.02936 0.04937999999999999
3 0.5568666666666666 0.9512433333333333 0.02869333333333333 0.04738
4 0.7013366666666667 0.9595833333333333 0.03203 0.04937999999999999
5 0.8454733333333334 0.96559 0.02936 0.04804666666666666
50 0.6369433333333333 0.33365333333333336 0.03136333333333333 0.05338333333333334