54 0.06371 0.20213 0.037513333333333336 0.06946
2 0.11077333333333333 0.1994233333333333 0.037513333333333336 0.06946
54 0.23357333333333336 0.19617666666666667 0.04400333333333333 0.06729333333333333
5 0.2901033333333333 0.19022333333333333 0.04562666666666666 0.06946
54 0.4111366666666667 0.18971666666666667 0.042243333333333334 0.07316666666666667
6 0.47101 0.18560666666666667 0.044590000000000005 0.07316666666666667
54 0.59457 0.18619333333333335 0.04635333333333334 0.07316666666666667
7 0.65503 0.17738333333333334 0.04635333333333334 0.07316666666666667
54 0.7824066666666666 0.17562 0.04635333333333334 0.07316666666666667
8 0.84228 0.17562 0.04635333333333334 0.07316666666666667
54 0.9661333333333334 0.17326999999999998 0.0487 0.07081666666666667
65 0.15185 0.6557533333333333 0.04608 0.06477333333333334
46 0.03828 0.5707966666666667 0.042449999999999995 0.06477333333333334
55 0.20917999999999998 0.6543 0.04608 0.06477333333333334
37 0.10032666666666668 0.6593833333333333 0.04608 0.06477333333333334
50 0.045899999999999996 0.6586566666666667 0.04608 0.06477333333333334
61 0.14858333333333335 0.5671666666666667 0.042449999999999995 0.06477333333333334
52 0.20083333333333334 0.5664399999999999 0.042449999999999995 0.06477333333333334
37 0.25671 0.5671666666666667 0.042449999999999995 0.06477333333333334
46 0.31476666666666664 0.5664399999999999 0.042449999999999995 0.06477333333333334
37 0.3706433333333334 0.5649866666666666 0.042449999999999995 0.06477333333333334
59 0.48167333333333334 0.5613566666666666 0.042449999999999995 0.06477333333333334
37 0.5382766666666666 0.5613566666666666 0.042449999999999995 0.06477333333333334
48 0.65076 0.5606300000000001 0.042449999999999995 0.06477333333333334
53 0.7088166666666667 0.55845 0.042449999999999995 0.06477333333333334
65 0.7668733333333333 0.55845 0.042449999999999995 0.06477333333333334
55 0.8242033333333334 0.5599033333333333 0.042449999999999995 0.06477333333333334