40 0.04638671875 0.087158203125 0.02099609375 0.03466796875
22 0.07666015625 0.08642578125 0.02587890625 0.0380859375
14 0.107421875 0.084228515625 0.0234375 0.03955078125
30 0.14111328125 0.08349609375 0.0224609375 0.0380859375
30 0.17529296875 0.083251953125 0.02197265625 0.03857421875
14 0.20556640625 0.08154296875 0.02392578125 0.0380859375
28 0.2392578125 0.08154296875 0.021484375 0.03857421875
59 0.27197265625 0.08154296875 0.0224609375 0.03564453125
53 0.3369140625 0.081787109375 0.02294921875 0.03955078125
55 0.36962890625 0.08056640625 0.02197265625 0.0390625
59 0.435546875 0.080078125 0.02294921875 0.0380859375
56 0.46630859375 0.081787109375 0.021484375 0.04150390625
37 0.5 0.08056640625 0.0224609375 0.04150390625
39 0.53076171875 0.079345703125 0.02294921875 0.041015625
43 0.56201171875 0.0791015625 0.02197265625 0.03955078125
37 0.052978515625 0.194091796875 0.02294921875 0.03466796875
38 0.085693359375 0.19287109375 0.02490234375 0.03515625
39 0.117431640625 0.19189453125 0.02294921875 0.03564453125
41 0.148681640625 0.191162109375 0.02392578125 0.03466796875
43 0.182373046875 0.190673828125 0.02197265625 0.033203125
45 0.214111328125 0.191650390625 0.02099609375 0.0341796875
46 0.247314453125 0.19140625 0.02294921875 0.03515625
47 0.279052734375 0.190185546875 0.02099609375 0.0361328125
48 0.312255859375 0.19140625 0.02099609375 0.03759765625
49 0.343505859375 0.191162109375 0.02197265625 0.03857421875
50 0.375732421875 0.19091796875 0.02294921875 0.0361328125
51 0.407958984375 0.19091796875 0.02490234375 0.03564453125
52 0.438232421875 0.1904296875 0.02197265625 0.03759765625
53 0.470458984375 0.189697265625 0.02197265625 0.0361328125
42 0.530029296875 0.189208984375 0.025390625 0.03759765625
44 0.563232421875 0.1875 0.0224609375 0.0380859375
53 0.625244140625 0.1884765625 0.02294921875 0.03759765625
46 0.656005859375 0.187744140625 0.01904296875 0.03857421875
55 0.717041015625 0.186279296875 0.02099609375 0.03515625
56 0.748291015625 0.185546875 0.0234375 0.03466796875
57 0.779052734375 0.185302734375 0.02001953125 0.037109375
58 0.810791015625 0.185791015625 0.0234375 0.0390625
59 0.840576171875 0.18603515625 0.02099609375 0.037109375
60 0.870361328125 0.18505859375 0.0234375 0.0361328125
61 0.899658203125 0.1845703125 0.02099609375 0.03759765625
62 0.05810546875 0.247802734375 0.025390625 0.03759765625
63 0.09130859375 0.247314453125 0.0234375 0.037109375
64 0.12255859375 0.24609375 0.02294921875 0.037109375
65 0.1552734375 0.245849609375 0.02197265625 0.0341796875
66 0.1865234375 0.24658203125 0.02490234375 0.0380859375
40 0.24951171875 0.24462890625 0.02490234375 0.03466796875
40 0.2822265625 0.244873046875 0.021484375 0.03515625
40 0.3154296875 0.2451171875 0.021484375 0.03466796875
54 0.37744140625 0.24365234375 0.02099609375 0.03564453125
54 0.439453125 0.24267578125 0.0224609375 0.0341796875
54 0.50048828125 0.2421875 0.021484375 0.03515625
40 0.0634765625 0.29931640625 0.02294921875 0.033203125
63 0.09716796875 0.297607421875 0.02197265625 0.03515625
48 0.12646484375 0.29736328125 0.02099609375 0.0361328125
30 0.16015625 0.296875 0.021484375 0.0341796875
18 0.18994140625 0.2958984375 0.02294921875 0.0341796875
59 0.2548828125 0.294921875 0.02001953125 0.037109375
56 0.28564453125 0.29296875 0.021484375 0.0361328125
37 0.31787109375 0.292724609375 0.0224609375 0.033203125
39 0.3486328125 0.292724609375 0.02001953125 0.03515625
43 0.37939453125 0.29296875 0.0185546875 0.0341796875
37 0.067138671875 0.349365234375 0.021484375 0.03369140625
38 0.100341796875 0.349365234375 0.02392578125 0.03369140625
39 0.289306640625 0.34423828125 0.01953125 0.0302734375
41 0.350830078125 0.344482421875 0.021484375 0.0322265625
43 0.411865234375 0.3427734375 0.021484375 0.03173828125
45 0.472900390625 0.341064453125 0.0185546875 0.03125
46 0.532470703125 0.342041015625 0.02001953125 0.0341796875
47 0.591552734375 0.33935546875 0.01953125 0.0341796875
48 0.653076171875 0.338134765625 0.021484375 0.03076171875
49 0.712158203125 0.33935546875 0.02099609375 0.03759765625
50 0.772216796875 0.336181640625 0.02294921875 0.0322265625
51 0.831787109375 0.33447265625 0.01953125 0.0302734375
52 0.891845703125 0.334716796875 0.02392578125 0.0322265625
53 0.074951171875 0.399658203125 0.02294921875 0.03466796875
42 0.13623046875 0.397705078125 0.0224609375 0.0341796875
44 0.167724609375 0.39697265625 0.02197265625 0.03466796875
53 0.229736328125 0.39501953125 0.02099609375 0.03369140625
46 0.262939453125 0.394287109375 0.021484375 0.0322265625
55 0.323486328125 0.394287109375 0.01904296875 0.0341796875
56 0.383544921875 0.392333984375 0.02001953125 0.03369140625
57 0.444580078125 0.391845703125 0.02099609375 0.033203125
58 0.502685546875 0.3896484375 0.01806640625 0.0322265625
59 0.561767578125 0.389404296875 0.02099609375 0.03173828125
60 0.619873046875 0.388427734375 0.01953125 0.033203125
61 0.681396484375 0.386962890625 0.0224609375 0.03564453125
62 0.739501953125 0.384033203125 0.02099609375 0.03466796875
63 0.799560546875 0.38427734375 0.021484375 0.0302734375
65 0.080810546875 0.44775390625 0.02294921875 0.03173828125
66 0.144287109375 0.445556640625 0.02294921875 0.03369140625
40 0.089111328125 0.494140625 0.02001953125 0.03173828125
24 0.115966796875 0.493896484375 0.0224609375 0.0322265625
19 0.148193359375 0.49072265625 0.02099609375 0.03125
53 0.208740234375 0.48974609375 0.021484375 0.03173828125
61 0.239501953125 0.487548828125 0.02294921875 0.033203125
52 0.269287109375 0.486572265625 0.02099609375 0.0322265625
38 0.298583984375 0.48583984375 0.02099609375 0.0322265625
43 0.329833984375 0.48486328125 0.01953125 0.03125
58 0.359619140625 0.48486328125 0.01953125 0.02978515625
59 0.389892578125 0.484130859375 0.01806640625 0.029296875
54 0.1005859375 0.584228515625 0.021484375 0.029296875
54 0.18994140625 0.58056640625 0.01953125 0.02978515625
54 0.27783203125 0.578369140625 0.01953125 0.03125
54 0.3349609375 0.57666015625 0.017578125 0.0302734375
54 0.420654296875 0.57373046875 0.0185546875 0.02880859375
54 0.507568359375 0.57080078125 0.01806640625 0.033203125
54 0.592041015625 0.57080078125 0.01708984375 0.02880859375
54 0.678466796875 0.5693359375 0.0185546875 0.0302734375
54 0.764892578125 0.568115234375 0.02197265625 0.033203125
54 0.851318359375 0.568115234375 0.02001953125 0.033203125
54 0.1123046875 0.668701171875 0.01953125 0.02685546875
54 0.1962890625 0.665283203125 0.0224609375 0.0302734375
54 0.2822265625 0.663818359375 0.01953125 0.0302734375
54 0.36767578125 0.661865234375 0.0185546875 0.03125
54 0.451171875 0.659423828125 0.0185546875 0.029296875
54 0.53662109375 0.657958984375 0.01708984375 0.029296875
54 0.62109375 0.656494140625 0.02099609375 0.0302734375
54 0.705322265625 0.655029296875 0.01953125 0.03125
54 0.79150390625 0.654541015625 0.01904296875 0.03125
54 0.1162109375 0.711669921875 0.01708984375 0.02783203125
0 0.14453125 0.711669921875 0.01806640625 0.02978515625
1 0.13818359375 0.667724609375 0.01806640625 0.029296875
3 0.22509765625 0.664306640625 0.01904296875 0.02880859375
4 0.31103515625 0.664306640625 0.0185546875 0.03125
2 0.396484375 0.660888671875 0.02001953125 0.0322265625
5 0.47998046875 0.658935546875 0.01806640625 0.03125
6 0.56396484375 0.657470703125 0.01708984375 0.0302734375
7 0.648681640625 0.656005859375 0.01806640625 0.02978515625
8 0.734375 0.655029296875 0.017578125 0.02978515625
9 0.8203125 0.65380859375 0.01953125 0.03173828125
0 0.12939453125 0.583984375 0.021484375 0.033203125
1 0.216796875 0.57958984375 0.01953125 0.029296875
2 0.3056640625 0.577392578125 0.021484375 0.03125
3 0.363525390625 0.573974609375 0.01904296875 0.0302734375
4 0.448974609375 0.573486328125 0.01904296875 0.03125
5 0.534423828125 0.571044921875 0.01806640625 0.03173828125
6 0.620361328125 0.569091796875 0.01953125 0.03076171875
7 0.707275390625 0.5693359375 0.01953125 0.03173828125
8 0.793212890625 0.56787109375 0.02197265625 0.03125
9 0.87939453125 0.56884765625 0.0185546875 0.03369140625
37 0.161865234375 0.34521484375 0.021484375 0.03369140625
38 0.226806640625 0.343017578125 0.02392578125 0.03369140625