57 0.335205078125 0.70556640625 0.0556640625 0.07958984375
58 0.463623046875 0.706298828125 0.0556640625 0.07958984375
59 0.596923828125 0.70556640625 0.0556640625 0.07958984375
60 0.724853515625 0.703369140625 0.0556640625 0.07958984375
61 0.852783203125 0.70556640625 0.0556640625 0.07958984375
59 0.208740234375 0.902099609375 0.0556640625 0.07958984375
58 0.146240234375 0.89892578125 0.0556640625 0.07958984375
43 0.086181640625 0.89453125 0.0556640625 0.07958984375
38 0.026123046875 0.894287109375 0.05224609375 0.07958984375
55 0.076416015625 0.701171875 0.0556640625 0.07958984375
56 0.203369140625 0.700439453125 0.0556640625 0.07958984375
41 0.134765625 0.595947265625 0.0556640625 0.07958984375
43 0.26513671875 0.59814453125 0.0556640625 0.07958984375
45 0.39599609375 0.59521484375 0.0556640625 0.07958984375
46 0.5283203125 0.595947265625 0.0556640625 0.07958984375
47 0.6630859375 0.59521484375 0.0556640625 0.07958984375
48 0.79248046875 0.595947265625 0.0556640625 0.07958984375
49 0.921875 0.5966796875 0.0556640625 0.07958984375
37 0.08056640625 0.4931640625 0.0556640625 0.07958984375
39 0.13525390625 0.493408203125 0.0556640625 0.07958984375
43 0.20166015625 0.489990234375 0.0556640625 0.07958984375
40 0.070556640625 0.39208984375 0.0556640625 0.07958984375
54 0.464111328125 0.388916015625 0.0556640625 0.07958984375
54 0.207763671875 0.389892578125 0.0556640625 0.07958984375
54 0.331787109375 0.3896484375 0.0556640625 0.07958984375
48 0.078857421875 0.28955078125 0.0556640625 0.07958984375
49 0.138916015625 0.282958984375 0.0556640625 0.07958984375
50 0.205810546875 0.284912109375 0.0556640625 0.07958984375
51 0.269775390625 0.28369140625 0.0556640625 0.07958984375
52 0.332275390625 0.28271484375 0.0556640625 0.07958984375
53 0.396240234375 0.282958984375 0.0556640625 0.07958984375
53 0.14013671875 0.078857421875 0.0556640625 0.07958984375
59 0.029296875 0.089111328125 0.0556640625 0.07958984375
55 0.20556640625 0.078369140625 0.0556640625 0.07958984375
59 0.3349609375 0.072265625 0.0556640625 0.07958984375
56 0.3974609375 0.069580078125 0.0556640625 0.07958984375
37 0.462890625 0.067626953125 0.0556640625 0.07958984375
39 0.527099609375 0.065185546875 0.0556640625 0.07958984375
43 0.593994140625 0.0576171875 0.0556640625 0.07958984375
42 0.528564453125 0.280029296875 0.0556640625 0.07958984375
44 0.596435546875 0.27880859375 0.0556640625 0.07958984375
53 0.728759765625 0.279541015625 0.0556640625 0.07958984375
46 0.796630859375 0.280029296875 0.0556640625 0.07958984375
55 0.926025390625 0.2783203125 0.0556640625 0.07958984375