59 0.08055666666666667 0.08055666666666667 0.056666666666666664 0.07889
56 0.15666666666666668 0.07666666666666666 0.048889999999999996 0.07333333333333333
37 0.23389 0.075 0.04777666666666667 0.07
39 0.31389 0.07277666666666667 0.04777666666666667 0.07222333333333333
43 0.39222333333333337 0.07166666666666667 0.04666666666666667 0.07444333333333333
39 0.15222333333333335 0.2 0.05111 0.08444333333333334
41 0.31111 0.19611 0.048889999999999996 0.08111
43 0.47333333333333333 0.19777666666666668 0.048889999999999996 0.08889000000000001
45 0.635 0.19388999999999998 0.05 0.08555666666666667
46 0.7972233333333334 0.19666666666666666 0.04777666666666667 0.08222333333333333
47 0.9566666666666667 0.20111 0.048889999999999996 0.08444333333333334
46 0.06777666666666667 0.33611 0.05111 0.08777666666666666
55 0.22611 0.32888999999999996 0.05222333333333333 0.08444333333333334
56 0.39222333333333337 0.3272233333333333 0.055556666666666664 0.08555666666666667
57 0.5566666666666666 0.32666666666666666 0.04666666666666667 0.08666666666666667
58 0.7227766666666666 0.32389 0.05444333333333334 0.08555666666666667
59 0.8838900000000001 0.325 0.05889 0.08333333333333333
61 0.058333333333333334 0.58889 0.05 0.08666666666666667
38 0.14110999999999999 0.5894433333333333 0.05333333333333334 0.08555666666666667
43 0.22333333333333333 0.59 0.05111 0.08889000000000001
58 0.30944333333333335 0.5905566666666667 0.05444333333333334 0.09666666666666666
59 0.39555666666666667 0.5883333333333334 0.055556666666666664 0.09444333333333332
54 0.05889 0.8633333333333333 0.05111 0.09555666666666668
54 0.22555666666666666 0.8633333333333333 0.055556666666666664 0.09111
54 0.47889000000000004 0.865 0.05777666666666667 0.09444333333333332
54 0.7333333333333333 0.85889 0.05333333333333334 0.09333333333333334
2 0.14555666666666667 0.865 0.05777666666666667 0.08555666666666667
3 0.3072233333333333 0.8605566666666666 0.05889 0.08333333333333333
4 0.56111 0.8605566666666666 0.05777666666666667 0.08555666666666667
5 0.8155566666666667 0.8555566666666667 0.055556666666666664 0.08889000000000001