22 0.28748 0.15479666666666667 0.06886 0.10225666666666666
40 0.20477333333333336 0.15246333333333334 0.06886 0.11225666666666666
43 0.38086 0.15779333333333334 0.06886 0.11225666666666666
60 0.4702366666666667 0.15512666666666666 0.06886 0.11225666666666666
60 0.5609466666666666 0.15646 0.06886 0.11225666666666666
43 0.64899 0.15912666666666667 0.06886 0.11225666666666666
58 0.7370333333333333 0.16179333333333334 0.06886 0.11225666666666666
59 0.8290799999999999 0.16312666666666667 0.06886 0.11225666666666666
37 0.21678 0.43770666666666663 0.06886 0.11225666666666666
38 0.2981533333333333 0.4403733333333333 0.06886 0.11225666666666666
39 0.3848633333333333 0.4443733333333333 0.06886 0.11225666666666666
41 0.46490333333333334 0.44703999999999994 0.06886 0.11225666666666666
43 0.5516133333333333 0.4483733333333333 0.06886 0.11225666666666666
45 0.6329866666666667 0.45103999999999994 0.06886 0.11225666666666666
46 0.7170266666666666 0.4577033333333333 0.06886 0.11225666666666666
47 0.8037366666666667 0.45636999999999994 0.06886 0.11225666666666666
48 0.8891133333333334 0.45903666666666665 0.06886 0.11225666666666666
62 0.22478333333333333 0.5643366666666667 0.07152666666666667 0.10159333333333333
63 0.30332000000000003 0.5653366666666667 0.06652666666666666 0.09159333333333332
64 0.38069333333333333 0.5686666666666667 0.06319333333333334 0.10159333333333333
65 0.4622366666666667 0.5696533333333333 0.07152666666666667 0.09159333333333332
66 0.5396066666666667 0.5721566666666666 0.054860000000000006 0.09326
40 0.22212 0.6746233333333332 0.07152666666666667 0.10159333333333333
33 0.3068266666666667 0.6804566666666666 0.054860000000000006 0.08992666666666665
48 0.38186333333333333 0.6842866666666667 0.061526666666666674 0.09159333333333332
60 0.4609066666666667 0.68262 0.06352333333333333 0.09625999999999998
47 0.5381133333333333 0.6884533333333334 0.055189999999999996 0.08792666666666665
59 0.6990233333333334 0.6952833333333333 0.062189999999999995 0.08693333333333333
56 0.77773 0.6952833333333333 0.062189999999999995 0.08693333333333333
37 0.8591033333333333 0.69795 0.062189999999999995 0.08693333333333333
39 0.9404766666666666 0.70195 0.062189999999999995 0.08693333333333333
41 0.9204666666666667 0.8219133333333333 0.062189999999999995 0.08693333333333333
38 0.7667233333333333 0.8135833333333333 0.05885666666666666 0.08360000000000001
38 0.6099766666666667 0.8052533333333334 0.05885666666666666 0.08360000000000001
37 0.46424 0.8032533333333334 0.062189999999999995 0.08693333333333333
38 0.31083 0.7947566666666667 0.055523333333333334 0.0786
37 0.23112333333333335 0.7957566666666667 0.055523333333333334 0.08526666666666667
53 0.4577366666666667 0.90339 0.05719 0.0786
53 0.6056433333333333 0.9072233333333334 0.062189999999999995 0.07893666666666667
46 0.67768 0.9125566666666667 0.062189999999999995 0.07893666666666667
55 0.82175 0.9218866666666666 0.062189999999999995 0.07893666666666667
40 0.7003566666666667 0.5779866666666666 0.062189999999999995 0.08693333333333333
40 0.7870666666666666 0.5833166666666667 0.062189999999999995 0.08693333333333333
40 0.8657733333333334 0.5859833333333333 0.062189999999999995 0.08693333333333333
42 0.3844033333333333 0.89839 0.05719 0.0786