54 0.1689453125 0.357421875 0.05078125 0.08251953125
54 0.38330078125 0.358642578125 0.05078125 0.08251953125
54 0.60888671875 0.359130859375 0.05078125 0.08251953125
54 0.77099609375 0.35888671875 0.05078125 0.08251953125
54 0.84912109375 0.61279296875 0.05078125 0.08251953125
54 0.603515625 0.6044921875 0.05078125 0.08251953125
54 0.3779296875 0.594482421875 0.05078125 0.08251953125
54 0.169921875 0.58642578125 0.05078125 0.08251953125
54 0.16650390625 0.703125 0.05078125 0.08251953125
0 0.23876953125 0.35498046875 0.05078125 0.08251953125
1 0.451171875 0.357177734375 0.05078125 0.08251953125
1 0.23681640625 0.5849609375 0.05078125 0.08251953125
2 0.68798828125 0.3583984375 0.05078125 0.08251953125
2 0.9287109375 0.61328125 0.05078125 0.08251953125
3 0.853515625 0.359375 0.05078125 0.08251953125
3 0.4521484375 0.598388671875 0.05078125 0.08251953125
4 0.6865234375 0.60498046875 0.05078125 0.08251953125
0 0.2333984375 0.7060546875 0.05078125 0.08251953125
40 0.154296875 0.1123046875 0.05078125 0.08251953125
24 0.224609375 0.106689453125 0.05078125 0.08251953125
48 0.298828125 0.105224609375 0.05078125 0.08251953125
53 0.455078125 0.100341796875 0.0498046875 0.09375
61 0.53076171875 0.096435546875 0.0498046875 0.09375
52 0.61181640625 0.096923828125 0.0498046875 0.09375
38 0.689453125 0.09619140625 0.0498046875 0.09375
43 0.77490234375 0.09423828125 0.0498046875 0.09375
58 0.85498046875 0.09619140625 0.0498046875 0.09375
59 0.94287109375 0.09326171875 0.0498046875 0.09375