58 0.04833984375 0.129638671875 0.0341796875 0.05859375
53 0.1884765625 0.13037109375 0.0341796875 0.05859375
59 0.09375 0.1279296875 0.0341796875 0.05859375
55 0.2392578125 0.12939453125 0.0341796875 0.05517578125
59 0.33935546875 0.1298828125 0.0341796875 0.05517578125
56 0.38623046875 0.128662109375 0.0341796875 0.05517578125
37 0.43603515625 0.13134765625 0.0341796875 0.05517578125
39 0.486328125 0.12939453125 0.0341796875 0.05517578125
43 0.5361328125 0.129638671875 0.0341796875 0.05517578125
46 0.05078125 0.293212890625 0.0341796875 0.05859375
47 0.09814453125 0.29345703125 0.0341796875 0.05859375
48 0.1474609375 0.29296875 0.0341796875 0.05859375
49 0.19580078125 0.294189453125 0.0341796875 0.05859375
50 0.24072265625 0.2958984375 0.0341796875 0.05859375
51 0.29052734375 0.296142578125 0.0341796875 0.05859375
52 0.34033203125 0.29638671875 0.0341796875 0.05859375
53 0.38623046875 0.298095703125 0.0341796875 0.05859375
42 0.4853515625 0.2998046875 0.0341796875 0.05859375
44 0.53369140625 0.300048828125 0.0341796875 0.05859375
53 0.63037109375 0.302490234375 0.0341796875 0.05859375
46 0.68212890625 0.30322265625 0.0341796875 0.05859375
55 0.78076171875 0.302490234375 0.0341796875 0.05859375
56 0.8291015625 0.3037109375 0.0341796875 0.05859375
57 0.8798828125 0.304443359375 0.0341796875 0.05859375
58 0.92822265625 0.3056640625 0.0341796875 0.05859375
59 0.9794921875 0.304443359375 0.0341796875 0.05859375
40 0.05712890625 0.367919921875 0.0341796875 0.05859375
40 0.10400390625 0.3681640625 0.0341796875 0.05859375
40 0.1513671875 0.373046875 0.0341796875 0.05859375
54 0.2470703125 0.3740234375 0.0341796875 0.05859375
54 0.34033203125 0.37548828125 0.0341796875 0.05859375
54 0.43701171875 0.37939453125 0.0341796875 0.05859375
59 0.0576171875 0.446044921875 0.03173828125 0.05126953125
56 0.103515625 0.4453125 0.03173828125 0.05126953125
37 0.14990234375 0.44677734375 0.03173828125 0.05126953125
39 0.2001953125 0.447509765625 0.03173828125 0.05126953125
43 0.24658203125 0.44775390625 0.03173828125 0.05126953125
38 0.01611328125 0.51904296875 0.03173828125 0.05126953125
39 0.107421875 0.520751953125 0.03173828125 0.05126953125
41 0.20361328125 0.523681640625 0.03173828125 0.05126953125
43 0.2978515625 0.524658203125 0.03173828125 0.05126953125
45 0.38916015625 0.525146484375 0.03173828125 0.05126953125
46 0.4833984375 0.52685546875 0.03173828125 0.05126953125
47 0.5751953125 0.5283203125 0.03173828125 0.05126953125
48 0.669921875 0.52978515625 0.03173828125 0.05126953125
49 0.76611328125 0.53515625 0.03173828125 0.05126953125
50 0.86279296875 0.537353515625 0.03173828125 0.05126953125
51 0.95703125 0.541259765625 0.03173828125 0.05126953125
53 0.02099609375 0.593505859375 0.03173828125 0.05126953125
46 0.068359375 0.5927734375 0.03173828125 0.05126953125
55 0.1591796875 0.595703125 0.03173828125 0.05126953125
56 0.25 0.59619140625 0.03173828125 0.05126953125
57 0.34521484375 0.59912109375 0.03173828125 0.05126953125
58 0.4375 0.59912109375 0.03173828125 0.05126953125
59 0.52783203125 0.598876953125 0.03173828125 0.05126953125
60 0.619140625 0.606689453125 0.03173828125 0.05126953125
61 0.71435546875 0.606689453125 0.03173828125 0.05126953125
62 0.8076171875 0.613525390625 0.03173828125 0.05126953125
63 0.90673828125 0.6142578125 0.03173828125 0.05126953125
61 0.03076171875 0.729248046875 0.03173828125 0.05126953125
52 0.07421875 0.73046875 0.03173828125 0.05126953125
38 0.119140625 0.731201171875 0.03173828125 0.05126953125
43 0.1650390625 0.7333984375 0.03173828125 0.05126953125
58 0.2109375 0.733642578125 0.03173828125 0.05126953125
59 0.2568359375 0.73486328125 0.03173828125 0.05126953125
54 0.08837890625 0.86474609375 0.03173828125 0.05126953125
54 0.17431640625 0.86669921875 0.03173828125 0.05126953125
54 0.30419921875 0.870849609375 0.03173828125 0.05126953125
54 0.439453125 0.8720703125 0.03173828125 0.05126953125
54 0.5703125 0.8798828125 0.03173828125 0.05126953125
54 0.70361328125 0.881591796875 0.03173828125 0.05126953125
54 0.83740234375 0.8896484375 0.03173828125 0.05126953125
54 0.9765625 0.895263671875 0.03173828125 0.05126953125
2 0.12939453125 0.867919921875 0.03173828125 0.05126953125
3 0.21923828125 0.869384765625 0.03173828125 0.05126953125
4 0.34765625 0.8701171875 0.03173828125 0.05126953125
5 0.48193359375 0.874267578125 0.03173828125 0.05126953125
6 0.61279296875 0.881103515625 0.03173828125 0.05126953125
7 0.74951171875 0.88671875 0.03173828125 0.05126953125
8 0.88525390625 0.892333984375 0.03173828125 0.05126953125