60 0.02783203125 0.06103515625 0.05322265625 0.0908203125
60 0.10986328125 0.0595703125 0.048828125 0.07861328125
43 0.197265625 0.05810546875 0.0498046875 0.0810546875
58 0.28076171875 0.06201171875 0.0498046875 0.083984375
59 0.36865234375 0.06005859375 0.05078125 0.07958984375
53 0.54150390625 0.0673828125 0.05419921875 0.08984375
55 0.6259765625 0.068359375 0.05859375 0.09619140625
59 0.7978515625 0.076171875 0.05078125 0.07666015625
56 0.88037109375 0.0771484375 0.04736328125 0.0810546875
37 0.95947265625 0.07666015625 0.0498046875 0.07958984375
43 0.09326171875 0.33837890625 0.05322265625 0.0986328125
45 0.18017578125 0.333984375 0.05517578125 0.08984375
46 0.271484375 0.33740234375 0.05419921875 0.091796875
47 0.35986328125 0.337890625 0.05078125 0.09765625
48 0.44873046875 0.3427734375 0.048828125 0.08984375
49 0.5361328125 0.3427734375 0.0498046875 0.09423828125
50 0.62451171875 0.34423828125 0.05517578125 0.0888671875
51 0.71826171875 0.34765625 0.06103515625 0.09326171875
52 0.80078125 0.34814453125 0.056640625 0.0986328125
53 0.88818359375 0.349609375 0.05859375 0.09423828125
66 0.0849609375 0.47705078125 0.05419921875 0.09423828125
40 0.26220703125 0.48388671875 0.06201171875 0.09423828125
40 0.35400390625 0.48486328125 0.05859375 0.08984375
40 0.44189453125 0.490234375 0.06103515625 0.09521484375
54 0.6240234375 0.490234375 0.06103515625 0.099609375
54 0.80517578125 0.4921875 0.05859375 0.10205078125
47 0.0810546875 0.61669921875 0.05322265625 0.09765625
59 0.25830078125 0.61962890625 0.0654296875 0.091796875
56 0.353515625 0.6201171875 0.0595703125 0.099609375
37 0.439453125 0.6162109375 0.056640625 0.09619140625
39 0.53125 0.6171875 0.0576171875 0.09423828125
43 0.62060546875 0.6201171875 0.06103515625 0.0908203125
38 0.16650390625 0.7646484375 0.0576171875 0.0888671875
39 0.345703125 0.7578125 0.0595703125 0.08642578125
41 0.52392578125 0.77001953125 0.06103515625 0.09765625
43 0.7080078125 0.77734375 0.0595703125 0.10107421875
45 0.88818359375 0.77734375 0.056640625 0.09423828125
53 0.15869140625 0.91162109375 0.0595703125 0.09619140625
46 0.2509765625 0.9111328125 0.0576171875 0.09521484375
55 0.43408203125 0.9228515625 0.06298828125 0.10302734375
56 0.61328125 0.921875 0.06201171875 0.0986328125
57 0.79296875 0.921875 0.05859375 0.091796875
58 0.96875 0.919921875 0.0595703125 0.09521484375
54 0.9765625 0.49951171875 0.04638671875 0.08984375