54 0.0615234375 0.18115234375 0.041015625 0.05859375
1 0.107421875 0.18115234375 0.041015625 0.05859375
2 0.2548828125 0.18212890625 0.041015625 0.05859375
54 0.0732421875 0.3369140625 0.041015625 0.05859375
54 0.220703125 0.33837890625 0.041015625 0.05859375
54 0.20654296875 0.1796875 0.041015625 0.05859375
54 0.3056640625 0.1826171875 0.041015625 0.05859375
3 0.3544921875 0.1796875 0.041015625 0.05859375
54 0.3603515625 0.33984375 0.041015625 0.05859375
3 0.119140625 0.33935546875 0.041015625 0.05859375
4 0.2666015625 0.337890625 0.041015625 0.05859375
2 0.40771484375 0.33935546875 0.041015625 0.05859375
5 0.55078125 0.33984375 0.041015625 0.05859375
4 0.5029296875 0.18212890625 0.041015625 0.05859375
54 0.5009765625 0.33984375 0.041015625 0.05859375
54 0.4521484375 0.1826171875 0.041015625 0.0615234375
54 0.6025390625 0.1865234375 0.041015625 0.0615234375
54 0.64404296875 0.34228515625 0.041015625 0.0615234375
5 0.65380859375 0.18603515625 0.041015625 0.0615234375
54 0.75732421875 0.18798828125 0.041015625 0.0615234375
54 0.8076171875 0.1865234375 0.041015625 0.0615234375
54 0.7919921875 0.34375 0.041015625 0.0615234375
7 0.84423828125 0.345703125 0.041015625 0.0615234375
54 0.94482421875 0.35107421875 0.041015625 0.0615234375
54 0.90771484375 0.19091796875 0.041015625 0.0615234375
7 0.958984375 0.19189453125 0.041015625 0.0615234375
37 0.37353515625 0.68359375 0.03662109375 0.04931640625
6 0.69677734375 0.34375 0.041015625 0.0615234375
55 0.4580078125 0.6875 0.03662109375 0.04931640625
50 0.32958984375 0.68115234375 0.03662109375 0.04931640625
65 0.41357421875 0.68603515625 0.03662109375 0.04931640625
37 0.2470703125 0.67919921875 0.03662109375 0.04931640625
60 0.2001953125 0.6796875 0.03662109375 0.04931640625
59 0.16015625 0.6767578125 0.0302734375 0.05078125
61 0.1181640625 0.673828125 0.0380859375 0.04931640625
52 0.07275390625 0.67919921875 0.0380859375 0.04931640625
61 0.0322265625 0.6767578125 0.03515625 0.04638671875
53 0.28369140625 0.61328125 0.0341796875 0.044921875
46 0.32666015625 0.61328125 0.0341796875 0.044921875
37 0.23974609375 0.6142578125 0.0341796875 0.044921875
41 0.19873046875 0.61181640625 0.0341796875 0.044921875
53 0.15087890625 0.61328125 0.0341796875 0.044921875
37 0.10693359375 0.6142578125 0.0341796875 0.044921875
37 0.01708984375 0.6162109375 0.0341796875 0.044921875
37 0.0625 0.6162109375 0.0341796875 0.044921875
61 0.4111328125 0.6220703125 0.0380859375 0.04931640625
52 0.455078125 0.62060546875 0.0380859375 0.04931640625
37 0.5 0.6220703125 0.0341796875 0.044921875
46 0.54541015625 0.6201171875 0.0341796875 0.044921875
37 0.5888671875 0.62353515625 0.0341796875 0.044921875
37 0.72900390625 0.63232421875 0.0380859375 0.04443359375
59 0.67919921875 0.63232421875 0.0380859375 0.04443359375
48 0.8193359375 0.64013671875 0.0380859375 0.04443359375
53 0.8671875 0.6435546875 0.03857421875 0.05322265625
65 0.91552734375 0.64794921875 0.03857421875 0.05322265625
55 0.9619140625 0.64794921875 0.03857421875 0.05322265625