53 0.06541666666666666 0.16458333333333333 0.034166666666666665 0.05583333333333333
37 0.06041666666666667 0.08625 0.034166666666666665 0.05583333333333333
38 0.10541666666666667 0.08625 0.034166666666666665 0.05583333333333333
37 0.19791666666666666 0.08375 0.034166666666666665 0.05583333333333333
38 0.2920833333333333 0.08375 0.034166666666666665 0.05583333333333333
39 0.38958333333333334 0.08208333333333333 0.034166666666666665 0.05583333333333333
41 0.48791666666666667 0.08291666666666667 0.034166666666666665 0.05583333333333333
43 0.5833333333333334 0.08208333333333333 0.03666666666666667 0.05583333333333333
45 0.6816666666666666 0.08541666666666667 0.03666666666666667 0.05583333333333333
46 0.7791666666666667 0.08875 0.03666666666666667 0.05583333333333333
47 0.8758333333333334 0.08958333333333333 0.03666666666666667 0.05583333333333333
48 0.9741666666666666 0.09291666666666666 0.03666666666666667 0.05583333333333333
42 0.15458333333333332 0.16541666666666666 0.034166666666666665 0.05583333333333333
44 0.20125 0.16291666666666665 0.034166666666666665 0.05583333333333333
53 0.2945833333333333 0.16625 0.034166666666666665 0.05583333333333333
46 0.34208333333333335 0.16375 0.034166666666666665 0.05583333333333333
55 0.43875 0.16791666666666666 0.034166666666666665 0.05583333333333333
56 0.5320833333333334 0.16791666666666666 0.034166666666666665 0.05583333333333333
57 0.62875 0.17041666666666666 0.034166666666666665 0.05583333333333333
58 0.72375 0.16875 0.034166666666666665 0.05583333333333333
59 0.82125 0.17375 0.034166666666666665 0.05583333333333333
60 0.91625 0.17375 0.034166666666666665 0.05583333333333333
65 0.06958333333333333 0.24125 0.034166666666666665 0.05583333333333333
66 0.15958333333333333 0.24375 0.034166666666666665 0.05583333333333333
40 0.07541666666666667 0.3145833333333333 0.034166666666666665 0.05583333333333333
53 0.11708333333333333 0.3154166666666667 0.034166666666666665 0.05583333333333333
48 0.16208333333333333 0.31375 0.034166666666666665 0.05583333333333333
53 0.25375 0.31625 0.034166666666666665 0.05583333333333333
61 0.30041666666666667 0.31625 0.034166666666666665 0.05583333333333333
52 0.34458333333333335 0.31625 0.034166666666666665 0.05583333333333333
38 0.3904166666666667 0.31708333333333333 0.034166666666666665 0.05583333333333333
43 0.4379166666666667 0.31708333333333333 0.034166666666666665 0.05583333333333333
58 0.48541666666666666 0.3179166666666667 0.034166666666666665 0.05583333333333333
59 0.53125 0.3204166666666667 0.034166666666666665 0.05583333333333333
54 0.08708333333333333 0.46041666666666664 0.034166666666666665 0.049166666666666664
0 0.12875 0.45875 0.034166666666666665 0.049166666666666664
54 0.21791666666666668 0.46041666666666664 0.034166666666666665 0.049166666666666664
54 0.34875 0.46291666666666664 0.034166666666666665 0.049166666666666664
54 0.43875 0.46458333333333335 0.034166666666666665 0.049166666666666664
54 0.57125 0.46541666666666665 0.034166666666666665 0.049166666666666664
54 0.70625 0.47041666666666665 0.034166666666666665 0.049166666666666664
54 0.8420833333333333 0.47458333333333336 0.034166666666666665 0.049166666666666664
54 0.9829166666666667 0.48041666666666666 0.034166666666666665 0.049166666666666664
54 0.09541666666666666 0.5954166666666667 0.034166666666666665 0.049166666666666664
54 0.09875 0.6595833333333333 0.034166666666666665 0.049166666666666664
54 0.22125 0.5970833333333333 0.034166666666666665 0.049166666666666664
54 0.35291666666666666 0.5970833333333333 0.034166666666666665 0.049166666666666664
54 0.48125 0.59875 0.034166666666666665 0.049166666666666664
54 0.6104166666666667 0.5995833333333334 0.034166666666666665 0.049166666666666664
54 0.7420833333333333 0.60375 0.034166666666666665 0.049166666666666664
54 0.8770833333333333 0.6095833333333334 0.034166666666666665 0.049166666666666664
0 0.14041666666666666 0.6620833333333334 0.034166666666666665 0.049166666666666664
1 0.2579166666666667 0.46041666666666664 0.034166666666666665 0.049166666666666664
2 0.3954166666666667 0.46291666666666664 0.034166666666666665 0.049166666666666664
3 0.4820833333333333 0.46458333333333335 0.034166666666666665 0.049166666666666664
4 0.61625 0.46541666666666665 0.034166666666666665 0.049166666666666664
5 0.7520833333333333 0.47041666666666665 0.034166666666666665 0.049166666666666664
6 0.8895833333333333 0.47291666666666665 0.034166666666666665 0.049166666666666664
6 0.7879166666666667 0.6054166666666667 0.034166666666666665 0.049166666666666664
5 0.65375 0.6020833333333333 0.034166666666666665 0.049166666666666664
2 0.5254166666666666 0.5979166666666667 0.034166666666666665 0.049166666666666664
4 0.39625 0.5979166666666667 0.034166666666666665 0.049166666666666664
3 0.26458333333333334 0.5954166666666667 0.034166666666666665 0.049166666666666664
1 0.13541666666666666 0.59375 0.034166666666666665 0.049166666666666664
7 0.9229166666666667 0.6129166666666667 0.034166666666666665 0.049166666666666664
52 0.11366666666666667 0.8406666666666667 0.03133333333333333 0.04133333333333333
37 0.15233333333333332 0.8406666666666667 0.03133333333333333 0.04133333333333333
46 0.19433333333333333 0.8413333333333334 0.03133333333333333 0.04133333333333333
37 0.23366666666666666 0.8406666666666667 0.03133333333333333 0.04133333333333333
53 0.27566666666666667 0.84 0.03133333333333333 0.04133333333333333
41 0.31633333333333336 0.8386666666666667 0.03133333333333333 0.04133333333333333
37 0.35633333333333334 0.8386666666666667 0.03133333333333333 0.04133333333333333
53 0.3983333333333333 0.8386666666666667 0.03133333333333333 0.04133333333333333
46 0.44033333333333335 0.8393333333333334 0.03133333333333333 0.04133333333333333
61 0.521 0.8446666666666667 0.03133333333333333 0.04133333333333333
52 0.5616666666666666 0.8466666666666667 0.03133333333333333 0.04133333333333333
37 0.6016666666666667 0.848 0.03133333333333333 0.04133333333333333
46 0.6443333333333333 0.852 0.03133333333333333 0.04133333333333333
37 0.685 0.8546666666666667 0.03133333333333333 0.04133333333333333
59 0.7703333333333333 0.864 0.03133333333333333 0.04133333333333333
37 0.8123333333333334 0.8646666666666667 0.03133333333333333 0.04133333333333333
48 0.9003333333333333 0.8746666666666667 0.03133333333333333 0.04133333333333333
53 0.9436666666666667 0.8773333333333333 0.03133333333333333 0.04133333333333333
50 0.12066666666666667 0.8956666666666667 0.029333333333333333 0.035333333333333335
61 0.16266666666666665 0.8936666666666667 0.029333333333333333 0.035333333333333335
52 0.202 0.8943333333333333 0.029333333333333333 0.035333333333333335
61 0.24133333333333334 0.8936666666666667 0.029333333333333333 0.035333333333333335
59 0.282 0.8943333333333333 0.029333333333333333 0.035333333333333335
60 0.32266666666666666 0.8936666666666667 0.029333333333333333 0.035333333333333335
37 0.3606666666666667 0.8923333333333333 0.029333333333333333 0.035333333333333335
50 0.43866666666666665 0.898 0.029333333333333333 0.03866666666666667
37 0.478 0.8993333333333333 0.029333333333333333 0.03866666666666667
65 0.518 0.905 0.029333333333333333 0.04466666666666667
55 0.5593333333333333 0.9083333333333333 0.029333333333333333 0.04466666666666667