43 0.0654296875 0.322021484375 0.04931640625 0.09228515625
58 0.134765625 0.324951171875 0.052734375 0.09033203125
59 0.205078125 0.32275390625 0.04638671875 0.08544921875
53 0.35400390625 0.333251953125 0.052734375 0.09228515625
55 0.42822265625 0.335205078125 0.052734375 0.09228515625
59 0.580322265625 0.3408203125 0.05078125 0.0888671875
56 0.656982421875 0.339111328125 0.05712890625 0.09326171875
37 0.734619140625 0.3427734375 0.05712890625 0.09130859375
39 0.812744140625 0.343994140625 0.05615234375 0.09033203125
43 0.890869140625 0.345458984375 0.05615234375 0.0888671875
45 0.070556640625 0.553955078125 0.04931640625 0.09033203125
46 0.135986328125 0.558837890625 0.0517578125 0.0869140625
47 0.20751953125 0.5615234375 0.04833984375 0.08544921875
48 0.281494140625 0.565673828125 0.04931640625 0.08349609375
49 0.350341796875 0.571044921875 0.04931640625 0.08544921875
50 0.422119140625 0.572265625 0.04833984375 0.08447265625
51 0.49951171875 0.57763671875 0.05517578125 0.0869140625
52 0.56787109375 0.5810546875 0.04931640625 0.0869140625
53 0.64208984375 0.586181640625 0.052734375 0.0869140625
42 0.793701171875 0.59423828125 0.05712890625 0.0869140625
44 0.873291015625 0.59814453125 0.05859375 0.087890625
40 0.141845703125 0.673095703125 0.0478515625 0.0634765625
40 0.210693359375 0.677734375 0.0390625 0.0615234375
40 0.27734375 0.685302734375 0.0458984375 0.0634765625
54 0.419677734375 0.68505859375 0.05078125 0.08544921875
54 0.562744140625 0.698974609375 0.04638671875 0.09033203125
54 0.7109375 0.7109375 0.0517578125 0.0888671875
59 0.1416015625 0.770751953125 0.0439453125 0.07861328125
56 0.210693359375 0.775390625 0.04833984375 0.078125
37 0.277099609375 0.7783203125 0.04736328125 0.07568359375
39 0.34228515625 0.783935546875 0.04248046875 0.07080078125
43 0.4140625 0.79345703125 0.04833984375 0.08447265625
38 0.082275390625 0.8642578125 0.05517578125 0.072265625
39 0.20947265625 0.875 0.04345703125 0.06982421875
41 0.341796875 0.895751953125 0.04931640625 0.08447265625
43 0.483154296875 0.9072265625 0.044921875 0.0810546875
45 0.62548828125 0.9140625 0.04931640625 0.08349609375
46 0.767822265625 0.931396484375 0.04833984375 0.08349609375
47 0.913330078125 0.944091796875 0.04638671875 0.0947265625