65 0.240234375 0.080078125 0.0615234375 0.0859375
66 0.38134765625 0.08154296875 0.0615234375 0.0859375
40 0.230224609375 0.19091796875 0.0615234375 0.0859375
24 0.303466796875 0.19189453125 0.0615234375 0.0859375
48 0.376708984375 0.193359375 0.0615234375 0.0859375
53 0.523681640625 0.2001953125 0.0615234375 0.0859375
61 0.593994140625 0.2001953125 0.0615234375 0.0859375
52 0.671630859375 0.20263671875 0.0615234375 0.0859375
38 0.744873046875 0.20263671875 0.0615234375 0.0859375
54 0.21142578125 0.4267578125 0.0615234375 0.0859375
54 0.2021484375 0.66015625 0.0615234375 0.0859375
54 0.197509765625 0.78369140625 0.0615234375 0.0859375
54 0.42626953125 0.66796875 0.06689453125 0.0859375
54 0.4384765625 0.43603515625 0.06689453125 0.0859375
54 0.660888671875 0.44287109375 0.06689453125 0.0859375
54 0.808837890625 0.45068359375 0.06689453125 0.0859375
54 0.65283203125 0.6787109375 0.06689453125 0.0859375
54 0.8798828125 0.68505859375 0.06689453125 0.0859375
0 0.2900390625 0.4267578125 0.0615234375 0.0859375
43 0.813232421875 0.20654296875 0.0615234375 0.0859375
58 0.890380859375 0.21337890625 0.0615234375 0.0859375
59 0.961181640625 0.21875 0.0615234375 0.0859375
1 0.51416015625 0.4345703125 0.0615234375 0.0859375
2 0.738037109375 0.44677734375 0.0615234375 0.0859375
3 0.888916015625 0.4453125 0.0615234375 0.0859375
4 0.734375 0.6787109375 0.0615234375 0.0859375
2 0.9599609375 0.68408203125 0.0615234375 0.0859375
2 0.50732421875 0.66796875 0.0615234375 0.0859375
1 0.27685546875 0.66015625 0.0615234375 0.0859375
0 0.272216796875 0.78125 0.0615234375 0.0859375