58 0.08056640625 0.28125 0.0498046875 0.07958984375
59 0.15234375 0.2783203125 0.048828125 0.0830078125
53 0.30078125 0.28125 0.0498046875 0.08203125
55 0.37255859375 0.28125 0.0498046875 0.07958984375
59 0.52001953125 0.28173828125 0.05078125 0.07861328125
56 0.591796875 0.28125 0.04541015625 0.083984375
37 0.6611328125 0.28076171875 0.04638671875 0.0810546875
39 0.73291015625 0.28076171875 0.05419921875 0.07861328125
43 0.8017578125 0.28076171875 0.04296875 0.07666015625
45 0.03076171875 0.51123046875 0.0517578125 0.0751953125
46 0.1005859375 0.50927734375 0.04736328125 0.07421875
47 0.169921875 0.5078125 0.04638671875 0.0751953125
48 0.24169921875 0.50634765625 0.04541015625 0.07177734375
49 0.31103515625 0.5078125 0.04443359375 0.0751953125
50 0.38037109375 0.50537109375 0.04296875 0.0732421875
51 0.44873046875 0.5048828125 0.0419921875 0.06982421875
52 0.5166015625 0.50537109375 0.048828125 0.06884765625
53 0.5810546875 0.50341796875 0.0419921875 0.0732421875
42 0.7177734375 0.50390625 0.04638671875 0.07177734375
44 0.78271484375 0.50439453125 0.04541015625 0.0732421875
53 0.91552734375 0.50439453125 0.04443359375 0.07080078125
46 0.978515625 0.50390625 0.041015625 0.0673828125
40 0.11572265625 0.61181640625 0.04541015625 0.06494140625
40 0.1826171875 0.6142578125 0.04541015625 0.05908203125
40 0.25048828125 0.615234375 0.04345703125 0.05859375
54 0.384765625 0.609375 0.0419921875 0.06396484375
54 0.515625 0.60791015625 0.041015625 0.06494140625
54 0.64501953125 0.607421875 0.03857421875 0.06396484375
59 0.123046875 0.70703125 0.0380859375 0.0625
56 0.18505859375 0.7060546875 0.04296875 0.05908203125
37 0.2509765625 0.70361328125 0.03857421875 0.05908203125
39 0.3193359375 0.7021484375 0.03857421875 0.05859375
43 0.3837890625 0.7021484375 0.041015625 0.06201171875
38 0.06640625 0.7998046875 0.04248046875 0.0625
39 0.19482421875 0.79833984375 0.04248046875 0.06103515625
41 0.32177734375 0.7978515625 0.04248046875 0.06201171875
43 0.44921875 0.7958984375 0.04150390625 0.0615234375
45 0.57470703125 0.79052734375 0.04052734375 0.0576171875
46 0.69921875 0.78955078125 0.0380859375 0.060546875
47 0.822265625 0.79150390625 0.03759765625 0.060546875
48 0.94287109375 0.7900390625 0.04052734375 0.06103515625
53 0.0810546875 0.88671875 0.0419921875 0.0576171875
46 0.14501953125 0.88427734375 0.03955078125 0.05517578125
55 0.2646484375 0.8837890625 0.04052734375 0.05908203125
56 0.388671875 0.88037109375 0.041015625 0.0576171875
57 0.51123046875 0.88037109375 0.03955078125 0.05712890625
58 0.6318359375 0.87841796875 0.03759765625 0.0576171875
59 0.75146484375 0.87939453125 0.041015625 0.05712890625
60 0.87060546875 0.87646484375 0.0419921875 0.05517578125
61 0.98388671875 0.875 0.02978515625 0.056640625