60 0.07177734375 0.11083984375 0.044921875 0.0771484375
60 0.140625 0.1103515625 0.0439453125 0.07763671875
43 0.20751953125 0.107421875 0.046875 0.07568359375
58 0.27783203125 0.107421875 0.0458984375 0.07421875
59 0.35009765625 0.10791015625 0.0439453125 0.07763671875
53 0.48681640625 0.10791015625 0.0439453125 0.07861328125
55 0.55712890625 0.107421875 0.0439453125 0.0771484375
59 0.69580078125 0.1103515625 0.04443359375 0.07373046875
56 0.76416015625 0.10986328125 0.044921875 0.07666015625
37 0.83154296875 0.111328125 0.04638671875 0.07177734375
39 0.8994140625 0.11181640625 0.041015625 0.072265625
43 0.96484375 0.1142578125 0.0390625 0.06689453125
39 0.0234375 0.33203125 0.03955078125 0.06884765625
41 0.087890625 0.33154296875 0.04638671875 0.06591796875
43 0.154296875 0.33203125 0.0458984375 0.06884765625
45 0.21875 0.3310546875 0.0439453125 0.06982421875
46 0.28564453125 0.33056640625 0.0458984375 0.07177734375
47 0.35302734375 0.33251953125 0.0419921875 0.072265625
48 0.421875 0.33349609375 0.0419921875 0.0703125
49 0.48681640625 0.33447265625 0.04248046875 0.0712890625
50 0.55419921875 0.33447265625 0.04248046875 0.0703125
51 0.61962890625 0.333984375 0.0458984375 0.07177734375
52 0.68310546875 0.33544921875 0.04296875 0.07421875
53 0.74853515625 0.33544921875 0.04296875 0.068359375
42 0.87353515625 0.33740234375 0.046875 0.0732421875
44 0.94140625 0.33642578125 0.041015625 0.07177734375
64 0.03271484375 0.43798828125 0.04638671875 0.06787109375
65 0.0966796875 0.43701171875 0.04541015625 0.06640625
66 0.16162109375 0.4375 0.04638671875 0.06689453125
40 0.29345703125 0.43798828125 0.04443359375 0.06494140625
40 0.35888671875 0.43896484375 0.03857421875 0.06298828125
40 0.421875 0.43896484375 0.041015625 0.06396484375
54 0.54931640625 0.43896484375 0.03955078125 0.0615234375
54 0.67578125 0.43896484375 0.04150390625 0.0654296875
54 0.8037109375 0.43994140625 0.0390625 0.06298828125
48 0.04248046875 0.53515625 0.0390625 0.06494140625
60 0.1064453125 0.533203125 0.0390625 0.0654296875
47 0.16845703125 0.53369140625 0.04296875 0.06494140625
59 0.29833984375 0.53369140625 0.03955078125 0.0654296875
56 0.35986328125 0.53173828125 0.03955078125 0.06201171875
37 0.4228515625 0.53125 0.03857421875 0.0625
39 0.4853515625 0.53125 0.0380859375 0.06201171875
43 0.54736328125 0.53125 0.03759765625 0.06201171875
37 0.1142578125 0.62744140625 0.03955078125 0.05908203125
38 0.2412109375 0.6279296875 0.0419921875 0.060546875
39 0.36181640625 0.625 0.0380859375 0.06201171875
41 0.484375 0.62353515625 0.04052734375 0.060546875
43 0.603515625 0.62451171875 0.0390625 0.0615234375
45 0.7275390625 0.62451171875 0.041015625 0.05908203125
46 0.84765625 0.62744140625 0.04052734375 0.060546875
47 0.9677734375 0.6259765625 0.0341796875 0.05419921875
42 0.06396484375 0.716796875 0.04150390625 0.05712890625
44 0.125 0.71630859375 0.04296875 0.05517578125
53 0.24609375 0.71630859375 0.03955078125 0.05859375
46 0.30517578125 0.71484375 0.0390625 0.060546875
55 0.423828125 0.71337890625 0.0390625 0.05908203125
56 0.54296875 0.71337890625 0.03955078125 0.05859375
57 0.66064453125 0.712890625 0.0390625 0.0576171875
58 0.77880859375 0.71630859375 0.0390625 0.060546875
59 0.89404296875 0.71826171875 0.04052734375 0.05908203125
53 0.03125 0.87451171875 0.03955078125 0.05078125
48 0.087890625 0.87353515625 0.03466796875 0.05126953125
53 0.19970703125 0.8720703125 0.03369140625 0.046875
61 0.25927734375 0.8720703125 0.041015625 0.0537109375
52 0.31201171875 0.87158203125 0.03759765625 0.052734375
38 0.37109375 0.8720703125 0.041015625 0.05419921875
43 0.42724609375 0.87109375 0.03857421875 0.05517578125
58 0.482421875 0.8720703125 0.03662109375 0.056640625
59 0.53955078125 0.873046875 0.0380859375 0.0546875