54 0.115234375 0.12158203125 0.03369140625 0.0625
54 0.279296875 0.12158203125 0.04052734375 0.06689453125
54 0.45458984375 0.12109375 0.03564453125 0.06640625
54 0.63330078125 0.12255859375 0.037109375 0.07177734375
54 0.818359375 0.12548828125 0.03955078125 0.0712890625
3 0.17041015625 0.12060546875 0.037109375 0.06494140625
4 0.337890625 0.119140625 0.0341796875 0.0625
2 0.51220703125 0.11962890625 0.0419921875 0.06494140625
5 0.69482421875 0.12255859375 0.03857421875 0.07177734375
6 0.884765625 0.12646484375 0.044921875 0.0732421875
46 0.05615234375 0.4853515625 0.03564453125 0.06494140625
37 0.1103515625 0.4853515625 0.03369140625 0.0615234375
53 0.16357421875 0.48681640625 0.03759765625 0.05908203125
41 0.21875 0.4892578125 0.03564453125 0.060546875
37 0.27587890625 0.4931640625 0.03564453125 0.06201171875
53 0.33203125 0.49462890625 0.03564453125 0.0625
46 0.38818359375 0.4970703125 0.037109375 0.06494140625
61 0.49951171875 0.50244140625 0.0380859375 0.0625
52 0.55810546875 0.50439453125 0.0380859375 0.05859375
37 0.6142578125 0.50537109375 0.03759765625 0.0595703125
46 0.67626953125 0.5126953125 0.03857421875 0.06640625
37 0.7353515625 0.51123046875 0.037109375 0.06396484375
59 0.85595703125 0.517578125 0.04443359375 0.0625
37 0.91796875 0.5166015625 0.03759765625 0.05908203125
52 0.0517578125 0.5732421875 0.037109375 0.05810546875
61 0.10791015625 0.57470703125 0.03564453125 0.05908203125
59 0.16064453125 0.57763671875 0.041015625 0.05859375
60 0.216796875 0.5810546875 0.03662109375 0.05810546875
37 0.27294921875 0.583984375 0.03759765625 0.0615234375
50 0.38623046875 0.58837890625 0.04052734375 0.060546875
37 0.44287109375 0.59375 0.037109375 0.0634765625
65 0.4970703125 0.59716796875 0.04052734375 0.06591796875
55 0.55419921875 0.59716796875 0.03955078125 0.0654296875