54 0.12277666666666666 0.4655566666666667 0.04777666666666667 0.06888999999999999
54 0.34 0.4622233333333334 0.05111 0.07777666666666667
54 0.55611 0.4633333333333333 0.05222333333333333 0.08222333333333333
54 0.7777766666666667 0.46 0.055556666666666664 0.08
54 0.19166666666666668 0.69389 0.05444333333333334 0.08111
54 0.4116666666666667 0.6922233333333334 0.04777666666666667 0.08222333333333333
54 0.6344433333333334 0.69111 0.05111 0.08
54 0.8616666666666667 0.6933333333333334 0.05222333333333333 0.08
59 0.06166666666666667 0.24166666666666667 0.04777666666666667 0.07444333333333333
4 0.195 0.46389 0.04111 0.06777666666666667
5 0.4116666666666667 0.46110999999999996 0.04777666666666667 0.07777666666666667
6 0.6261099999999999 0.46110999999999996 0.05222333333333333 0.08222333333333333
7 0.8511099999999999 0.46055666666666667 0.048889999999999996 0.07889
6 0.48389000000000004 0.6927766666666666 0.04777666666666667 0.08111
5 0.26166666666666666 0.6916666666666667 0.05222333333333333 0.08111
7 0.7066666666666667 0.68889 0.048889999999999996 0.07555666666666666
8 0.9294433333333333 0.6927766666666666 0.05 0.08777666666666666