54 0.03222333333333333 0.10222333333333333 0.04 0.06
54 0.13555666666666666 0.09555666666666668 0.04 0.06
54 0.24555666666666665 0.09777999999999999 0.04 0.06
54 0.13722333333333334 0.66667 0.03444333333333333 0.05333333333333334
54 0.2794466666666667 0.66556 0.03444333333333333 0.05333333333333334
54 0.42722333333333334 0.6633366666666667 0.03444333333333333 0.05333333333333334
54 0.5705566666666667 0.6622266666666667 0.03444333333333333 0.05333333333333334
54 0.7161133333333334 0.6611166666666667 0.03444333333333333 0.05333333333333334
54 0.8672233333333333 0.6611166666666667 0.03444333333333333 0.05333333333333334
54 0.7672233333333334 0.8088933333333332 0.03444333333333333 0.05333333333333334
54 0.6216666666666667 0.8133366666666667 0.03444333333333333 0.05333333333333334
54 0.475 0.8122266666666667 0.03444333333333333 0.05333333333333334
54 0.33055666666666667 0.8122266666666667 0.03444333333333333 0.05333333333333334
54 0.19055666666666665 0.81445 0.03444333333333333 0.05333333333333334
54 0.05055666666666666 0.81334 0.03444333333333333 0.05333333333333334
4 0.18278 0.66667 0.03444333333333333 0.05333333333333334
5 0.32833666666666667 0.6644466666666666 0.03444333333333333 0.05333333333333334
6 0.47389333333333333 0.6622233333333334 0.03444333333333333 0.05333333333333334
7 0.6183366666666666 0.66 0.03444333333333333 0.05333333333333334
8 0.7672266666666666 0.66 0.03444333333333333 0.05333333333333334
9 0.9150033333333334 0.66 0.03444333333333333 0.05333333333333334
39 0.04389 0.6688933333333333 0.03444333333333333 0.05333333333333334
2 0.09389 0.8133366666666667 0.03444333333333333 0.05333333333333334
5 0.23500333333333334 0.8155566666666667 0.03444333333333333 0.05333333333333334
6 0.3772266666666667 0.8122233333333334 0.03444333333333333 0.05333333333333334
7 0.5238933333333333 0.81 0.03444333333333333 0.05333333333333334
8 0.6683366666666667 0.81111 0.03444333333333333 0.05333333333333334
9 0.8127800000000001 0.80889 0.03444333333333333 0.05333333333333334
43 0.09889 0.27444666666666667 0.04 0.06
45 0.20444666666666667 0.26888999999999996 0.04 0.06
46 0.3044466666666667 0.26888999999999996 0.04 0.06
47 0.41222333333333333 0.26111333333333336 0.04 0.06
48 0.5166666666666667 0.26444666666666666 0.04 0.06
49 0.6222233333333334 0.2600033333333333 0.04 0.06
50 0.7277800000000001 0.2600033333333333 0.04 0.06
51 0.8311133333333334 0.2600033333333333 0.04 0.06
52 0.9366700000000001 0.25778 0.04 0.06
56 0.06111333333333333 0.35778 0.04 0.06
57 0.16000333333333333 0.3555566666666667 0.04 0.06
58 0.26111333333333336 0.35111333333333333 0.04 0.06
59 0.36667 0.35444666666666663 0.04 0.06
60 0.4644466666666666 0.35000333333333333 0.04 0.06
61 0.56667 0.35000333333333333 0.04 0.06
62 0.6688933333333333 0.34778 0.04 0.06
63 0.7788933333333333 0.3444466666666666 0.04 0.06
58 0.03222333333333333 0.5133366666666667 0.04 0.06
59 0.08111333333333333 0.5133366666666667 0.04 0.06