22 0.137939453125 0.11669921875 0.03515625 0.052734375
40 0.180908203125 0.1142578125 0.037109375 0.052734375
43 0.224853515625 0.11279296875 0.037109375 0.05224609375
60 0.269287109375 0.1103515625 0.03515625 0.05419921875
60 0.312744140625 0.10888671875 0.0361328125 0.05419921875
43 0.361083984375 0.10595703125 0.03857421875 0.05419921875
59 0.45458984375 0.10205078125 0.03271484375 0.05224609375
58 0.40673828125 0.10400390625 0.0380859375 0.0546875
53 0.548828125 0.09912109375 0.03759765625 0.05615234375
55 0.5966796875 0.09814453125 0.03662109375 0.0556640625
59 0.69287109375 0.09619140625 0.0390625 0.05712890625
56 0.744140625 0.09521484375 0.03857421875 0.056640625
37 0.794921875 0.09521484375 0.0390625 0.0556640625
39 0.84375 0.091796875 0.03759765625 0.0546875
43 0.8916015625 0.09228515625 0.0390625 0.05419921875
37 0.14208984375 0.26513671875 0.0322265625 0.04833984375
38 0.185546875 0.26513671875 0.0322265625 0.04833984375
39 0.22998046875 0.26416015625 0.0322265625 0.04833984375
41 0.2734375 0.2626953125 0.0322265625 0.04833984375
43 0.318359375 0.2626953125 0.0322265625 0.04833984375
46 0.4091796875 0.26220703125 0.0322265625 0.04833984375
45 0.3623046875 0.2626953125 0.0322265625 0.04833984375
65 0.27587890625 0.33935546875 0.0322265625 0.04833984375
64 0.2333984375 0.33984375 0.0322265625 0.04833984375
63 0.1904296875 0.34033203125 0.0322265625 0.04833984375
62 0.146484375 0.34130859375 0.0322265625 0.04833984375
40 0.150390625 0.40966796875 0.0322265625 0.04833984375
63 0.19287109375 0.4111328125 0.0322265625 0.04833984375
48 0.232421875 0.40869140625 0.0322265625 0.04833984375
60 0.279296875 0.41064453125 0.0322265625 0.04833984375
47 0.3232421875 0.40869140625 0.0322265625 0.04833984375
59 0.4130859375 0.4130859375 0.0322265625 0.04833984375
40 0.16650390625 0.6826171875 0.0322265625 0.04833984375
66 0.32275390625 0.33984375 0.0322265625 0.04833984375
54 0.6884765625 0.33837890625 0.0322265625 0.04833984375
40 0.5029296875 0.3408203125 0.0322265625 0.04833984375
54 0.783203125 0.3369140625 0.0322265625 0.04833984375
54 0.59619140625 0.33837890625 0.0322265625 0.04833984375
49 0.54931640625 0.2578125 0.0322265625 0.04833984375
47 0.45458984375 0.26171875 0.0322265625 0.04833984375
48 0.5029296875 0.25830078125 0.0322265625 0.04833984375
50 0.5947265625 0.26123046875 0.0322265625 0.04833984375
51 0.64208984375 0.259765625 0.0322265625 0.04833984375
52 0.689453125 0.2587890625 0.03369140625 0.05517578125
53 0.7392578125 0.25830078125 0.03369140625 0.05517578125
42 0.837890625 0.255859375 0.03369140625 0.05517578125
43 0.59423828125 0.40869140625 0.0322265625 0.04833984375
37 0.50341796875 0.4111328125 0.0322265625 0.04833984375
44 0.88525390625 0.255859375 0.03369140625 0.05517578125
56 0.45751953125 0.4111328125 0.0322265625 0.04833984375
39 0.546875 0.40966796875 0.0322265625 0.04833984375
37 0.282958984375 0.48193359375 0.0322265625 0.04833984375
40 0.4140625 0.34033203125 0.0322265625 0.04833984375
38 0.193115234375 0.48046875 0.0322265625 0.04833984375
38 0.369384765625 0.4814453125 0.0322265625 0.04833984375
37 0.151611328125 0.47998046875 0.0322265625 0.04833984375
39 0.457763671875 0.48193359375 0.0322265625 0.04833984375
41 0.547119140625 0.47998046875 0.0322265625 0.04833984375
43 0.638671875 0.48291015625 0.0322265625 0.04833984375
45 0.729248046875 0.47998046875 0.0322265625 0.04833984375
56 0.590576171875 0.5556640625 0.0322265625 0.04833984375
58 0.771728515625 0.5537109375 0.0322265625 0.04833984375
46 0.416259765625 0.552734375 0.0322265625 0.04833984375
55 0.503173828125 0.5556640625 0.0322265625 0.04833984375
53 0.370849609375 0.55322265625 0.0322265625 0.04833984375
44 0.284423828125 0.55224609375 0.0322265625 0.04833984375
53 0.154541015625 0.548828125 0.0322265625 0.04833984375
42 0.242919921875 0.5517578125 0.0322265625 0.04833984375
46 0.823974609375 0.48095703125 0.0322265625 0.04833984375
57 0.681396484375 0.55419921875 0.0322265625 0.04833984375
47 0.918212890625 0.48193359375 0.0322265625 0.04833984375
59 0.865478515625 0.5556640625 0.0322265625 0.04833984375
60 0.959228515625 0.55517578125 0.0322265625 0.04833984375
65 0.159912109375 0.6201171875 0.0322265625 0.04833984375
66 0.243408203125 0.619140625 0.0322265625 0.04833984375
24 0.2041015625 0.68310546875 0.0322265625 0.04833984375
61 0.3740234375 0.68603515625 0.0322265625 0.04833984375
48 0.248046875 0.685546875 0.0322265625 0.04833984375
53 0.33154296875 0.68408203125 0.0322265625 0.04833984375
52 0.41650390625 0.68505859375 0.0322265625 0.04833984375
43 0.5029296875 0.685546875 0.0322265625 0.04833984375
58 0.54638671875 0.68798828125 0.0322265625 0.04833984375
59 0.59130859375 0.68994140625 0.0322265625 0.04833984375
38 0.45947265625 0.68505859375 0.0322265625 0.04833984375
54 0.30029296875 0.93505859375 0.03076171875 0.04541015625
1 0.336181640625 0.81396484375 0.03076171875 0.04541015625
54 0.174072265625 0.8134765625 0.03076171875 0.04541015625
54 0.18408203125 0.93115234375 0.03076171875 0.04541015625
1 0.22119140625 0.931640625 0.03076171875 0.04541015625
0 0.214599609375 0.81201171875 0.03076171875 0.04541015625
54 0.296142578125 0.8134765625 0.03076171875 0.04541015625
3 0.34130859375 0.93603515625 0.03076171875 0.04541015625
54 0.420166015625 0.81640625 0.03076171875 0.04541015625
54 0.42236328125 0.9404296875 0.03076171875 0.04541015625
4 0.4638671875 0.93798828125 0.03076171875 0.04541015625
54 0.5048828125 0.8203125 0.03076171875 0.04541015625
2 0.462158203125 0.8173828125 0.03076171875 0.04541015625
54 0.67236328125 0.943359375 0.03076171875 0.04541015625
3 0.546875 0.81884765625 0.03076171875 0.04541015625
4 0.67529296875 0.8212890625 0.03076171875 0.04541015625
2 0.58935546875 0.943359375 0.03076171875 0.04541015625
5 0.7119140625 0.943359375 0.03076171875 0.04541015625
54 0.634765625 0.8203125 0.03076171875 0.04541015625
54 0.546875 0.93994140625 0.03076171875 0.04541015625
54 0.927978515625 0.95166015625 0.03076171875 0.04541015625
54 0.7626953125 0.8232421875 0.03076171875 0.04541015625
6 0.841064453125 0.94482421875 0.03076171875 0.04541015625
5 0.80517578125 0.8232421875 0.03076171875 0.04541015625
54 0.892578125 0.826171875 0.03076171875 0.04541015625
6 0.9375 0.826171875 0.03076171875 0.04541015625
7 0.973388671875 0.955078125 0.03076171875 0.04541015625
54 0.795654296875 0.94677734375 0.03076171875 0.04541015625