61 0.06884765625 0.1044921875 0.03515625 0.0517578125
52 0.1240234375 0.105224609375 0.0341796875 0.056640625
38 0.18212890625 0.10400390625 0.03759765625 0.05859375
43 0.234375 0.10107421875 0.03759765625 0.05859375
58 0.2900390625 0.101806640625 0.033203125 0.06201171875
59 0.34619140625 0.1005859375 0.02978515625 0.0517578125
54 0.12646484375 0.284423828125 0.033203125 0.06103515625
54 0.23876953125 0.28076171875 0.033203125 0.0576171875
54 0.40283203125 0.27880859375 0.03173828125 0.05322265625
54 0.56591796875 0.275634765625 0.03857421875 0.0576171875
54 0.73291015625 0.275634765625 0.03857421875 0.0576171875
54 0.900390625 0.272705078125 0.03857421875 0.05517578125
54 0.12646484375 0.454833984375 0.03955078125 0.0576171875
54 0.29345703125 0.452880859375 0.03076171875 0.06201171875
54 0.458984375 0.452392578125 0.03515625 0.05859375
54 0.6240234375 0.450927734375 0.03173828125 0.0576171875
54 0.7919921875 0.447021484375 0.03076171875 0.05419921875
54 0.95849609375 0.446044921875 0.03662109375 0.06103515625
2 0.181640625 0.28271484375 0.03857421875 0.06103515625
3 0.29052734375 0.279052734375 0.0341796875 0.056640625
4 0.45458984375 0.279541015625 0.03515625 0.0576171875
5 0.62158203125 0.274169921875 0.02978515625 0.0595703125
6 0.78759765625 0.273193359375 0.033203125 0.0576171875
7 0.95556640625 0.270263671875 0.03076171875 0.05859375
4 0.1826171875 0.45361328125 0.0341796875 0.05322265625
2 0.34521484375 0.451171875 0.02978515625 0.0595703125
5 0.513671875 0.453125 0.02978515625 0.05859375
6 0.67919921875 0.44921875 0.0341796875 0.0576171875
7 0.845703125 0.44580078125 0.033203125 0.06298828125
41 0.06494140625 0.81103515625 0.03662109375 0.05859375
37 0.1240234375 0.810791015625 0.03662109375 0.05859375
53 0.17724609375 0.80859375 0.03857421875 0.05859375
46 0.236328125 0.80859375 0.03662109375 0.06201171875
61 0.34765625 0.8076171875 0.03759765625 0.06298828125
52 0.40087890625 0.8046875 0.03759765625 0.05859375
37 0.458984375 0.804443359375 0.03759765625 0.05859375
46 0.515625 0.80712890625 0.03515625 0.06201171875
37 0.572265625 0.80615234375 0.03759765625 0.06298828125
59 0.6845703125 0.8017578125 0.03955078125 0.06201171875
37 0.73779296875 0.80078125 0.03759765625 0.06103515625
48 0.8525390625 0.80517578125 0.03662109375 0.0595703125
53 0.90966796875 0.80078125 0.03857421875 0.056640625
65 0.9677734375 0.801513671875 0.04638671875 0.0615234375
60 0.07275390625 0.90283203125 0.04736328125 0.0625
37 0.1279296875 0.901123046875 0.04443359375 0.0634765625
50 0.2392578125 0.90185546875 0.03857421875 0.05517578125
37 0.29736328125 0.898681640625 0.041015625 0.05859375
65 0.34619140625 0.900390625 0.03857421875 0.06640625
55 0.400390625 0.9013671875 0.03662109375 0.0673828125