40 0.04736328125 0.150146484375 0.01904296875 0.0341796875
22 0.07763671875 0.1494140625 0.02490234375 0.03564453125
14 0.11083984375 0.151123046875 0.0244140625 0.03759765625
30 0.14404296875 0.151611328125 0.02099609375 0.0361328125
30 0.17626953125 0.15087890625 0.0234375 0.03662109375
14 0.208984375 0.150634765625 0.0234375 0.037109375
28 0.2412109375 0.15087890625 0.021484375 0.03466796875
59 0.27392578125 0.151123046875 0.02197265625 0.03466796875
53 0.33642578125 0.15234375 0.0224609375 0.03564453125
55 0.37060546875 0.153564453125 0.02685546875 0.03662109375
37 0.05224609375 0.256591796875 0.021484375 0.03662109375
38 0.08544921875 0.25634765625 0.0224609375 0.03564453125
39 0.11767578125 0.256591796875 0.02099609375 0.0341796875
41 0.150390625 0.25537109375 0.02099609375 0.03515625
43 0.1826171875 0.2548828125 0.0224609375 0.03173828125
45 0.21435546875 0.256591796875 0.0224609375 0.03662109375
46 0.24609375 0.25732421875 0.0244140625 0.03564453125
47 0.27880859375 0.259521484375 0.0224609375 0.037109375
48 0.3115234375 0.260009765625 0.02197265625 0.03662109375
49 0.34228515625 0.26025390625 0.0224609375 0.03857421875
50 0.373046875 0.260009765625 0.02197265625 0.03564453125
51 0.404296875 0.25927734375 0.0234375 0.03173828125
52 0.4345703125 0.2607421875 0.0244140625 0.033203125
53 0.46435546875 0.260498046875 0.02294921875 0.0322265625
62 0.056884765625 0.308349609375 0.0263671875 0.033203125
63 0.089599609375 0.3095703125 0.02099609375 0.0341796875
64 0.122314453125 0.308837890625 0.02294921875 0.03564453125
65 0.153564453125 0.30810546875 0.02294921875 0.033203125
66 0.185302734375 0.3076171875 0.021484375 0.0361328125
40 0.249267578125 0.30908203125 0.02392578125 0.03369140625
40 0.282470703125 0.310302734375 0.02099609375 0.03076171875
40 0.312744140625 0.311279296875 0.02099609375 0.02978515625
54 0.374755859375 0.311279296875 0.02490234375 0.033203125
54 0.435791015625 0.31201171875 0.02392578125 0.03369140625
54 0.4970703125 0.3125 0.02734375 0.0361328125
40 0.062744140625 0.358642578125 0.021484375 0.03076171875
33 0.093017578125 0.3583984375 0.02197265625 0.033203125
19 0.124755859375 0.357666015625 0.021484375 0.03466796875
30 0.157958984375 0.3564453125 0.02294921875 0.037109375
18 0.188720703125 0.35693359375 0.0234375 0.037109375
59 0.252685546875 0.35595703125 0.02197265625 0.0322265625
56 0.283447265625 0.356689453125 0.0224609375 0.03125
37 0.316162109375 0.356201171875 0.0244140625 0.0322265625
39 0.344970703125 0.3564453125 0.0234375 0.03369140625
43 0.375732421875 0.356689453125 0.02294921875 0.033203125
37 0.064453125 0.406982421875 0.0205078125 0.03173828125
38 0.09716796875 0.40625 0.021484375 0.03369140625
37 0.16162109375 0.40380859375 0.021484375 0.03173828125
38 0.2236328125 0.404541015625 0.0234375 0.03173828125
39 0.2861328125 0.404541015625 0.02099609375 0.0302734375
41 0.34619140625 0.4052734375 0.02294921875 0.03369140625
43 0.40673828125 0.40625 0.0224609375 0.0341796875
45 0.466796875 0.405029296875 0.0234375 0.03173828125
46 0.5244140625 0.40576171875 0.0234375 0.03369140625
53 0.068603515625 0.45751953125 0.02001953125 0.03369140625
42 0.130615234375 0.455322265625 0.02294921875 0.033203125
44 0.164306640625 0.4541015625 0.02197265625 0.0322265625
53 0.225830078125 0.454833984375 0.0205078125 0.03515625
46 0.256591796875 0.4541015625 0.0205078125 0.033203125
55 0.317626953125 0.45361328125 0.0224609375 0.03466796875
56 0.377197265625 0.451904296875 0.0224609375 0.03125
57 0.435302734375 0.4541015625 0.02490234375 0.0341796875
58 0.494873046875 0.453125 0.025390625 0.0302734375
59 0.552490234375 0.455322265625 0.0244140625 0.02978515625
60 0.611083984375 0.45654296875 0.02392578125 0.029296875
61 0.671142578125 0.4541015625 0.02783203125 0.03173828125
65 0.07568359375 0.50390625 0.0234375 0.02978515625
66 0.1376953125 0.501220703125 0.0244140625 0.03125
53 0.201416015625 0.544189453125 0.0205078125 0.03076171875
61 0.232177734375 0.543701171875 0.0234375 0.03125
52 0.260498046875 0.54345703125 0.0205078125 0.0322265625
38 0.291259765625 0.542724609375 0.02197265625 0.03076171875
43 0.320068359375 0.5439453125 0.021484375 0.0341796875
58 0.348876953125 0.54248046875 0.01904296875 0.02978515625
59 0.380126953125 0.543212890625 0.0224609375 0.02880859375
53 0.110107421875 0.547119140625 0.021484375 0.0341796875
48 0.140380859375 0.545654296875 0.021484375 0.0322265625
54 0.088623046875 0.638671875 0.01806640625 0.02880859375
54 0.177490234375 0.63525390625 0.01806640625 0.02978515625
54 0.262939453125 0.6357421875 0.0205078125 0.03125
54 0.322021484375 0.63623046875 0.0185546875 0.03125
54 0.406982421875 0.63525390625 0.021484375 0.03076171875
54 0.495849609375 0.63671875 0.02001953125 0.0341796875
54 0.584228515625 0.63720703125 0.0234375 0.0322265625
54 0.667724609375 0.63916015625 0.02197265625 0.029296875
54 0.755126953125 0.638671875 0.02197265625 0.03125
54 0.844482421875 0.642578125 0.0205078125 0.033203125
54 0.092041015625 0.7255859375 0.01904296875 0.033203125
54 0.175048828125 0.72705078125 0.02001953125 0.0302734375
54 0.260009765625 0.728515625 0.0185546875 0.02978515625
54 0.347900390625 0.7294921875 0.01904296875 0.02978515625
54 0.435302734375 0.7294921875 0.01904296875 0.0302734375
54 0.521728515625 0.73046875 0.02001953125 0.03369140625
54 0.6123046875 0.7314453125 0.02099609375 0.03076171875
54 0.69873046875 0.732666015625 0.02197265625 0.0302734375
54 0.78564453125 0.732666015625 0.02197265625 0.02734375
54 0.0908203125 0.7724609375 0.02001953125 0.02880859375
0 0.116943359375 0.636962890625 0.0205078125 0.02978515625
1 0.205810546875 0.635009765625 0.02099609375 0.029296875
2 0.292236328125 0.635498046875 0.02099609375 0.0302734375
3 0.349853515625 0.6357421875 0.02001953125 0.033203125
4 0.434814453125 0.63525390625 0.01904296875 0.03076171875
5 0.522216796875 0.63720703125 0.02099609375 0.03466796875
6 0.609130859375 0.6376953125 0.01904296875 0.03173828125
7 0.696044921875 0.63916015625 0.021484375 0.029296875
8 0.783935546875 0.639892578125 0.0205078125 0.033203125
9 0.871826171875 0.642333984375 0.021484375 0.03466796875
1 0.120361328125 0.725830078125 0.021484375 0.03466796875
3 0.203857421875 0.725341796875 0.02099609375 0.0302734375
4 0.289794921875 0.728759765625 0.0166015625 0.03173828125
2 0.376708984375 0.728271484375 0.02001953125 0.03125
5 0.463623046875 0.728759765625 0.02099609375 0.033203125
6 0.552490234375 0.730224609375 0.0205078125 0.03466796875
7 0.638671875 0.731689453125 0.02099609375 0.03173828125
8 0.724609375 0.733154296875 0.01806640625 0.02880859375
9 0.81201171875 0.731201171875 0.01806640625 0.02783203125
0 0.119140625 0.772705078125 0.01708984375 0.03125
52 0.0830078125 0.9130859375 0.0205078125 0.03076171875
37 0.111328125 0.912841796875 0.01904296875 0.03125
46 0.14013671875 0.917236328125 0.021484375 0.0361328125
37 0.17041015625 0.9169921875 0.02099609375 0.0341796875
53 0.19873046875 0.917724609375 0.01904296875 0.033203125
41 0.22705078125 0.917236328125 0.021484375 0.03466796875
37 0.2578125 0.91748046875 0.02001953125 0.03173828125
53 0.28564453125 0.917724609375 0.02001953125 0.033203125
46 0.31591796875 0.918212890625 0.0185546875 0.03369140625
61 0.37451171875 0.918212890625 0.01806640625 0.02978515625
52 0.4033203125 0.917724609375 0.0205078125 0.03125
37 0.43408203125 0.91748046875 0.0205078125 0.0322265625
46 0.4638671875 0.917724609375 0.017578125 0.03515625
37 0.49365234375 0.91796875 0.021484375 0.033203125
59 0.55029296875 0.916259765625 0.0205078125 0.02978515625
37 0.580078125 0.916015625 0.02001953125 0.02783203125
48 0.64013671875 0.917724609375 0.01904296875 0.0302734375
53 0.66650390625 0.91552734375 0.0205078125 0.0302734375
65 0.69677734375 0.916015625 0.02197265625 0.02880859375
55 0.72509765625 0.915771484375 0.02099609375 0.02880859375
50 0.084228515625 0.96142578125 0.021484375 0.03125
61 0.112060546875 0.961669921875 0.02197265625 0.0341796875
52 0.139892578125 0.963134765625 0.02099609375 0.0341796875
61 0.169677734375 0.96337890625 0.017578125 0.033203125
59 0.198486328125 0.964111328125 0.02099609375 0.0302734375
60 0.226318359375 0.966064453125 0.01904296875 0.0322265625
37 0.257568359375 0.96484375 0.0224609375 0.033203125
50 0.317138671875 0.965087890625 0.0205078125 0.02978515625
37 0.345947265625 0.9638671875 0.02001953125 0.02978515625
65 0.374267578125 0.964111328125 0.02197265625 0.0322265625
55 0.403076171875 0.963623046875 0.0205078125 0.02880859375