54 0.03666666666666667 0.06833333333333333 0.04666666666666667 0.07444333333333333
5 0.105 0.06777666666666667 0.04777666666666667 0.07333333333333333
54 0.24277666666666667 0.06611 0.043333333333333335 0.07666666666666666
54 0.45722333333333337 0.065 0.04777666666666667 0.07222333333333333
54 0.6677766666666667 0.06722333333333333 0.044443333333333335 0.07222333333333333
54 0.8738900000000001 0.07277666666666667 0.043333333333333335 0.07
6 0.31833333333333336 0.06666666666666667 0.04111 0.07333333333333333
7 0.525 0.06222333333333333 0.043333333333333335 0.06888999999999999
8 0.7322233333333333 0.06944333333333334 0.04 0.07
9 0.93611 0.07555666666666666 0.03889 0.06666666666666667
46 0.08727333333333333 0.5173666666666666 0.03993 0.07871666666666667
37 0.16114333333333333 0.5113766666666667 0.04278 0.07244333333333333
59 0.3114466666666667 0.5116633333333334 0.05019666666666667 0.07301333333333333
37 0.38731000000000004 0.5108066666666667 0.04221 0.07244333333333333
48 0.53562 0.5122333333333333 0.049056666666666665 0.07643666666666667
53 0.61006 0.5113766666666667 0.04506333333333333 0.07586666666666667
65 0.6839266666666667 0.50881 0.047913333333333336 0.07643666666666667
55 0.7566566666666666 0.5085233333333333 0.049626666666666666 0.07586666666666667