60 0.28466796875 0.1533203125 0.03076171875 0.0478515625
40 0.1611328125 0.16015625 0.03076171875 0.0478515625
22 0.2001953125 0.15576171875 0.03076171875 0.0478515625
43 0.2421875 0.154296875 0.03076171875 0.0478515625
60 0.3251953125 0.1533203125 0.03076171875 0.0478515625
43 0.3671875 0.15185546875 0.03076171875 0.0478515625
58 0.4111328125 0.15234375 0.03076171875 0.0478515625
59 0.45556640625 0.15087890625 0.03076171875 0.0478515625
53 0.541015625 0.1484375 0.03076171875 0.0478515625
55 0.5869140625 0.1474609375 0.03076171875 0.0478515625
59 0.6787109375 0.146484375 0.03076171875 0.0478515625
56 0.724609375 0.14501953125 0.03076171875 0.0478515625
37 0.765625 0.14404296875 0.03076171875 0.0478515625
39 0.81640625 0.142578125 0.03076171875 0.0478515625
43 0.861328125 0.142578125 0.03076171875 0.0478515625
37 0.1630859375 0.29736328125 0.03076171875 0.0478515625
38 0.20361328125 0.29736328125 0.03076171875 0.0478515625
39 0.2470703125 0.296875 0.03076171875 0.0478515625
41 0.287109375 0.29833984375 0.03076171875 0.0478515625
43 0.328125 0.296875 0.03076171875 0.0478515625
45 0.3720703125 0.296875 0.03076171875 0.0478515625
46 0.412109375 0.296875 0.03076171875 0.0478515625
47 0.45703125 0.2958984375 0.03076171875 0.0478515625
48 0.50048828125 0.296875 0.03076171875 0.0478515625
49 0.5419921875 0.29736328125 0.03076171875 0.0478515625
50 0.58544921875 0.296875 0.03076171875 0.05322265625
51 0.62646484375 0.296875 0.03076171875 0.0478515625
52 0.671875 0.2939453125 0.03076171875 0.0478515625
53 0.7177734375 0.294921875 0.03076171875 0.0478515625
42 0.8095703125 0.294921875 0.03076171875 0.0478515625
44 0.85302734375 0.29345703125 0.03076171875 0.0478515625
53 0.94384765625 0.2958984375 0.03076171875 0.0478515625
46 0.984375 0.2939453125 0.03076171875 0.0478515625
62 0.16796875 0.36669921875 0.03076171875 0.0478515625
63 0.2060546875 0.36767578125 0.03076171875 0.0478515625
64 0.2470703125 0.36767578125 0.03076171875 0.0478515625
65 0.28857421875 0.36767578125 0.03076171875 0.0478515625
66 0.33203125 0.36767578125 0.03076171875 0.0478515625
40 0.41552734375 0.3681640625 0.03076171875 0.0478515625
40 0.4580078125 0.3681640625 0.03076171875 0.0478515625
40 0.50048828125 0.3681640625 0.03076171875 0.0478515625
54 0.583984375 0.3681640625 0.03076171875 0.0478515625
54 0.67041015625 0.36767578125 0.03076171875 0.0478515625
54 0.7587890625 0.3681640625 0.03076171875 0.0478515625
40 0.17138671875 0.4326171875 0.03076171875 0.0478515625
33 0.20947265625 0.43017578125 0.03076171875 0.0478515625
48 0.248046875 0.42919921875 0.03076171875 0.0478515625
60 0.291015625 0.431640625 0.03076171875 0.0478515625
47 0.33203125 0.431640625 0.03076171875 0.0478515625
59 0.416015625 0.4326171875 0.03076171875 0.0478515625
56 0.45556640625 0.43408203125 0.03076171875 0.0478515625
37 0.49609375 0.43408203125 0.03076171875 0.0478515625
39 0.54052734375 0.43408203125 0.03076171875 0.0478515625
43 0.58447265625 0.431640625 0.03076171875 0.0478515625
37 0.17138671875 0.49755859375 0.03076171875 0.0478515625
38 0.212890625 0.4990234375 0.03076171875 0.0478515625
37 0.29443359375 0.4990234375 0.03076171875 0.0478515625
38 0.37646484375 0.5 0.03076171875 0.0478515625
39 0.45947265625 0.50146484375 0.03076171875 0.0478515625
41 0.541015625 0.5009765625 0.03076171875 0.0478515625
43 0.62451171875 0.50146484375 0.03076171875 0.0478515625
45 0.70947265625 0.5009765625 0.03076171875 0.0478515625
46 0.7978515625 0.50341796875 0.03076171875 0.0478515625
47 0.884765625 0.50146484375 0.03076171875 0.0478515625
48 0.97216796875 0.5048828125 0.03076171875 0.0478515625
53 0.1748046875 0.5625 0.03076171875 0.0478515625
42 0.25732421875 0.56396484375 0.03076171875 0.0478515625
44 0.29638671875 0.5634765625 0.03076171875 0.0478515625
53 0.37646484375 0.56591796875 0.03076171875 0.0478515625
46 0.4169921875 0.56494140625 0.03076171875 0.0478515625
56 0.58203125 0.56689453125 0.03076171875 0.0478515625
57 0.66455078125 0.5673828125 0.03076171875 0.0478515625
58 0.75048828125 0.5693359375 0.03076171875 0.0478515625
59 0.83642578125 0.5732421875 0.03076171875 0.0478515625
60 0.92138671875 0.572265625 0.03076171875 0.0478515625
65 0.1787109375 0.625 0.03076171875 0.0478515625
66 0.2587890625 0.6259765625 0.03076171875 0.0478515625
40 0.18310546875 0.68505859375 0.03076171875 0.0478515625
24 0.22216796875 0.68408203125 0.03076171875 0.0478515625
48 0.26123046875 0.68505859375 0.03076171875 0.0478515625
53 0.3388671875 0.6865234375 0.03076171875 0.0478515625
61 0.37939453125 0.68603515625 0.03076171875 0.0478515625
52 0.41943359375 0.6884765625 0.03076171875 0.0478515625
38 0.46142578125 0.68896484375 0.03076171875 0.0478515625
43 0.50048828125 0.68994140625 0.03076171875 0.0478515625
58 0.541015625 0.68994140625 0.03076171875 0.0478515625
59 0.58056640625 0.69189453125 0.03076171875 0.0478515625
55 0.49853515625 0.56494140625 0.03076171875 0.0478515625
54 0.19189453125 0.80615234375 0.02978515625 0.04248046875
54 0.3056640625 0.8056640625 0.02978515625 0.03955078125
54 0.42236328125 0.80908203125 0.02978515625 0.03955078125
54 0.5009765625 0.8125 0.02978515625 0.03955078125
54 0.6201171875 0.81396484375 0.02978515625 0.03955078125
54 0.74072265625 0.8193359375 0.02978515625 0.03955078125
54 0.8623046875 0.82177734375 0.02978515625 0.03955078125
54 0.89599609375 0.9384765625 0.02978515625 0.03955078125
54 0.7724609375 0.931640625 0.02978515625 0.03955078125
54 0.65771484375 0.9267578125 0.02978515625 0.03955078125
54 0.54150390625 0.9267578125 0.02978515625 0.03955078125
54 0.4248046875 0.92236328125 0.02978515625 0.03955078125
54 0.30908203125 0.921875 0.02978515625 0.03955078125
54 0.1982421875 0.91748046875 0.02978515625 0.03955078125
54 0.2001953125 0.97412109375 0.02978515625 0.03955078125
0 0.22900390625 0.80712890625 0.02978515625 0.04248046875
0 0.23681640625 0.9755859375 0.02978515625 0.04248046875
1 0.34423828125 0.80712890625 0.02978515625 0.04248046875
2 0.4609375 0.8095703125 0.02978515625 0.04248046875
3 0.541015625 0.81298828125 0.02978515625 0.04248046875
4 0.6591796875 0.81396484375 0.02978515625 0.04248046875
5 0.78173828125 0.81689453125 0.02978515625 0.04248046875
6 0.90478515625 0.8212890625 0.02978515625 0.04248046875
7 0.93603515625 0.94189453125 0.02978515625 0.04248046875
6 0.81494140625 0.93310546875 0.02978515625 0.04248046875
5 0.697265625 0.9287109375 0.02978515625 0.04248046875
2 0.580078125 0.92529296875 0.02978515625 0.04248046875
3 0.345703125 0.92138671875 0.02978515625 0.04248046875
4 0.46435546875 0.9248046875 0.02978515625 0.04248046875
1 0.234375 0.9189453125 0.02978515625 0.04248046875