59 0.08056640625 0.080078125 0.056640625 0.0791015625
56 0.15673828125 0.07568359375 0.048828125 0.07373046875
37 0.23388671875 0.07373046875 0.04736328125 0.0703125
39 0.31396484375 0.071044921875 0.04736328125 0.072265625
43 0.39208984375 0.069580078125 0.04638671875 0.07470703125
39 0.15234375 0.19921875 0.05078125 0.08447265625
41 0.31103515625 0.194580078125 0.048828125 0.08154296875
43 0.47314453125 0.195068359375 0.048828125 0.08935546875
45 0.634765625 0.190185546875 0.0498046875 0.0859375
46 0.79736328125 0.192138671875 0.04736328125 0.08251953125
47 0.95654296875 0.195556640625 0.048828125 0.08447265625
46 0.06787109375 0.33544921875 0.05078125 0.087890625
55 0.22607421875 0.327880859375 0.0517578125 0.08447265625
56 0.39208984375 0.324951171875 0.05517578125 0.0859375
57 0.556640625 0.323486328125 0.04638671875 0.0869140625
58 0.72265625 0.319580078125 0.05419921875 0.0859375
59 0.8837890625 0.320068359375 0.05859375 0.08349609375
61 0.05810546875 0.588623046875 0.0498046875 0.0869140625
38 0.14111328125 0.588623046875 0.05322265625 0.0859375
43 0.22314453125 0.588623046875 0.05078125 0.08935546875
58 0.3095703125 0.588623046875 0.05419921875 0.0966796875
59 0.3955078125 0.586181640625 0.05517578125 0.0947265625
54 0.05908203125 0.863037109375 0.05078125 0.095703125
54 0.2255859375 0.862060546875 0.05517578125 0.09130859375
54 0.47900390625 0.862548828125 0.0576171875 0.0947265625
54 0.7333984375 0.854736328125 0.05322265625 0.09375
2 0.1455078125 0.864501953125 0.0576171875 0.0859375
3 0.30712890625 0.858642578125 0.05859375 0.08349609375
4 0.56103515625 0.857177734375 0.0576171875 0.0859375
5 0.8154296875 0.850830078125 0.05517578125 0.08935546875