40 0.178955078125 0.253662109375 0.01611328125 0.029296875
22 0.199462890625 0.25341796875 0.01611328125 0.029296875
43 0.222412109375 0.25341796875 0.01611328125 0.029296875
60 0.245361328125 0.25390625 0.01611328125 0.029296875
60 0.267822265625 0.255126953125 0.01611328125 0.029296875
43 0.291259765625 0.254638671875 0.01611328125 0.029296875
58 0.313720703125 0.257568359375 0.01611328125 0.029296875
59 0.336181640625 0.2587890625 0.01611328125 0.029296875
53 0.380615234375 0.260498046875 0.01611328125 0.029296875
55 0.401611328125 0.260498046875 0.01611328125 0.029296875
59 0.447021484375 0.2626953125 0.01611328125 0.029296875
56 0.468505859375 0.26318359375 0.01611328125 0.029296875
37 0.490966796875 0.264892578125 0.01611328125 0.029296875
39 0.511962890625 0.265869140625 0.01611328125 0.029296875
43 0.533447265625 0.265625 0.01611328125 0.029296875
37 0.17919921875 0.327880859375 0.01611328125 0.029296875
38 0.20166015625 0.329833984375 0.01611328125 0.029296875
39 0.22607421875 0.3291015625 0.01611328125 0.029296875
41 0.24853515625 0.32958984375 0.01611328125 0.029296875
43 0.27001953125 0.329345703125 0.01611328125 0.029296875
45 0.29296875 0.331787109375 0.01611328125 0.029296875
46 0.3154296875 0.331298828125 0.01611328125 0.029296875
47 0.337890625 0.33251953125 0.01611328125 0.029296875
48 0.359375 0.3330078125 0.01611328125 0.029296875
49 0.38134765625 0.332763671875 0.01611328125 0.029296875
50 0.40185546875 0.335693359375 0.01611328125 0.029296875
51 0.4248046875 0.336181640625 0.01611328125 0.029296875
52 0.44677734375 0.33642578125 0.01611328125 0.029296875
53 0.4677734375 0.3359375 0.01611328125 0.029296875
42 0.51171875 0.339111328125 0.01611328125 0.029296875
44 0.53076171875 0.3388671875 0.01611328125 0.029296875
53 0.57373046875 0.339599609375 0.01611328125 0.029296875
46 0.594482421875 0.340576171875 0.01611328125 0.029296875
55 0.637451171875 0.34130859375 0.01611328125 0.029296875
56 0.658935546875 0.342041015625 0.01611328125 0.029296875
57 0.681396484375 0.343017578125 0.01611328125 0.029296875
58 0.701416015625 0.34375 0.01611328125 0.029296875
59 0.722900390625 0.34423828125 0.01611328125 0.029296875
60 0.743896484375 0.343994140625 0.01611328125 0.029296875
61 0.765869140625 0.343994140625 0.01611328125 0.029296875
62 0.181640625 0.363037109375 0.01611328125 0.029296875
63 0.20556640625 0.364501953125 0.01611328125 0.029296875
64 0.226806640625 0.365234375 0.01611328125 0.029296875
65 0.24951171875 0.3642578125 0.01611328125 0.029296875
66 0.271240234375 0.36669921875 0.01611328125 0.029296875
40 0.317626953125 0.366943359375 0.01611328125 0.029296875
40 0.339111328125 0.3671875 0.01611328125 0.029296875
40 0.361572265625 0.36865234375 0.01611328125 0.029296875
54 0.404541015625 0.369384765625 0.01611328125 0.029296875
54 0.446533203125 0.37060546875 0.01611328125 0.029296875
54 0.489013671875 0.373291015625 0.01611328125 0.029296875
40 0.185302734375 0.397705078125 0.01611328125 0.02685546875
33 0.206787109375 0.398681640625 0.01611328125 0.02685546875
48 0.228271484375 0.399169921875 0.01611328125 0.02685546875
60 0.250732421875 0.400390625 0.01611328125 0.02685546875
47 0.272705078125 0.3994140625 0.01611328125 0.02685546875
59 0.318115234375 0.401611328125 0.01611328125 0.02685546875
56 0.339111328125 0.4013671875 0.01611328125 0.02685546875
37 0.360107421875 0.4033203125 0.01611328125 0.02685546875
39 0.381591796875 0.403564453125 0.01611328125 0.02685546875
43 0.403076171875 0.403076171875 0.01611328125 0.02685546875
37 0.183349609375 0.433349609375 0.01416015625 0.02294921875
38 0.207763671875 0.432861328125 0.01416015625 0.02294921875
37 0.250732421875 0.43359375 0.01416015625 0.02294921875
38 0.295166015625 0.434814453125 0.01416015625 0.02294921875
39 0.339111328125 0.43505859375 0.01416015625 0.02294921875
41 0.38232421875 0.4365234375 0.01416015625 0.02294921875
43 0.4228515625 0.43798828125 0.01416015625 0.02294921875
45 0.46630859375 0.43896484375 0.01416015625 0.02294921875
46 0.50830078125 0.440185546875 0.01416015625 0.02294921875
47 0.548828125 0.440673828125 0.01416015625 0.02294921875
48 0.59130859375 0.4423828125 0.01416015625 0.02294921875
49 0.63427734375 0.4443359375 0.01416015625 0.02294921875
50 0.6748046875 0.4453125 0.01416015625 0.02294921875
51 0.716796875 0.444580078125 0.01416015625 0.02294921875
52 0.76123046875 0.447021484375 0.01416015625 0.02294921875
53 0.18701171875 0.46923828125 0.01416015625 0.02294921875
42 0.23193359375 0.467041015625 0.01416015625 0.02294921875
44 0.25390625 0.4677734375 0.01416015625 0.02294921875
53 0.296875 0.468994140625 0.01416015625 0.02294921875
46 0.3173828125 0.469482421875 0.01416015625 0.02294921875
55 0.361328125 0.47021484375 0.01416015625 0.02294921875
56 0.40234375 0.470947265625 0.01416015625 0.02294921875
57 0.44482421875 0.4736328125 0.01416015625 0.02294921875
58 0.48681640625 0.474365234375 0.01416015625 0.02294921875
59 0.52734375 0.4755859375 0.01416015625 0.02294921875
60 0.5693359375 0.477294921875 0.01416015625 0.02294921875
61 0.611328125 0.47705078125 0.01416015625 0.02294921875
62 0.6533203125 0.478759765625 0.01416015625 0.02294921875
63 0.6953125 0.47998046875 0.01416015625 0.02294921875
65 0.18798828125 0.50341796875 0.01416015625 0.02294921875
66 0.23193359375 0.502197265625 0.01416015625 0.02294921875
40 0.193115234375 0.53466796875 0.01416015625 0.02294921875
24 0.212158203125 0.534423828125 0.01416015625 0.02294921875
48 0.233642578125 0.534423828125 0.01416015625 0.02294921875
53 0.277099609375 0.533203125 0.01416015625 0.02294921875
61 0.29931640625 0.533203125 0.01416015625 0.02294921875
52 0.3193359375 0.532958984375 0.01416015625 0.02294921875
38 0.34033203125 0.533447265625 0.01416015625 0.02294921875
43 0.361572265625 0.53466796875 0.01416015625 0.02294921875
58 0.383056640625 0.53466796875 0.01416015625 0.02294921875
59 0.403564453125 0.535888671875 0.01416015625 0.02294921875
54 0.196533203125 0.59814453125 0.01416015625 0.02294921875
54 0.19677734375 0.66064453125 0.01416015625 0.02294921875
54 0.1953125 0.697265625 0.01416015625 0.02294921875
54 0.259033203125 0.599365234375 0.01416015625 0.02294921875
54 0.2568359375 0.665771484375 0.01416015625 0.02294921875
54 0.319580078125 0.602294921875 0.01416015625 0.02294921875
54 0.31689453125 0.666748046875 0.01416015625 0.02294921875
54 0.362060546875 0.60205078125 0.01416015625 0.02294921875
54 0.37890625 0.667724609375 0.01416015625 0.02294921875
54 0.42236328125 0.604736328125 0.01416015625 0.02294921875
54 0.4423828125 0.669921875 0.01416015625 0.02294921875
54 0.48291015625 0.607177734375 0.01416015625 0.02294921875
54 0.50341796875 0.6728515625 0.01416015625 0.02294921875
54 0.54736328125 0.608642578125 0.01416015625 0.02294921875
54 0.56689453125 0.672119140625 0.01416015625 0.02294921875
54 0.607421875 0.609375 0.01416015625 0.02294921875
54 0.628173828125 0.676025390625 0.01416015625 0.02294921875
54 0.67041015625 0.6123046875 0.01416015625 0.02294921875
54 0.691650390625 0.677734375 0.01416015625 0.02294921875
54 0.73291015625 0.616455078125 0.01416015625 0.02294921875
0 0.215576171875 0.59765625 0.01416015625 0.02294921875
0 0.2138671875 0.6982421875 0.01416015625 0.02294921875
1 0.279052734375 0.5986328125 0.01416015625 0.02294921875
1 0.21533203125 0.66162109375 0.01416015625 0.02294921875
2 0.338623046875 0.600830078125 0.01416015625 0.02294921875
3 0.381591796875 0.6015625 0.01416015625 0.02294921875
4 0.443115234375 0.60400390625 0.01416015625 0.02294921875
5 0.50390625 0.60498046875 0.01416015625 0.02294921875
6 0.56591796875 0.606201171875 0.01416015625 0.02294921875
7 0.6279296875 0.608154296875 0.01416015625 0.02294921875
8 0.69091796875 0.6123046875 0.01416015625 0.02294921875
9 0.7548828125 0.61474609375 0.01416015625 0.02294921875
9 0.711181640625 0.679931640625 0.01416015625 0.02294921875
8 0.6494140625 0.676025390625 0.01416015625 0.02294921875
7 0.58544921875 0.6748046875 0.01416015625 0.02294921875
6 0.5244140625 0.67236328125 0.01416015625 0.02294921875
5 0.46240234375 0.669677734375 0.01416015625 0.02294921875
4 0.33740234375 0.6669921875 0.01416015625 0.02294921875
3 0.27587890625 0.66552734375 0.01416015625 0.02294921875
2 0.3984375 0.669189453125 0.01416015625 0.02294921875
52 0.1875 0.798828125 0.01611328125 0.02490234375
37 0.209228515625 0.798095703125 0.01611328125 0.02490234375
46 0.2275390625 0.799560546875 0.01611328125 0.02490234375
37 0.2490234375 0.7998046875 0.01611328125 0.02490234375
53 0.2685546875 0.80078125 0.01611328125 0.02490234375
41 0.29052734375 0.801513671875 0.01611328125 0.02490234375
37 0.3115234375 0.801513671875 0.01611328125 0.02490234375
53 0.33203125 0.80224609375 0.01611328125 0.02490234375
46 0.35400390625 0.80224609375 0.01611328125 0.02490234375
61 0.39599609375 0.804931640625 0.01611328125 0.02490234375
52 0.41650390625 0.80517578125 0.01611328125 0.02490234375
37 0.43701171875 0.8056640625 0.01611328125 0.02490234375
46 0.458984375 0.805908203125 0.01611328125 0.02490234375
37 0.47900390625 0.806396484375 0.01611328125 0.02490234375
59 0.52099609375 0.80810546875 0.01611328125 0.02490234375
37 0.54150390625 0.808349609375 0.01611328125 0.02490234375
48 0.583984375 0.81103515625 0.01611328125 0.02490234375
53 0.60595703125 0.810546875 0.01611328125 0.02490234375
65 0.626953125 0.811279296875 0.01611328125 0.02490234375
55 0.64697265625 0.811767578125 0.01611328125 0.02490234375
50 0.1865234375 0.83447265625 0.01611328125 0.02490234375
61 0.20556640625 0.834716796875 0.01611328125 0.02490234375
52 0.22705078125 0.834716796875 0.01611328125 0.02490234375
61 0.248046875 0.83544921875 0.01611328125 0.02490234375
59 0.26904296875 0.8369140625 0.01611328125 0.02490234375
60 0.291015625 0.835693359375 0.01611328125 0.02490234375
37 0.310546875 0.837158203125 0.01611328125 0.02490234375
50 0.3525390625 0.837890625 0.01611328125 0.02490234375
37 0.37548828125 0.837158203125 0.01611328125 0.02490234375
65 0.39453125 0.838134765625 0.01611328125 0.02490234375
55 0.41748046875 0.83935546875 0.01611328125 0.02490234375