58 0.4287109375 0.07666015625 0.05908203125 0.09814453125
43 0.3466796875 0.07421875 0.05908203125 0.09814453125
59 0.5107421875 0.0751953125 0.05908203125 0.09814453125
38 0.26416015625 0.07763671875 0.05908203125 0.09814453125
52 0.18310546875 0.083984375 0.05908203125 0.09814453125
61 0.10107421875 0.08935546875 0.05908203125 0.09814453125
53 0.02978515625 0.08837890625 0.05908203125 0.09814453125
54 0.1875 0.34765625 0.06005859375 0.087890625
54 0.177734375 0.60107421875 0.06005859375 0.087890625
54 0.4150390625 0.60888671875 0.06005859375 0.087890625
54 0.34130859375 0.3525390625 0.06005859375 0.087890625
2 0.4990234375 0.60791015625 0.06005859375 0.087890625
2 0.26513671875 0.34765625 0.06005859375 0.087890625
4 0.25732421875 0.60205078125 0.06005859375 0.087890625
54 0.591796875 0.353515625 0.06005859375 0.087890625
3 0.4248046875 0.3505859375 0.06005859375 0.087890625
4 0.67529296875 0.3486328125 0.06005859375 0.087890625
54 0.85205078125 0.3623046875 0.05908203125 0.099609375
43 0.93994140625 0.3583984375 0.05908203125 0.099609375
54 0.66796875 0.62646484375 0.05908203125 0.099609375
5 0.75390625 0.62548828125 0.05908203125 0.099609375
54 0.92724609375 0.63720703125 0.05908203125 0.099609375