54 0.08935546875 0.409423828125 0.048828125 0.080078125
38 0.1298828125 0.208251953125 0.048828125 0.080078125
43 0.19384765625 0.20849609375 0.048828125 0.080078125
58 0.26025390625 0.206298828125 0.048828125 0.080078125
59 0.32275390625 0.207275390625 0.048828125 0.080078125
3 0.2705078125 0.41357421875 0.048828125 0.080078125
54 0.21240234375 0.41064453125 0.048828125 0.080078125
2 0.14794921875 0.411376953125 0.048828125 0.080078125
54 0.27685546875 0.5888671875 0.044921875 0.06689453125
2 0.33203125 0.58837890625 0.044921875 0.06689453125
4 0.160400390625 0.59130859375 0.044921875 0.06689453125
54 0.103271484375 0.58984375 0.044921875 0.06689453125
54 0.392578125 0.41162109375 0.044921875 0.06689453125
4 0.44775390625 0.4091796875 0.044921875 0.06689453125
54 0.44482421875 0.58349609375 0.044921875 0.06689453125
5 0.5009765625 0.58447265625 0.044921875 0.06689453125
54 0.5654296875 0.410400390625 0.044921875 0.06689453125
5 0.623046875 0.411376953125 0.044921875 0.06689453125
54 0.74169921875 0.415283203125 0.044921875 0.06689453125
6 0.80224609375 0.41357421875 0.044921875 0.06689453125
54 0.61279296875 0.58544921875 0.044921875 0.06689453125
6 0.67138671875 0.585693359375 0.0390625 0.068359375
54 0.78515625 0.588134765625 0.044921875 0.0693359375
7 0.84375 0.591064453125 0.0439453125 0.0654296875
54 0.953369140625 0.596923828125 0.0439453125 0.0654296875
54 0.91796875 0.41845703125 0.05029296875 0.06884765625
7 0.9765625 0.421875 0.04248046875 0.068359375
53 0.02783203125 0.900146484375 0.04345703125 0.05419921875
41 0.08349609375 0.899658203125 0.04345703125 0.05419921875
37 0.13525390625 0.899658203125 0.04345703125 0.05419921875
53 0.186767578125 0.89453125 0.04345703125 0.05419921875
46 0.240478515625 0.8955078125 0.04345703125 0.05419921875
61 0.341064453125 0.890380859375 0.04248046875 0.05419921875
52 0.391357421875 0.889404296875 0.04248046875 0.05419921875
37 0.443603515625 0.890380859375 0.04248046875 0.05419921875
46 0.496337890625 0.88916015625 0.04248046875 0.05419921875
37 0.550048828125 0.89404296875 0.04248046875 0.05419921875
59 0.649169921875 0.903564453125 0.04248046875 0.05419921875
37 0.700927734375 0.903564453125 0.04248046875 0.05419921875
65 0.91064453125 0.91748046875 0.04248046875 0.05419921875
48 0.809326171875 0.909912109375 0.04248046875 0.05419921875
55 0.96484375 0.91943359375 0.04248046875 0.05419921875
53 0.860107421875 0.91259765625 0.04345703125 0.05419921875