54 0.08066666666666666 0.46166999999999997 0.068 0.09934
54 0.158 0.7098233333333333 0.068 0.09934
54 0.31 0.4630033333333333 0.068 0.09934
54 0.5406666666666666 0.46166999999999997 0.068 0.09934
54 0.622 0.7004833333333332 0.068 0.09934
54 0.38866666666666666 0.7004833333333332 0.068 0.09934
6 0.15866666666666668 0.46634 0.06666666666666667 0.09267
7 0.38866666666666666 0.46567333333333333 0.06266666666666666 0.09133666666666666
7 0.234 0.70582 0.06266666666666666 0.09133666666666666
8 0.466 0.7004833333333332 0.06266666666666666 0.09133666666666666
9 0.7006666666666667 0.6978133333333334 0.06266666666666666 0.09133666666666666
54 0.77 0.459 0.068 0.09934
9 0.85 0.45766666666666667 0.068 0.09934
8 0.6126666666666667 0.46033666666666667 0.06266666666666666 0.09133666666666666