40 0.07881 0.07595333333333333 0.02143 0.03571333333333333
22 0.11119 0.07643 0.02238 0.03381
14 0.14095333333333335 0.07737999999999999 0.02190333333333333 0.032856666666666666
30 0.1728566666666667 0.07833333333333334 0.020953333333333334 0.03381
30 0.20428666666666667 0.07976333333333332 0.019046666666666667 0.032856666666666666
14 0.23595333333333335 0.07976333333333332 0.019523333333333334 0.03190333333333333
28 0.26714333333333334 0.08166666666666667 0.020953333333333334 0.032856666666666666
29 0.29785666666666666 0.08309666666666667 0.019523333333333334 0.03381
53 0.3590466666666667 0.08523666666666667 0.020953333333333334 0.035236666666666666
55 0.3902366666666667 0.08595333333333334 0.02143 0.03571333333333333
59 0.45 0.08976333333333333 0.02 0.034763333333333334
56 0.4795233333333333 0.09 0.02 0.03428666666666667
37 0.5097633333333333 0.09095333333333334 0.02238 0.03333333333333333
39 0.5395233333333334 0.09095333333333334 0.020953333333333334 0.03333333333333333
43 0.5690466666666667 0.09285666666666667 0.020953333333333334 0.03428666666666667
37 0.08238 0.18 0.018096666666666667 0.03333333333333333
38 0.11333333333333333 0.18 0.020953333333333334 0.03143
39 0.145 0.18142999999999998 0.020476666666666667 0.03143
41 0.17690333333333336 0.18190333333333333 0.020476666666666667 0.03238
43 0.20666666666666667 0.18262 0.02 0.032856666666666666
45 0.2378566666666667 0.1828566666666667 0.019523333333333334 0.03047666666666667
46 0.26857000000000003 0.18547666666666665 0.019046666666666667 0.032856666666666666
47 0.29857 0.18642999999999998 0.02 0.03381
48 0.3302366666666667 0.18690333333333334 0.019523333333333334 0.030953333333333333
49 0.3602366666666667 0.18952333333333335 0.01857 0.03333333333333333
50 0.38952333333333333 0.18952333333333335 0.02 0.03428666666666667
51 0.4197633333333333 0.18880999999999998 0.019523333333333334 0.032856666666666666
52 0.44809666666666664 0.19166666666666668 0.02 0.034763333333333334
53 0.47785666666666665 0.19238 0.01857 0.03238
42 0.5352366666666667 0.19309666666666667 0.020953333333333334 0.03
44 0.565 0.19428666666666666 0.01857 0.03238
53 0.62238 0.19762000000000002 0.02 0.03238
46 0.6509533333333333 0.19785666666666668 0.017143333333333333 0.032856666666666666
55 0.7095233333333334 0.20023666666666667 0.019046666666666667 0.032856666666666666
56 0.7380966666666666 0.20023666666666667 0.02 0.030953333333333333
57 0.7671433333333333 0.19952333333333336 0.019046666666666667 0.03333333333333333
58 0.7957133333333333 0.20119 0.02 0.030953333333333333
59 0.8261900000000001 0.20143 0.02190333333333333 0.03143
60 0.85381 0.20381 0.020953333333333334 0.03143
61 0.8833333333333333 0.20309666666666665 0.022856666666666664 0.03190333333333333
62 0.08476333333333333 0.23143 0.02381 0.03333333333333333
63 0.11666666666666667 0.23285666666666668 0.020953333333333334 0.035236666666666666
64 0.14762 0.23238 0.020953333333333334 0.03619
65 0.17833333333333334 0.23381 0.02143 0.03333333333333333
66 0.20881 0.23428666666666667 0.02143 0.03238
40 0.2707133333333333 0.23833333333333334 0.020476666666666667 0.03
40 0.3 0.23833333333333334 0.02 0.02809666666666667
40 0.3297633333333333 0.24047666666666664 0.019523333333333334 0.028569999999999998
54 0.3892866666666666 0.24071333333333333 0.01857 0.03190333333333333
54 0.4483333333333333 0.24142999999999998 0.01857 0.03333333333333333
54 0.5057133333333333 0.24333333333333335 0.019046666666666667 0.03143
40 0.08762 0.28 0.022856666666666664 0.03333333333333333
33 0.11928666666666667 0.28047666666666665 0.023333333333333334 0.03047666666666667
19 0.14881 0.2802366666666667 0.02143 0.032856666666666666
30 0.17952333333333334 0.28119 0.020953333333333334 0.030953333333333333
18 0.20952333333333334 0.2807133333333333 0.020953333333333334 0.03190333333333333
59 0.27143 0.28309666666666666 0.020953333333333334 0.030953333333333333
56 0.30119 0.28309666666666666 0.020476666666666667 0.030953333333333333
37 0.33 0.2828566666666667 0.019046666666666667 0.029523333333333332
39 0.3602366666666667 0.28381 0.019523333333333334 0.03143
43 0.38881000000000004 0.28452333333333335 0.019523333333333334 0.03190333333333333
37 0.09 0.32857000000000003 0.02190333333333333 0.03333333333333333
38 0.12214333333333334 0.3283333333333333 0.023333333333333334 0.032856666666666666
37 0.18119000000000002 0.3297633333333333 0.019523333333333334 0.030953333333333333
38 0.24309666666666666 0.3302366666666667 0.020476666666666667 0.030953333333333333
39 0.30238 0.3307133333333333 0.019046666666666667 0.02904666666666667
41 0.3597633333333333 0.33357000000000003 0.019523333333333334 0.03190333333333333
43 0.41738000000000003 0.33547666666666665 0.01857 0.03381
45 0.4759533333333333 0.33738 0.019523333333333334 0.032856666666666666
46 0.5321433333333333 0.33881 0.01762 0.03190333333333333
47 0.5893766666666667 0.33771 0.01625 0.030416666666666668
48 0.6460433333333334 0.33896 0.017916666666666668 0.029583333333333333
49 0.7035433333333334 0.34146000000000004 0.017083333333333332 0.032916666666666664
50 0.7604166666666666 0.3422933333333334 0.02 0.027916666666666666
51 0.81625 0.34208333333333335 0.020833333333333332 0.03166666666666667
52 0.8733333333333333 0.3440466666666667 0.02381 0.030953333333333333
53 0.09214333333333334 0.37738000000000005 0.023333333333333334 0.030953333333333333
42 0.15238 0.37809666666666664 0.02381 0.03238
44 0.18380999999999997 0.37833333333333335 0.022856666666666664 0.032856666666666666
53 0.24357 0.37881000000000004 0.020476666666666667 0.030953333333333333
46 0.27404666666666666 0.3790466666666667 0.01857 0.03047666666666667
55 0.33190333333333333 0.3804766666666667 0.02 0.03238
56 0.38952333333333333 0.38238000000000005 0.018096666666666667 0.03238
57 0.4459533333333333 0.38309666666666664 0.01857 0.030953333333333333
58 0.5004766666666667 0.38261999999999996 0.014286666666666666 0.02809666666666667
59 0.5595233333333333 0.38523666666666667 0.019046666666666667 0.02762
60 0.61643 0.38643 0.019523333333333334 0.02904666666666667
61 0.6719033333333333 0.38666666666666666 0.02 0.03333333333333333
62 0.7280966666666666 0.3878566666666666 0.02 0.03190333333333333
63 0.78619 0.38952333333333333 0.02 0.029523333333333332
65 0.09643 0.42357 0.02143 0.03
66 0.15690333333333334 0.4240466666666667 0.023333333333333334 0.030953333333333333
53 0.21762 0.4683333333333333 0.02 0.03190333333333333
61 0.24738 0.4683333333333333 0.01857 0.030953333333333333
52 0.27643 0.46785666666666664 0.01762 0.02904666666666667
38 0.30523666666666666 0.46762 0.018096666666666667 0.029523333333333332
43 0.33309666666666665 0.46738 0.01857 0.02904666666666667
58 0.36238000000000004 0.4697633333333333 0.018096666666666667 0.03
59 0.3904766666666667 0.4707133333333334 0.01619 0.03
54 0.10952333333333333 0.5583333333333333 0.019046666666666667 0.02904666666666667
54 0.19380999999999998 0.5569033333333333 0.018096666666666667 0.02809666666666667
54 0.27762 0.5580966666666667 0.017143333333333333 0.03143
54 0.33357000000000003 0.5595233333333333 0.01762 0.03047666666666667
54 0.4159533333333333 0.5607133333333334 0.01857 0.03
54 0.5 0.5621433333333333 0.017143333333333333 0.03
54 0.5819033333333333 0.56357 0.017143333333333333 0.027143333333333335
54 0.6652366666666667 0.5659533333333333 0.017143333333333333 0.02809666666666667
54 0.7490466666666666 0.5669033333333333 0.019046666666666667 0.02904666666666667
54 0.8340466666666666 0.5697633333333333 0.01762 0.03190333333333333
54 0.10904666666666667 0.6433333333333333 0.018096666666666667 0.028569999999999998
54 0.19095333333333334 0.6457133333333334 0.017143333333333333 0.03143
54 0.2733333333333333 0.6469033333333334 0.019046666666666667 0.02904666666666667
54 0.35881 0.6461899999999999 0.019523333333333334 0.03143
54 0.4428566666666666 0.6497633333333334 0.01619 0.027143333333333335
54 0.5252366666666667 0.6502366666666667 0.018096666666666667 0.030953333333333333
54 0.6095233333333333 0.6507133333333334 0.018096666666666667 0.02809666666666667
54 0.69238 0.65262 0.018096666666666667 0.02809666666666667
54 0.7747633333333334 0.6547633333333334 0.017143333333333333 0.03047666666666667
54 0.10904666666666667 0.68857 0.019046666666666667 0.02762
0 0.13619 0.5578566666666667 0.019046666666666667 0.02904666666666667
1 0.22 0.5559533333333333 0.017143333333333333 0.02809666666666667
2 0.30571333333333334 0.5580966666666667 0.02 0.03143
3 0.36118999999999996 0.5595233333333333 0.01857 0.03238
4 0.44309666666666664 0.5609533333333333 0.01857 0.03047666666666667
5 0.5261899999999999 0.56238 0.018096666666666667 0.03047666666666667
6 0.6095233333333333 0.56357 0.017143333333333333 0.03
7 0.6928566666666667 0.56619 0.018096666666666667 0.028569999999999998
8 0.77643 0.56762 0.01762 0.029523333333333332
9 0.86143 0.57 0.018096666666666667 0.03047666666666667
1 0.13809666666666667 0.6423800000000001 0.019046666666666667 0.029523333333333332
3 0.21928666666666666 0.6454766666666667 0.01857 0.03
4 0.30285666666666666 0.6473800000000001 0.017143333333333333 0.030953333333333333
2 0.38571333333333335 0.64643 0.019046666666666667 0.03190333333333333
5 0.4704766666666667 0.6495233333333333 0.018096666666666667 0.029523333333333332
6 0.55357 0.6504766666666667 0.015713333333333333 0.029523333333333332
7 0.6359533333333333 0.6507133333333334 0.01762 0.02904666666666667
8 0.7195233333333334 0.6528566666666666 0.019046666666666667 0.029523333333333332
9 0.8021433333333333 0.6542866666666667 0.01857 0.029523333333333332
0 0.135 0.6883333333333334 0.015713333333333333 0.02904666666666667
52 0.10166666666666667 0.8230966666666667 0.020476666666666667 0.02904666666666667
37 0.12928666666666666 0.82357 0.019523333333333334 0.026189999999999998
46 0.15643 0.825 0.01857 0.02809666666666667
37 0.18380999999999997 0.825 0.02 0.02809666666666667
53 0.21142999999999998 0.8254766666666666 0.019046666666666667 0.030953333333333333
41 0.24 0.8259533333333334 0.018096666666666667 0.02904666666666667
37 0.26881 0.8259533333333334 0.01762 0.02904666666666667
53 0.2966666666666667 0.8266666666666667 0.02 0.029523333333333332
46 0.32619000000000004 0.8271433333333332 0.019046666666666667 0.03143
61 0.38357 0.82738 0.02143 0.03
52 0.4107133333333334 0.82762 0.01857 0.028569999999999998
37 0.43809666666666663 0.8280966666666667 0.018096666666666667 0.029523333333333332
46 0.46738 0.8292866666666667 0.01857 0.03
37 0.49476333333333333 0.8288099999999999 0.019046666666666667 0.030953333333333333
59 0.5507133333333334 0.8292866666666667 0.020476666666666667 0.03
37 0.5778566666666667 0.8290466666666666 0.01762 0.029523333333333332
48 0.6342866666666667 0.8309533333333333 0.018096666666666667 0.03143
53 0.6607133333333334 0.8292866666666667 0.01762 0.030953333333333333
65 0.68762 0.8304766666666666 0.019046666666666667 0.028569999999999998
55 0.7157133333333333 0.8297633333333333 0.018096666666666667 0.03
50 0.10095333333333334 0.8685700000000001 0.02 0.03047666666666667
61 0.12881 0.87 0.01762 0.03047666666666667
52 0.15547666666666668 0.8707133333333333 0.019523333333333334 0.03190333333333333
61 0.18476333333333333 0.8719033333333334 0.019046666666666667 0.03047666666666667
59 0.21214333333333332 0.87143 0.01857 0.03047666666666667
60 0.24119000000000002 0.8728566666666667 0.019523333333333334 0.03333333333333333
37 0.2692866666666667 0.8726200000000001 0.019523333333333334 0.03
50 0.32619000000000004 0.8723799999999999 0.020953333333333334 0.03143
37 0.35357 0.8716666666666667 0.019523333333333334 0.030953333333333333
65 0.38119 0.8723799999999999 0.020476666666666667 0.03143
55 0.4095233333333333 0.8721433333333333 0.019046666666666667 0.03
40 0.10071333333333334 0.4705566666666667 0.020476666666666667 0.03
53 0.12793666666666667 0.46984333333333334 0.02 0.03238
48 0.15912666666666667 0.46801333333333334 0.019523333333333334 0.030953333333333333