53 0.134765625 0.07763671875 0.04296875 0.064453125
55 0.19287109375 0.078125 0.04296875 0.064453125
59 0.318359375 0.07373046875 0.04296875 0.064453125
56 0.37939453125 0.072265625 0.04296875 0.064453125
37 0.44189453125 0.0712890625 0.04296875 0.064453125
39 0.50634765625 0.06884765625 0.04296875 0.064453125
43 0.56689453125 0.06884765625 0.04296875 0.064453125
48 0.0703125 0.27685546875 0.04296875 0.064453125
49 0.1298828125 0.2763671875 0.04296875 0.064453125
50 0.1904296875 0.2783203125 0.04296875 0.064453125
51 0.2509765625 0.27587890625 0.04296875 0.064453125
52 0.314453125 0.27587890625 0.04296875 0.064453125
37 0.064453125 0.47021484375 0.04296875 0.064453125
53 0.37744140625 0.275390625 0.04296875 0.064453125
54 0.189453125 0.380859375 0.04296875 0.064453125
54 0.31494140625 0.38232421875 0.04296875 0.064453125
54 0.44189453125 0.3818359375 0.04296875 0.064453125
39 0.1259765625 0.46923828125 0.04296875 0.064453125
43 0.18798828125 0.47119140625 0.04296875 0.064453125
40 0.06640625 0.38037109375 0.04296875 0.064453125
42 0.5048828125 0.27294921875 0.04296875 0.064453125
44 0.56640625 0.27490234375 0.04296875 0.064453125
53 0.69384765625 0.27490234375 0.04296875 0.064453125
46 0.75634765625 0.2763671875 0.04296875 0.064453125
55 0.884765625 0.27685546875 0.04296875 0.064453125
56 0.94775390625 0.27587890625 0.0439453125 0.0693359375
41 0.123046875 0.572265625 0.04296875 0.064453125
43 0.2490234375 0.56884765625 0.046875 0.06396484375
45 0.375 0.5673828125 0.046875 0.06396484375
58 0.4375 0.6787109375 0.05078125 0.06982421875
46 0.5029296875 0.57568359375 0.046875 0.06396484375
57 0.310546875 0.6787109375 0.05078125 0.06982421875
56 0.18603515625 0.67822265625 0.05078125 0.06982421875
55 0.06103515625 0.67822265625 0.05078125 0.06982421875
43 0.06591796875 0.87158203125 0.05078125 0.06982421875
58 0.12841796875 0.87451171875 0.05078125 0.06982421875
59 0.18701171875 0.87646484375 0.05078125 0.06982421875
59 0.56396484375 0.681640625 0.05322265625 0.07275390625
60 0.69091796875 0.68408203125 0.05322265625 0.07275390625
47 0.62841796875 0.5791015625 0.05322265625 0.07275390625
48 0.75830078125 0.58056640625 0.05322265625 0.07275390625
49 0.8876953125 0.5810546875 0.05322265625 0.07275390625
61 0.822265625 0.68408203125 0.05322265625 0.07275390625
62 0.9462890625 0.6865234375 0.05322265625 0.07275390625