54 0.05712890625 0.188720703125 0.04248046875 0.0595703125
1 0.102783203125 0.1875 0.04248046875 0.0595703125
2 0.250244140625 0.18505859375 0.04248046875 0.0595703125
54 0.072509765625 0.343994140625 0.04248046875 0.0595703125
54 0.219970703125 0.342041015625 0.04248046875 0.0595703125
54 0.201904296875 0.18359375 0.04248046875 0.0595703125
54 0.301025390625 0.184326171875 0.04248046875 0.0595703125
3 0.349853515625 0.180419921875 0.04248046875 0.0595703125
54 0.359619140625 0.340087890625 0.04248046875 0.0595703125
3 0.118408203125 0.34521484375 0.04248046875 0.0595703125
4 0.265869140625 0.340576171875 0.04248046875 0.0595703125
2 0.406982421875 0.338623046875 0.04248046875 0.0595703125
5 0.550048828125 0.335693359375 0.04248046875 0.0595703125
4 0.498291015625 0.17919921875 0.04248046875 0.0595703125
54 0.500244140625 0.3369140625 0.04248046875 0.0595703125
54 0.447509765625 0.180908203125 0.04248046875 0.0625
54 0.59814453125 0.181396484375 0.04248046875 0.0625
54 0.643310546875 0.336181640625 0.04248046875 0.0625
5 0.649169921875 0.1796875 0.04248046875 0.0625
54 0.7529296875 0.17919921875 0.04248046875 0.0625
54 0.802978515625 0.176513671875 0.04248046875 0.0625
54 0.791259765625 0.333984375 0.04248046875 0.0625
7 0.843505859375 0.334716796875 0.04248046875 0.0625
54 0.944091796875 0.337890625 0.04248046875 0.0625
54 0.9033203125 0.178466796875 0.04248046875 0.0625
7 0.95458984375 0.17822265625 0.04248046875 0.0625
37 0.380615234375 0.68359375 0.0380859375 0.0498046875
6 0.696044921875 0.336181640625 0.04248046875 0.0625
55 0.465087890625 0.685546875 0.0380859375 0.0498046875
50 0.336669921875 0.68212890625 0.0380859375 0.0498046875
65 0.420654296875 0.68505859375 0.0380859375 0.0498046875
37 0.254150390625 0.68212890625 0.0380859375 0.0498046875
60 0.207275390625 0.68359375 0.0380859375 0.0498046875
59 0.167236328125 0.681640625 0.03173828125 0.05126953125
61 0.125244140625 0.6796875 0.03955078125 0.0498046875
52 0.079833984375 0.68603515625 0.03955078125 0.0498046875
61 0.039306640625 0.6845703125 0.03662109375 0.046875
53 0.289306640625 0.615234375 0.03564453125 0.04541015625
46 0.332275390625 0.6142578125 0.03564453125 0.04541015625
37 0.245361328125 0.617431640625 0.03564453125 0.04541015625
41 0.204345703125 0.61572265625 0.03564453125 0.04541015625
53 0.156494140625 0.618408203125 0.03564453125 0.04541015625
37 0.112548828125 0.620361328125 0.03564453125 0.04541015625
37 0.02294921875 0.62451171875 0.03564453125 0.04541015625
37 0.068359375 0.623291015625 0.03564453125 0.04541015625
61 0.4169921875 0.62109375 0.03955078125 0.0498046875
52 0.4609375 0.61865234375 0.03955078125 0.0498046875
37 0.505859375 0.619140625 0.03564453125 0.04541015625
46 0.55126953125 0.6162109375 0.03564453125 0.04541015625
37 0.5947265625 0.61865234375 0.03564453125 0.04541015625
37 0.73486328125 0.624267578125 0.03955078125 0.044921875
59 0.68505859375 0.625244140625 0.03955078125 0.044921875
48 0.825439453125 0.629638671875 0.03955078125 0.044921875
53 0.873291015625 0.632080078125 0.0400390625 0.0537109375
65 0.921630859375 0.63525390625 0.0400390625 0.0537109375
55 0.968017578125 0.63427734375 0.0400390625 0.0537109375