65 0.04150390625 0.1083984375 0.052734375 0.0654296875
66 0.165283203125 0.1025390625 0.0458984375 0.072265625
40 0.054443359375 0.209716796875 0.04638671875 0.064453125
24 0.113037109375 0.20751953125 0.046875 0.07666015625
19 0.177490234375 0.207275390625 0.04248046875 0.0751953125
53 0.30419921875 0.197509765625 0.04443359375 0.072265625
61 0.3671875 0.19677734375 0.05322265625 0.07470703125
52 0.4345703125 0.193359375 0.0478515625 0.07666015625
38 0.501953125 0.19189453125 0.05322265625 0.07666015625
43 0.568115234375 0.187744140625 0.046875 0.07666015625
58 0.632568359375 0.187255859375 0.046875 0.078125
59 0.699951171875 0.183349609375 0.0478515625 0.07568359375
54 0.083740234375 0.4130859375 0.04345703125 0.06494140625
54 0.264404296875 0.404541015625 0.04052734375 0.06201171875
54 0.448486328125 0.401611328125 0.03759765625 0.0654296875
54 0.570068359375 0.398681640625 0.03857421875 0.06884765625
54 0.759765625 0.394287109375 0.04541015625 0.0673828125
54 0.95166015625 0.389404296875 0.04296875 0.0693359375
54 0.107421875 0.593017578125 0.03515625 0.0615234375
54 0.279296875 0.588134765625 0.04052734375 0.06103515625
54 0.45556640625 0.5849609375 0.03955078125 0.05810546875
54 0.634033203125 0.578857421875 0.04150390625 0.06103515625
54 0.813720703125 0.576416015625 0.04150390625 0.06103515625
54 0.11962890625 0.6787109375 0.03662109375 0.0546875
0 0.139892578125 0.410888671875 0.03857421875 0.064453125
1 0.320068359375 0.403564453125 0.0380859375 0.06298828125
2 0.507080078125 0.399658203125 0.0400390625 0.0634765625
3 0.6318359375 0.39599609375 0.04150390625 0.06640625
4 0.8212890625 0.390380859375 0.04345703125 0.0625
1 0.1591796875 0.59326171875 0.03857421875 0.0595703125
3 0.337890625 0.58837890625 0.04052734375 0.06005859375
4 0.51416015625 0.582763671875 0.0380859375 0.05615234375
2 0.693115234375 0.578857421875 0.0419921875 0.06396484375
5 0.877685546875 0.57470703125 0.04150390625 0.0595703125
0 0.173828125 0.677490234375 0.0380859375 0.0576171875