54 0.07177734375 0.15576171875 0.04296875 0.06494140625
5 0.12158203125 0.154296875 0.04296875 0.06494140625
54 0.2294921875 0.1572265625 0.04296875 0.06494140625
6 0.28076171875 0.15576171875 0.04296875 0.06494140625
54 0.1376953125 0.3232421875 0.04248046875 0.06005859375
54 0.29052734375 0.32470703125 0.03857421875 0.05859375
54 0.38671875 0.15625 0.03857421875 0.05859375
6 0.1875 0.32275390625 0.041015625 0.06103515625
7 0.3408203125 0.32275390625 0.041015625 0.06103515625
54 0.4423828125 0.32373046875 0.03857421875 0.05859375
54 0.59765625 0.32421875 0.03857421875 0.05859375
54 0.5458984375 0.15966796875 0.03857421875 0.05859375
54 0.70556640625 0.15869140625 0.04052734375 0.06005859375
9 0.7578125 0.15673828125 0.04052734375 0.06005859375
9 0.64599609375 0.3251953125 0.04052734375 0.06005859375
8 0.59765625 0.1552734375 0.04052734375 0.06005859375
8 0.4921875 0.32275390625 0.04052734375 0.06005859375
7 0.43798828125 0.154296875 0.04052734375 0.06005859375
59 0.2060546875 0.6318359375 0.03515625 0.05322265625
37 0.25146484375 0.63134765625 0.03515625 0.05322265625
46 0.06298828125 0.63330078125 0.03515625 0.05322265625
37 0.109375 0.6328125 0.03515625 0.05322265625
48 0.34912109375 0.6337890625 0.03515625 0.05322265625
53 0.39892578125 0.63330078125 0.03515625 0.05322265625
65 0.44921875 0.6337890625 0.03515625 0.05322265625
55 0.4931640625 0.6337890625 0.03515625 0.05322265625