41 0.109619140625 0.316162109375 0.07861328125 0.12353515625
54 0.322509765625 0.322021484375 0.0732421875 0.12158203125
54 0.622314453125 0.3291015625 0.0732421875 0.12158203125
54 0.91064453125 0.336669921875 0.0732421875 0.10986328125
54 0.703857421875 0.63037109375 0.0693359375 0.099609375
54 0.423583984375 0.625244140625 0.0693359375 0.099609375
54 0.133544921875 0.625244140625 0.06982421875 0.10302734375
43 0.422119140625 0.326171875 0.0732421875 0.12158203125
45 0.72021484375 0.331298828125 0.0732421875 0.12158203125
43 0.228759765625 0.62841796875 0.0732421875 0.1083984375
45 0.521728515625 0.62744140625 0.0732421875 0.10693359375
8 0.798583984375 0.63232421875 0.0732421875 0.10693359375
54 0.967041015625 0.62890625 0.06298828125 0.09765625