45 0.03515625 0.2802734375 0.02294921875 0.03759765625
46 0.07080078125 0.279541015625 0.025390625 0.037109375
47 0.1044921875 0.280517578125 0.0244140625 0.0400390625
48 0.141845703125 0.279052734375 0.0224609375 0.0400390625
49 0.173828125 0.279541015625 0.0244140625 0.044921875
50 0.209716796875 0.27880859375 0.02685546875 0.041015625
51 0.243408203125 0.27734375 0.02294921875 0.0400390625
52 0.278076171875 0.276611328125 0.02734375 0.04150390625
53 0.311767578125 0.27685546875 0.025390625 0.0380859375
42 0.378173828125 0.275390625 0.0244140625 0.0380859375
44 0.412353515625 0.275390625 0.0234375 0.04150390625
53 0.480712890625 0.2744140625 0.0234375 0.04150390625
46 0.513916015625 0.274658203125 0.02099609375 0.0390625
55 0.581298828125 0.27197265625 0.0224609375 0.03759765625
56 0.614501953125 0.270263671875 0.0224609375 0.0390625
57 0.648681640625 0.2705078125 0.02099609375 0.0390625
58 0.682373046875 0.270263671875 0.0244140625 0.041015625
59 0.717529296875 0.269287109375 0.025390625 0.0380859375
60 0.751708984375 0.26904296875 0.025390625 0.0380859375
61 0.783203125 0.267333984375 0.02490234375 0.0400390625
40 0.082275390625 0.3359375 0.0224609375 0.0341796875
40 0.117919921875 0.3369140625 0.01953125 0.03369140625
40 0.151123046875 0.337158203125 0.0224609375 0.02978515625
54 0.216796875 0.333740234375 0.0244140625 0.037109375
54 0.2841796875 0.3310546875 0.0234375 0.037109375
54 0.35009765625 0.331298828125 0.02294921875 0.03759765625
59 0.086181640625 0.387939453125 0.02001953125 0.0341796875
56 0.118896484375 0.3876953125 0.02294921875 0.0341796875
37 0.151611328125 0.385009765625 0.0224609375 0.03466796875
39 0.185791015625 0.38427734375 0.021484375 0.03759765625
43 0.219482421875 0.384033203125 0.0224609375 0.037109375
38 0.059814453125 0.4404296875 0.0224609375 0.0341796875
39 0.125 0.435546875 0.0224609375 0.03271484375
41 0.19140625 0.435791015625 0.02490234375 0.03564453125
43 0.2568359375 0.433837890625 0.0234375 0.0380859375
45 0.322998046875 0.431396484375 0.021484375 0.0361328125
46 0.386474609375 0.430908203125 0.0234375 0.03271484375
47 0.451416015625 0.43017578125 0.021484375 0.03173828125
48 0.513427734375 0.432373046875 0.02294921875 0.03564453125
49 0.578857421875 0.43017578125 0.02001953125 0.03466796875
50 0.641357421875 0.427978515625 0.02294921875 0.03564453125
51 0.708251953125 0.4267578125 0.02490234375 0.0361328125
52 0.772705078125 0.42626953125 0.02294921875 0.03466796875
53 0.068115234375 0.488525390625 0.0244140625 0.03466796875
46 0.100341796875 0.48876953125 0.0234375 0.0361328125
55 0.165283203125 0.48779296875 0.0244140625 0.0322265625
56 0.228271484375 0.483154296875 0.0234375 0.03369140625
57 0.293212890625 0.482421875 0.0224609375 0.03564453125
58 0.356201171875 0.481201171875 0.02099609375 0.03076171875
59 0.420166015625 0.4814453125 0.021484375 0.0322265625
60 0.482177734375 0.480224609375 0.01953125 0.03369140625
61 0.545654296875 0.48046875 0.0224609375 0.03369140625
62 0.60791015625 0.478759765625 0.0224609375 0.03564453125
63 0.673095703125 0.478759765625 0.0224609375 0.037109375
64 0.737548828125 0.478271484375 0.0234375 0.03369140625
53 0.05126953125 0.581787109375 0.0234375 0.03271484375
61 0.083984375 0.580810546875 0.0234375 0.03173828125
52 0.11328125 0.57861328125 0.0234375 0.0322265625
38 0.14501953125 0.578369140625 0.02001953125 0.03369140625
43 0.17529296875 0.577392578125 0.01953125 0.03369140625
58 0.2080078125 0.578125 0.0224609375 0.03564453125
59 0.23828125 0.57568359375 0.01904296875 0.0322265625
54 0.03857421875 0.669921875 0.01904296875 0.02978515625
54 0.126953125 0.670166015625 0.017578125 0.03076171875
54 0.18603515625 0.669677734375 0.01806640625 0.03271484375
54 0.27490234375 0.669189453125 0.02099609375 0.03271484375
54 0.36572265625 0.66845703125 0.01904296875 0.03271484375
54 0.45458984375 0.6689453125 0.01904296875 0.03271484375
54 0.54638671875 0.669677734375 0.01806640625 0.0341796875
54 0.6376953125 0.670166015625 0.0224609375 0.03369140625
54 0.73095703125 0.671630859375 0.017578125 0.03369140625
54 0.048095703125 0.756103515625 0.01904296875 0.03173828125
54 0.133056640625 0.757080078125 0.02001953125 0.03271484375
54 0.220458984375 0.758544921875 0.01611328125 0.03466796875
54 0.307861328125 0.759765625 0.01904296875 0.0322265625
54 0.395751953125 0.760986328125 0.01806640625 0.03564453125
54 0.486083984375 0.760986328125 0.01806640625 0.03173828125
54 0.575439453125 0.76123046875 0.01806640625 0.02978515625
54 0.667236328125 0.76318359375 0.01953125 0.03369140625
1 0.06298828125 0.669189453125 0.01904296875 0.03076171875
2 0.15380859375 0.67041015625 0.017578125 0.0322265625
3 0.2138671875 0.669189453125 0.02001953125 0.03076171875
4 0.3037109375 0.669677734375 0.02099609375 0.03564453125
5 0.392578125 0.66943359375 0.021484375 0.03466796875
6 0.4833984375 0.669677734375 0.01904296875 0.0341796875
7 0.57470703125 0.6689453125 0.0224609375 0.03369140625
8 0.6669921875 0.66943359375 0.021484375 0.03271484375
9 0.7626953125 0.672119140625 0.02001953125 0.03173828125
3 0.075439453125 0.7578125 0.01953125 0.03271484375
4 0.160888671875 0.75732421875 0.02001953125 0.03173828125
2 0.247802734375 0.75927734375 0.01904296875 0.03369140625
5 0.336669921875 0.759521484375 0.02099609375 0.0322265625
6 0.424072265625 0.760498046875 0.01806640625 0.03369140625
7 0.514892578125 0.76318359375 0.02001953125 0.03271484375
8 0.604736328125 0.763427734375 0.02001953125 0.0361328125
9 0.697998046875 0.763671875 0.0224609375 0.03271484375
58 0.05615234375 0.166259765625 0.0244140625 0.041015625
59 0.09228515625 0.164794921875 0.025390625 0.0380859375
43 0.01953125 0.16455078125 0.0244140625 0.041015625
53 0.16259765625 0.1640625 0.0234375 0.04150390625
55 0.19775390625 0.161865234375 0.0224609375 0.03759765625
59 0.26953125 0.160888671875 0.025390625 0.04150390625
56 0.3037109375 0.159423828125 0.025390625 0.04150390625
37 0.33740234375 0.1591796875 0.025390625 0.04150390625
39 0.3720703125 0.15771484375 0.025390625 0.04150390625
43 0.40966796875 0.156982421875 0.025390625 0.04150390625