54 0.16166666666666665 0.0475 0.05333333333333334 0.07166666666666667
54 0.15333333333333332 0.15583333333333332 0.05333333333333334 0.07166666666666667
54 0.36833333333333335 0.04583333333333333 0.05333333333333334 0.07166666666666667
54 0.58 0.0475 0.05333333333333334 0.07166666666666667
54 0.7933333333333333 0.0475 0.05333333333333334 0.07166666666666667
1 0.23166666666666666 0.04583333333333333 0.05333333333333334 0.07166666666666667
3 0.44166666666666665 0.0425 0.05333333333333334 0.07166666666666667
4 0.6533333333333333 0.04583333333333333 0.05333333333333334 0.07166666666666667
2 0.865 0.049166666666666664 0.05333333333333334 0.07166666666666667
0 0.225 0.15416666666666667 0.05333333333333334 0.07166666666666667
52 0.13166666666666665 0.49 0.05333333333333334 0.08
37 0.205 0.48833333333333334 0.05333333333333334 0.08
46 0.27666666666666667 0.4866666666666667 0.05333333333333334 0.08
37 0.35 0.4866666666666667 0.05333333333333334 0.08
53 0.4266666666666667 0.49 0.05333333333333334 0.08
41 0.5033333333333333 0.49 0.05333333333333334 0.08
37 0.5783333333333334 0.49 0.05333333333333334 0.08
53 0.65 0.49 0.05333333333333334 0.08
46 0.73 0.49166666666666664 0.05333333333333334 0.08
61 0.8833333333333333 0.49666666666666665 0.05333333333333334 0.08
52 0.9566666666666667 0.49166666666666664 0.05333333333333334 0.08
50 0.12666666666666668 0.6066666666666667 0.05333333333333334 0.08
61 0.20666666666666667 0.61 0.05333333333333334 0.08
52 0.275 0.61 0.05333333333333334 0.08
61 0.34833333333333333 0.6116666666666667 0.05333333333333334 0.08
59 0.425 0.6116666666666667 0.05333333333333334 0.08
60 0.5033333333333333 0.615 0.05333333333333334 0.08
37 0.575 0.615 0.05333333333333334 0.08
50 0.7283333333333334 0.6183333333333333 0.05333333333333334 0.08
37 0.805 0.6166666666666667 0.05333333333333334 0.08
65 0.885 0.6166666666666667 0.05333333333333334 0.08
55 0.96 0.6166666666666667 0.05333333333333334 0.08