40 0.22083333333333333 0.17208333333333334 0.023333333333333334 0.035833333333333335
51 0.25333333333333335 0.17375 0.028333333333333332 0.035833333333333335
43 0.28625 0.17208333333333334 0.024166666666666666 0.035833333333333335
30 0.31833333333333336 0.17541666666666667 0.0225 0.041666666666666664
30 0.35146000000000005 0.17416666666666666 0.022083333333333333 0.03833333333333333
14 0.38396 0.17375 0.022083333333333333 0.03916666666666667
28 0.41791666666666666 0.17479333333333333 0.021666666666666667 0.04041666666666666
29 0.45146000000000003 0.17479333333333333 0.02125 0.03958333333333333
53 0.5158333333333334 0.17771 0.020833333333333332 0.03958333333333333
55 0.5491666666666667 0.17708333333333334 0.020833333333333332 0.03666666666666667
59 0.615 0.17771 0.021666666666666667 0.037083333333333336
56 0.6481266666666667 0.1775 0.022083333333333333 0.0375
37 0.6831266666666667 0.17854333333333333 0.024583333333333332 0.03875
39 0.7160433333333334 0.17896 0.020416666666666666 0.03791666666666667
43 0.7481266666666667 0.17937666666666666 0.022083333333333333 0.03958333333333333
37 0.22521 0.2825 0.020416666666666666 0.03666666666666667
38 0.25771 0.28146 0.022083333333333333 0.034583333333333334
39 0.29021 0.28125 0.020416666666666666 0.03333333333333333
41 0.32208333333333333 0.28146 0.020833333333333332 0.035416666666666666
43 0.3525 0.28146 0.020833333333333332 0.034583333333333334
45 0.38521000000000005 0.28291666666666665 0.02125 0.0375
46 0.41791666666666666 0.28437666666666667 0.021666666666666667 0.034583333333333334
47 0.44958333333333333 0.2860433333333333 0.020833333333333332 0.03625
48 0.4825 0.2866666666666667 0.02 0.035833333333333335
49 0.5143766666666667 0.2860433333333333 0.01875 0.03625
50 0.54875 0.28771 0.023333333333333334 0.03791666666666667
51 0.58 0.2875 0.024166666666666666 0.0375
52 0.6106266666666667 0.28791666666666665 0.02375 0.035833333333333335
53 0.6420833333333333 0.2885433333333333 0.020833333333333332 0.035416666666666666
42 0.7064600000000001 0.28937666666666667 0.02375 0.037083333333333336
44 0.7389600000000001 0.29021 0.022083333333333333 0.035416666666666666
53 0.80396 0.2920833333333333 0.019583333333333335 0.03916666666666667
46 0.8375 0.2916666666666667 0.018333333333333333 0.03666666666666667
62 0.2275 0.3333333333333333 0.024166666666666666 0.03333333333333333
63 0.2597933333333333 0.33479333333333333 0.02125 0.03625
64 0.2918766666666667 0.33479333333333333 0.022083333333333333 0.03625
65 0.32396 0.335 0.02125 0.035833333333333335
66 0.35437666666666673 0.33687666666666666 0.02125 0.035416666666666666
40 0.41833333333333333 0.33687666666666666 0.0225 0.034583333333333334
40 0.4504166666666667 0.33896 0.020833333333333332 0.035416666666666666
40 0.4825 0.3385433333333333 0.018333333333333333 0.034583333333333334
54 0.5441666666666667 0.34021 0.02 0.032916666666666664
54 0.6077100000000001 0.34125 0.02125 0.035
54 0.6714600000000001 0.3418766666666667 0.02125 0.032916666666666664
40 0.23021 0.38521000000000005 0.022916666666666665 0.034583333333333334
63 0.26375 0.38625 0.020833333333333332 0.03666666666666667
19 0.29333333333333333 0.38604333333333335 0.02 0.037083333333333336
30 0.32521 0.38625 0.019583333333333335 0.0375
18 0.3566666666666667 0.38625 0.021666666666666667 0.035833333333333335
59 0.4191666666666667 0.38708333333333333 0.02 0.035
56 0.45021000000000005 0.38708333333333333 0.020416666666666666 0.03333333333333333
37 0.48291666666666666 0.3881266666666667 0.020833333333333332 0.032916666666666664
39 0.5131266666666667 0.38771000000000005 0.01875 0.03375
43 0.54375 0.3881266666666667 0.02 0.03375
37 0.32708333333333334 0.43479333333333336 0.021666666666666667 0.03375
38 0.3904166666666667 0.43479333333333336 0.023333333333333334 0.03375
39 0.45 0.43583333333333335 0.021666666666666667 0.03333333333333333
41 0.5110433333333334 0.43875 0.01875 0.035833333333333335
43 0.5725 0.4395833333333333 0.020833333333333332 0.0375
45 0.6347933333333333 0.43979333333333337 0.019583333333333335 0.034583333333333334
46 0.6970833333333334 0.44021000000000005 0.02 0.035416666666666666
47 0.7593766666666667 0.44146 0.017916666666666668 0.034583333333333334
48 0.82271 0.44354333333333334 0.020416666666666666 0.03208333333333333
53 0.23729333333333333 0.48271000000000003 0.022083333333333333 0.032916666666666664
42 0.2970833333333333 0.4825 0.023333333333333334 0.0325
44 0.3283333333333333 0.4820833333333333 0.020833333333333332 0.03166666666666667
53 0.3893766666666667 0.4831266666666667 0.02125 0.034583333333333334
46 0.4193766666666667 0.4835433333333334 0.02125 0.032916666666666664
55 0.48021 0.4856266666666667 0.02125 0.032916666666666664
56 0.5402100000000001 0.48646000000000006 0.01875 0.032916666666666664
57 0.5997933333333334 0.48833333333333334 0.022083333333333333 0.03666666666666667
58 0.6616666666666666 0.48833333333333334 0.020833333333333332 0.034166666666666665
59 0.7243766666666667 0.49 0.02125 0.0325
60 0.78646 0.4925 0.022083333333333333 0.035
61 0.8491666666666666 0.4935433333333334 0.020833333333333332 0.032916666666666664
65 0.23916666666666667 0.52875 0.024166666666666666 0.03166666666666667
66 0.29979333333333336 0.5285433333333334 0.02375 0.03125
40 0.24375 0.5708333333333333 0.020833333333333332 0.030833333333333334
53 0.27229333333333333 0.5725 0.020416666666666666 0.0325
48 0.30271 0.5720833333333334 0.019583333333333335 0.030833333333333334
53 0.3616666666666667 0.5720833333333334 0.019166666666666665 0.03333333333333333
61 0.3906266666666667 0.57271 0.019583333333333335 0.03125
52 0.4191666666666667 0.5731266666666667 0.02 0.03208333333333333
38 0.4497933333333334 0.5743766666666668 0.019583333333333335 0.03208333333333333
43 0.47937666666666673 0.57375 0.017916666666666668 0.03166666666666667
58 0.5089600000000001 0.5745833333333333 0.019583333333333335 0.0325
59 0.53771 0.5768766666666667 0.019583333333333335 0.03375
54 0.24687666666666666 0.65979 0.01875 0.030416666666666668
54 0.3329166666666667 0.6622899999999999 0.0175 0.029583333333333333
54 0.42021000000000003 0.6652066666666666 0.017083333333333332 0.03125
54 0.47791666666666666 0.6675 0.0175 0.03166666666666667
54 0.565 0.6704166666666667 0.016666666666666666 0.030833333333333334
54 0.65375 0.6735433333333334 0.018333333333333333 0.03125
54 0.7441666666666666 0.6772933333333334 0.018333333333333333 0.029583333333333333
54 0.8329166666666666 0.6793766666666667 0.02 0.03125
54 0.24541666666666667 0.75125 0.018333333333333333 0.030833333333333334
54 0.33166666666666667 0.755 0.019166666666666665 0.030833333333333334
54 0.4170833333333333 0.7568766666666668 0.02 0.03125
54 0.505 0.7591666666666667 0.0175 0.030833333333333334
54 0.5920833333333333 0.7622933333333334 0.0175 0.030416666666666668
54 0.6797933333333334 0.7658333333333334 0.017916666666666668 0.03166666666666667
54 0.7702100000000001 0.7683333333333333 0.017916666666666668 0.03166666666666667
54 0.24541666666666667 0.7972933333333334 0.019166666666666665 0.03125
54 0.9216666666666666 0.6826666666666666 0.020666666666666667 0.030666666666666665
54 0.859 0.7693333333333333 0.016666666666666666 0.030666666666666665
54 0.9466666666666667 0.7723333333333333 0.02 0.03266666666666666
0 0.2763333333333333 0.6586666666666666 0.019333333333333334 0.029333333333333333
1 0.362 0.662 0.02 0.029333333333333333
2 0.449 0.6646666666666666 0.019333333333333334 0.032
3 0.507 0.668 0.019333333333333334 0.032
4 0.594 0.6703333333333333 0.02 0.03266666666666666
5 0.683 0.6736666666666666 0.019333333333333334 0.03266666666666666
6 0.7733333333333333 0.6766666666666666 0.021333333333333333 0.03333333333333333
7 0.8643333333333333 0.6806666666666666 0.020666666666666667 0.03333333333333333
8 0.954 0.684 0.02266666666666667 0.032
1 0.274 0.7506666666666667 0.02 0.029333333333333333
2 0.361 0.7543333333333333 0.019333333333333334 0.03266666666666666
4 0.448 0.7573333333333333 0.02 0.032
2 0.5356666666666666 0.7596666666666667 0.020666666666666667 0.03133333333333333
5 0.6216666666666667 0.7613333333333333 0.022 0.03333333333333333
6 0.7103333333333334 0.765 0.020666666666666667 0.03266666666666666
7 0.799 0.7676666666666667 0.020666666666666667 0.034
8 0.8886666666666667 0.7706666666666667 0.02 0.03333333333333333
9 0.9773333333333334 0.774 0.017333333333333333 0.030666666666666665
0 0.273 0.798 0.016666666666666666 0.029333333333333333
55 0.9025 0.29291666666666666 0.023333333333333334 0.03916666666666667
56 0.9345833333333333 0.29291666666666666 0.024166666666666666 0.03916666666666667
57 0.96875 0.2941666666666667 0.024166666666666666 0.03833333333333333
37 0.23166666666666666 0.43291666666666667 0.02 0.035833333333333335
38 0.26458333333333334 0.43291666666666667 0.020833333333333332 0.035833333333333335
49 0.88625 0.445 0.0225 0.035
50 0.9491666666666667 0.44583333333333336 0.021666666666666667 0.03666666666666667
62 0.9116666666666666 0.495 0.021666666666666667 0.035
63 0.9754166666666667 0.49916666666666665 0.020833333333333332 0.035
52 0.243 0.9332866666666667 0.019333333333333334 0.03209666666666667
37 0.27109666666666665 0.9337633333333333 0.019333333333333334 0.03209666666666667
46 0.2996666666666667 0.93424 0.019333333333333334 0.03209666666666667
37 0.3282366666666667 0.9347166666666668 0.019333333333333334 0.03209666666666667
53 0.3572833333333333 0.93662 0.019333333333333334 0.03209666666666667
41 0.38538000000000006 0.93805 0.019333333333333334 0.03209666666666667
37 0.41442666666666667 0.9385266666666666 0.019333333333333334 0.03209666666666667
53 0.44347333333333333 0.9390033333333334 0.019333333333333334 0.03209666666666667
46 0.47157 0.9409066666666666 0.019333333333333334 0.03209666666666667
61 0.5296666666666666 0.94186 0.019333333333333334 0.03209666666666667
52 0.5582366666666667 0.94329 0.019333333333333334 0.03209666666666667
37 0.5868066666666667 0.9437666666666668 0.019333333333333334 0.03209666666666667
46 0.6168066666666667 0.9456700000000001 0.019333333333333334 0.03209666666666667
37 0.6458533333333333 0.9447166666666666 0.019333333333333334 0.03209666666666667
59 0.7034733333333334 0.9470966666666667 0.019333333333333334 0.03209666666666667
37 0.7334733333333333 0.9475733333333333 0.019333333333333334 0.03209666666666667
50 0.24252333333333334 0.9775733333333333 0.019333333333333334 0.03209666666666667
61 0.2710933333333333 0.9785266666666667 0.019333333333333334 0.03209666666666667
52 0.29919 0.9799566666666666 0.019333333333333334 0.03209666666666667
61 0.3282366666666667 0.9799566666666666 0.019333333333333334 0.03209666666666667
59 0.3572833333333333 0.9809100000000001 0.019333333333333334 0.03209666666666667
60 0.3858533333333333 0.9813866666666666 0.019333333333333334 0.03209666666666667
37 0.41395 0.9828166666666666 0.019333333333333334 0.03209666666666667
50 0.4710933333333333 0.9839533333333333 0.019333333333333334 0.03209666666666667
37 0.49918999999999997 0.9839533333333333 0.019333333333333334 0.032093333333333335
65 0.5282366666666667 0.98562 0.019333333333333334 0.02876
55 0.5568066666666667 0.9858566666666667 0.019333333333333334 0.02828333333333333
48 0.7910933333333334 0.9490033333333334 0.019333333333333334 0.03209666666666667
53 0.8196633333333333 0.9490033333333334 0.019333333333333334 0.03209666666666667
65 0.8482333333333333 0.9504333333333334 0.019333333333333334 0.03209666666666667
55 0.8763299999999999 0.95091 0.019333333333333334 0.03209666666666667