43 0.029443333333333332 0.07111 0.04111 0.06444333333333334
45 0.13222333333333333 0.06 0.04 0.06
46 0.2377766666666667 0.061110000000000005 0.03777666666666667 0.06444333333333334
47 0.3422233333333334 0.059443333333333334 0.03555666666666667 0.061110000000000005
48 0.44666666666666666 0.055 0.03555666666666667 0.061110000000000005
49 0.5533333333333333 0.056666666666666664 0.03777666666666667 0.06666666666666667
50 0.6572233333333334 0.05 0.04111 0.06444333333333334
51 0.7627766666666667 0.05 0.043333333333333335 0.06444333333333334
52 0.8672233333333333 0.05 0.043333333333333335 0.06666666666666667
57 0.09555666666666668 0.15555666666666668 0.03777666666666667 0.06
58 0.195 0.15055666666666667 0.03889 0.06333333333333334
59 0.29944333333333334 0.15055666666666667 0.04111 0.061110000000000005
60 0.3994433333333333 0.14722333333333334 0.03666666666666667 0.06777666666666667
61 0.4994433333333333 0.14722333333333334 0.03889 0.061110000000000005
62 0.6005566666666667 0.14222333333333334 0.03889 0.06444333333333334
63 0.70389 0.14110999999999999 0.03889 0.06444333333333334
64 0.8066666666666666 0.13722333333333334 0.04 0.06333333333333334
54 0.09666666666666666 0.4644433333333333 0.03111 0.048889999999999996
54 0.23333333333333334 0.46277666666666667 0.02889 0.05222333333333333
54 0.37 0.4622233333333334 0.03111 0.04666666666666667
54 0.50611 0.46 0.03222333333333333 0.04666666666666667
54 0.6455566666666667 0.46055666666666667 0.03111 0.05
54 0.7872233333333334 0.45889 0.03222333333333333 0.05111
54 0.026109999999999998 0.6 0.03 0.048889999999999996
54 0.155 0.5977766666666666 0.03 0.048889999999999996
54 0.28722333333333333 0.5994433333333333 0.03 0.05444333333333334
54 0.4216666666666667 0.5977766666666666 0.03 0.048889999999999996
54 0.5544433333333333 0.6 0.03333333333333333 0.04666666666666667
54 0.69111 0.6011099999999999 0.03333333333333333 0.048889999999999996
4 0.13666666666666666 0.4633333333333333 0.03333333333333333 0.05111
5 0.275 0.46166666666666667 0.03444333333333333 0.05444333333333334
6 0.4127766666666666 0.4622233333333334 0.03222333333333333 0.048889999999999996
7 0.5522233333333334 0.4594433333333333 0.03333333333333333 0.05
8 0.6905566666666667 0.46055666666666667 0.03222333333333333 0.05
9 0.8372233333333333 0.4583333333333333 0.027776666666666665 0.05444333333333334
2 0.06555666666666667 0.6 0.02889 0.048889999999999996
5 0.1972233333333333 0.5983333333333334 0.03222333333333333 0.05
6 0.32777666666666666 0.5972233333333333 0.03111 0.05222333333333333
7 0.46277666666666667 0.5994433333333333 0.03 0.05
8 0.5966666666666667 0.5994433333333333 0.03111 0.05
9 0.7355566666666666 0.6016666666666667 0.02889 0.05
61 0.08055666666666667 0.8694433333333333 0.03 0.048889999999999996
52 0.12194333333333333 0.8694433333333333 0.03277666666666667 0.048889999999999996
37 0.16555666666666669 0.8705566666666666 0.03 0.04666666666666667
46 0.21 0.8697233333333334 0.03111 0.046110000000000005
37 0.2502766666666667 0.8691666666666666 0.028333333333333332 0.046110000000000005
59 0.3372233333333333 0.87 0.027776666666666665 0.04111
37 0.37972333333333336 0.8694433333333333 0.027223333333333335 0.042223333333333335
48 0.4666666666666667 0.8708333333333333 0.02666666666666667 0.04389
53 0.51111 0.8711099999999999 0.03222333333333333 0.04555666666666666
65 0.5530566666666666 0.8727766666666666 0.029443333333333332 0.04555666666666666
55 0.5983333333333334 0.8727766666666666 0.03333333333333333 0.048889999999999996
65 0.08166666666666667 0.9397233333333334 0.027776666666666665 0.04389
55 0.12305666666666668 0.94 0.030556666666666666 0.04555666666666666
37 0.04027666666666667 0.9386099999999999 0.028333333333333332 0.04389