60 0.06436666666666667 0.08313999999999999 0.02990333333333333 0.04616
43 0.02213 0.08449333333333332 0.02990333333333333 0.04616
43 0.14681 0.08313999999999999 0.02990333333333333 0.04616
60 0.10660333333333333 0.08381666666666666 0.02990333333333333 0.04616
58 0.18938333333333332 0.08313999999999999 0.02990333333333333 0.04616
59 0.23128 0.08449333333333332 0.02990333333333333 0.04616
53 0.31676666666666664 0.08483 0.02990333333333333 0.04616
55 0.35968 0.08449333333333332 0.02990333333333333 0.04616
59 0.44449 0.08719666666666666 0.02990333333333333 0.04616
56 0.4863866666666667 0.08618333333333333 0.02990333333333333 0.04616
37 0.5303133333333333 0.08753666666666667 0.02990333333333333 0.04616
39 0.5718733333333333 0.08720000000000001 0.02990333333333333 0.04616
43 0.6151233333333332 0.08956666666666667 0.02990333333333333 0.04616
65 0.055323333333333335 0.28707333333333335 0.02858666666666667 0.045803333333333335
39 0.01932333333333333 0.2187366666666667 0.02858666666666667 0.045803333333333335
43 0.10191 0.21767666666666666 0.02858666666666667 0.045803333333333335
41 0.05955666666666666 0.21767666666666666 0.02858666666666667 0.045803333333333335
45 0.14214333333333334 0.21714666666666668 0.02858666666666667 0.045803333333333335
46 0.18555333333333332 0.21661666666666668 0.02858666666666667 0.045803333333333335
47 0.2263166666666667 0.21767666666666666 0.02858666666666667 0.045803333333333335
48 0.27237333333333336 0.21608666666666668 0.02858666666666667 0.045803333333333335
49 0.31366666666666665 0.21608666666666668 0.02858666666666667 0.045803333333333335
50 0.35655000000000003 0.22138333333333332 0.02858666666666667 0.045803333333333335
51 0.3967833333333333 0.22085333333333332 0.02858666666666667 0.045803333333333335
52 0.44125333333333333 0.22191333333333332 0.02858666666666667 0.045803333333333335
53 0.4862533333333333 0.22244333333333335 0.02858666666666667 0.045803333333333335
42 0.5725466666666666 0.22350333333333333 0.02858666666666667 0.045803333333333335
44 0.61437 0.22297333333333333 0.02858666666666667 0.045803333333333335
53 0.6996033333333334 0.22562333333333334 0.02858666666666667 0.045803333333333335
46 0.7440733333333333 0.22615333333333335 0.02858666666666667 0.045803333333333335
55 0.82825 0.22880333333333333 0.02858666666666667 0.045803333333333335
56 0.8706033333333333 0.22827333333333336 0.02858666666666667 0.045803333333333335
54 0.5270199999999999 0.29661000000000004 0.02858666666666667 0.045803333333333335
57 0.9134866666666667 0.22880333333333333 0.02858666666666667 0.045803333333333335
54 0.4412566666666667 0.29342999999999997 0.02858666666666667 0.045803333333333335
54 0.35549333333333333 0.29184 0.02858666666666667 0.045803333333333335
40 0.27026 0.28866 0.02858666666666667 0.045803333333333335
40 0.22896666666666665 0.28919 0.02858666666666667 0.045803333333333335
40 0.18661333333333335 0.28919 0.02858666666666667 0.045803333333333335
66 0.09608666666666667 0.2876033333333333 0.02858666666666667 0.045803333333333335
64 0.016146666666666667 0.2865433333333333 0.02858666666666667 0.045803333333333335
60 0.05159333333333333 0.35173333333333334 0.03238333333333333 0.04859666666666666
47 0.09430666666666668 0.35219666666666666 0.03238333333333333 0.04859666666666666
59 0.17973333333333336 0.35173333333333334 0.03238333333333333 0.04859666666666666
56 0.22383999999999998 0.3531266666666667 0.03238333333333333 0.04859666666666666
37 0.26748333333333335 0.35266333333333333 0.03238333333333333 0.04859666666666666
39 0.30973333333333336 0.35591666666666666 0.03238333333333333 0.04859666666666666
43 0.35291 0.35638000000000003 0.03238333333333333 0.04859666666666666
37 0.04973666666666667 0.42049000000000003 0.03238333333333333 0.04859666666666666
38 0.13470000000000001 0.42467 0.03238333333333333 0.04859666666666666
39 0.22291333333333332 0.4242066666666666 0.03238333333333333 0.04859666666666666
41 0.30834 0.4256 0.03238333333333333 0.04859666666666666
43 0.39516 0.42745666666666665 0.03238333333333333 0.04859666666666666
45 0.48244666666666663 0.42792 0.03238333333333333 0.04859666666666666
46 0.5692666666666667 0.4307066666666666 0.03238333333333333 0.04859666666666666
47 0.6570166666666667 0.43117 0.03238333333333333 0.04859666666666666
48 0.74291 0.43349333333333334 0.03238333333333333 0.04859666666666666
49 0.8301933333333333 0.43442333333333333 0.03238333333333333 0.04859666666666666
50 0.9146933333333334 0.43442333333333333 0.03238333333333333 0.04859666666666666
53 0.04869 0.49190666666666666 0.033543333333333335 0.04921333333333333
53 0.13133333333333333 0.4946933333333333 0.033543333333333335 0.04921333333333333
46 0.17590333333333336 0.4951566666666667 0.033543333333333335 0.04921333333333333
55 0.2627233333333333 0.4970133333333333 0.033543333333333335 0.04921333333333333
56 0.3500066666666667 0.49655000000000005 0.033543333333333335 0.04921333333333333
57 0.4363633333333333 0.49748000000000003 0.033543333333333335 0.04921333333333333
58 0.52504 0.4979433333333333 0.033543333333333335 0.04921333333333333
59 0.6104666666666667 0.50166 0.033543333333333335 0.04921333333333333
62 0.8727866666666667 0.5058433333333333 0.033543333333333335 0.04921333333333333
60 0.6977533333333334 0.5011966666666666 0.033543333333333335 0.04921333333333333
61 0.7855033333333334 0.5030566666666667 0.033543333333333335 0.04921333333333333
63 0.9582133333333333 0.5049133333333333 0.033543333333333335 0.04921333333333333
53 0.08575999999999999 0.63101 0.033543333333333335 0.04921333333333333
61 0.12839333333333333 0.6316266666666667 0.033543333333333335 0.04921333333333333
52 0.1710266666666667 0.6316266666666667 0.033543333333333335 0.04921333333333333
38 0.21613 0.6316266666666667 0.033543333333333335 0.04921333333333333
43 0.25938 0.6322433333333334 0.033543333333333335 0.04921333333333333
58 0.3051 0.63348 0.033543333333333335 0.04921333333333333
59 0.34958666666666666 0.6322433333333334 0.033543333333333335 0.04921333333333333
54 0.04251 0.77073 0.033543333333333335 0.04921333333333333
54 0.03818666666666667 0.9067399999999999 0.033543333333333335 0.04921333333333333
54 0.16917 0.91045 0.033543333333333335 0.04921333333333333
54 0.2983 0.9153966666666666 0.033543333333333335 0.04921333333333333
54 0.17102333333333336 0.7725866666666668 0.033543333333333335 0.04921333333333333
54 0.25814 0.7762966666666666 0.033543333333333335 0.04921333333333333
54 0.39159666666666665 0.7800066666666666 0.033543333333333335 0.04921333333333333
54 0.04251 0.77073 0.033543333333333335 0.04921333333333333
1 0.08637666666666667 0.7701133333333334 0.033543333333333335 0.04921333333333333
3 0.08143333333333334 0.9092166666666667 0.033543333333333335 0.04921333333333333
4 0.21427 0.9129266666666668 0.033543333333333335 0.04921333333333333
2 0.21550666666666665 0.7732066666666666 0.033543333333333335 0.04921333333333333
3 0.3044766666666667 0.7769166666666667 0.033543333333333335 0.04921333333333333
2 0.34340000000000004 0.9166366666666667 0.033543333333333335 0.04921333333333333
54 0.5188733333333333 0.78186 0.033543333333333335 0.04921333333333333
54 0.43299333333333334 0.9160166666666667 0.033543333333333335 0.04921333333333333
54 0.65233 0.7812433333333333 0.033543333333333335 0.04921333333333333
54 0.6961966666666667 0.92282 0.033543333333333335 0.04921333333333333
4 0.43299333333333334 0.7762966666666666 0.033543333333333335 0.04921333333333333
5 0.5627433333333334 0.7806233333333333 0.033543333333333335 0.04921333333333333
5 0.4737733333333333 0.9184899999999999 0.033543333333333335 0.04921333333333333
54 0.5608866666666666 0.9209633333333332 0.033543333333333335 0.04921333333333333
6 0.60599 0.9203466666666666 0.033543333333333335 0.04921333333333333
6 0.6961966666666667 0.7800066666666666 0.033543333333333335 0.04921333333333333
54 0.7845500000000001 0.7843333333333333 0.033543333333333335 0.04921333333333333
54 0.8259466666666667 0.9271433333333333 0.033543333333333335 0.04921333333333333
54 0.9130633333333333 0.7849499999999999 0.033543333333333335 0.04921333333333333
54 0.9581666666666667 0.92096 0.033543333333333335 0.04921333333333333
8 0.8691966666666667 0.9203433333333334 0.033543333333333335 0.04921333333333333
7 0.7375933333333334 0.9228166666666666 0.033543333333333335 0.04921333333333333
7 0.8265666666666666 0.7830933333333334 0.033543333333333335 0.04921333333333333
8 0.95755 0.7830966666666667 0.033543333333333335 0.04921333333333333
58 0.9551533333333333 0.22880333333333333 0.02858666666666667 0.045803333333333335