38 0.07694333333333334 0.05222333333333333 0.05055666666666666 0.06888999999999999
39 0.185 0.04972333333333333 0.042223333333333335 0.07055666666666666
41 0.2952766666666667 0.04861000000000001 0.041666666666666664 0.06722333333333333
43 0.405 0.046110000000000005 0.04 0.06888999999999999
45 0.5172233333333334 0.044443333333333335 0.04111 0.06555666666666667
46 0.6269433333333333 0.045 0.03833333333333333 0.06444333333333334
47 0.73861 0.04389 0.03722333333333333 0.06333333333333334
48 0.8491666666666666 0.04389 0.03944333333333333 0.06444333333333334
49 0.96 0.0475 0.04 0.07055666666666666
53 0.08944333333333333 0.145 0.042223333333333335 0.06555666666666667
46 0.14361 0.14416666666666667 0.03944333333333333 0.06611
55 0.25139 0.14305666666666667 0.04389 0.06944333333333334
56 0.355 0.13972333333333334 0.042223333333333335 0.06833333333333333
57 0.46360999999999997 0.14139000000000002 0.040556666666666664 0.06944333333333334
58 0.5680566666666667 0.14083333333333334 0.03833333333333333 0.06389
59 0.6758333333333333 0.14194333333333334 0.03833333333333333 0.06277666666666668
60 0.78139 0.14110999999999999 0.03944333333333333 0.06666666666666667
61 0.8891666666666667 0.14083333333333334 0.03833333333333333 0.06389
53 0.06888999999999999 0.3097233333333333 0.03777666666666667 0.059443333333333334
61 0.11972333333333333 0.30805666666666665 0.04277666666666667 0.06055666666666666
52 0.16639 0.3075 0.03389 0.06166666666666667
38 0.21833333333333332 0.3075 0.03889 0.059443333333333334
43 0.2672233333333333 0.3075 0.03889 0.05722333333333333
58 0.31666666666666665 0.30833333333333335 0.03666666666666667 0.05889
59 0.36777666666666664 0.30833333333333335 0.03555666666666667 0.05889
54 0.05583333333333333 0.45610999999999996 0.030556666666666666 0.05
54 0.19138999999999998 0.45527666666666666 0.028333333333333332 0.055
54 0.2841666666666667 0.4583333333333333 0.03166666666666667 0.05333333333333334
54 0.4216666666666667 0.46166666666666667 0.03444333333333333 0.05333333333333334
54 0.56111 0.465 0.03333333333333333 0.05333333333333334
54 0.7044433333333333 0.4658333333333333 0.03222333333333333 0.051666666666666666
54 0.8502766666666667 0.4683333333333333 0.03277666666666667 0.05111
54 0.07527666666666667 0.5883333333333334 0.028333333333333332 0.04777666666666667
54 0.20444333333333334 0.5925 0.03222333333333333 0.04944333333333334
54 0.3369433333333334 0.5955566666666667 0.029443333333333332 0.048889999999999996
54 0.4680566666666667 0.5991666666666666 0.029443333333333332 0.051666666666666666
54 0.60361 0.605 0.028333333333333332 0.04666666666666667
54 0.745 0.6083333333333333 0.03111 0.05
54 0.8872233333333334 0.6127766666666666 0.03444333333333333 0.048889999999999996
1 0.09416666666666666 0.45555666666666667 0.029443333333333332 0.05
2 0.2372233333333333 0.4558333333333333 0.03333333333333333 0.055
3 0.3297233333333333 0.45722333333333337 0.03166666666666667 0.05222333333333333
4 0.46610999999999997 0.46027666666666667 0.03333333333333333 0.05277666666666667
5 0.6077766666666666 0.4658333333333333 0.03 0.055
6 0.7527766666666666 0.4658333333333333 0.03444333333333333 0.051666666666666666
7 0.9019433333333333 0.46860999999999997 0.029443333333333332 0.05388999999999999
3 0.11583333333333333 0.5877766666666666 0.030556666666666666 0.04666666666666667
4 0.2475 0.59139 0.03166666666666667 0.05055666666666666
2 0.37833333333333335 0.5958333333333333 0.03 0.04722333333333333
5 0.5122233333333334 0.5980566666666667 0.03333333333333333 0.04944333333333334
6 0.6505566666666667 0.6052766666666667 0.03111 0.05277666666666667
7 0.79 0.6080566666666667 0.03444333333333333 0.04722333333333333
8 0.9333333333333333 0.61361 0.03333333333333333 0.05277666666666667
46 0.035833333333333335 0.8595833333333334 0.028333333333333332 0.050833333333333335
37 0.07666666666666666 0.8604166666666667 0.028333333333333332 0.050833333333333335
53 0.11833333333333333 0.8629166666666667 0.028333333333333332 0.050833333333333335
41 0.16083333333333333 0.86375 0.028333333333333332 0.050833333333333335
37 0.2025 0.86625 0.028333333333333332 0.050833333333333335
53 0.24791666666666667 0.86625 0.029166666666666667 0.0475
46 0.29041666666666666 0.8679166666666667 0.029166666666666667 0.0475
61 0.3770833333333333 0.8704166666666666 0.029166666666666667 0.0475
52 0.42125 0.8704166666666666 0.029166666666666667 0.0475
37 0.46375 0.8704166666666666 0.029166666666666667 0.0475
46 0.5095833333333334 0.87375 0.029166666666666667 0.0475
37 0.55125 0.8745833333333334 0.029166666666666667 0.0475
59 0.64125 0.8795833333333334 0.029166666666666667 0.0475
37 0.6854166666666667 0.87875 0.029166666666666667 0.0475
48 0.7745833333333333 0.8845833333333334 0.029166666666666667 0.0475
48 0.7745833333333333 0.8845833333333334 0.029166666666666667 0.0475
53 0.8195833333333333 0.8845833333333334 0.029166666666666667 0.0475
65 0.8645833333333334 0.88625 0.029166666666666667 0.0475
55 0.9104166666666667 0.88875 0.029166666666666667 0.0475
52 0.034583333333333334 0.9270833333333334 0.029166666666666667 0.0475
61 0.07708333333333334 0.92875 0.029166666666666667 0.0475
59 0.11875 0.92875 0.029166666666666667 0.0475
60 0.16139 0.9327766666666666 0.03277666666666667 0.05
37 0.20305666666666666 0.9327766666666666 0.03277666666666667 0.05
50 0.28972333333333333 0.93611 0.03277666666666667 0.05
37 0.3347233333333333 0.93611 0.03277666666666667 0.05
65 0.37694666666666665 0.9394433333333333 0.03277666666666667 0.05
55 0.41917 0.9405533333333332 0.03277666666666667 0.05