41 0.10666666666666667 0.3225 0.07666666666666666 0.12166666666666667
54 0.31916666666666665 0.3233333333333333 0.07166666666666667 0.12
54 0.6191666666666666 0.3233333333333333 0.07166666666666667 0.12
54 0.9075 0.32416666666666666 0.07166666666666667 0.10833333333333334
54 0.7058333333333333 0.6225 0.06833333333333333 0.09833333333333333
54 0.42583333333333334 0.6241666666666666 0.06833333333333333 0.09833333333333333
54 0.13583333333333333 0.6308333333333334 0.06833333333333333 0.10166666666666667
43 0.4191666666666667 0.325 0.07166666666666667 0.12
45 0.7175 0.3233333333333333 0.07166666666666667 0.12
43 0.23083333333333333 0.6316666666666667 0.07166666666666667 0.10666666666666667
45 0.5241666666666667 0.6241666666666666 0.07166666666666667 0.105
8 0.8008333333333333 0.6225 0.07166666666666667 0.105
54 0.9691666666666666 0.615 0.06166666666666667 0.09666666666666666