54 0.0751953125 0.138671875 0.041015625 0.06884765625
54 0.25048828125 0.134765625 0.041015625 0.05859375
54 0.431640625 0.12939453125 0.041015625 0.05859375
54 0.607421875 0.1240234375 0.041015625 0.05859375
54 0.787109375 0.1171875 0.041015625 0.06103515625
5 0.13037109375 0.13818359375 0.041015625 0.0673828125
6 0.3095703125 0.13037109375 0.041015625 0.05859375
7 0.48828125 0.125 0.041015625 0.05859375
8 0.6669921875 0.11962890625 0.041015625 0.05859375
9 0.84375 0.11279296875 0.041015625 0.05859375
52 0.02099609375 0.51953125 0.03759765625 0.06298828125
37 0.0791015625 0.5185546875 0.03759765625 0.06298828125
46 0.14208984375 0.51513671875 0.03759765625 0.06298828125
37 0.2001953125 0.513671875 0.03759765625 0.06298828125
59 0.31982421875 0.5107421875 0.03759765625 0.06298828125
37 0.37646484375 0.50927734375 0.03759765625 0.06298828125
48 0.4990234375 0.50390625 0.03759765625 0.06298828125
53 0.5576171875 0.5048828125 0.03759765625 0.06298828125
65 0.61865234375 0.50146484375 0.03759765625 0.06298828125
55 0.6787109375 0.50390625 0.03759765625 0.06298828125
55 0.02099609375 0.61962890625 0.03759765625 0.06298828125