53 0.399658203125 0.038818359375 0.03759765625 0.05712890625
61 0.459228515625 0.042236328125 0.03955078125 0.0625
52 0.516357421875 0.044677734375 0.0400390625 0.06201171875
38 0.575927734375 0.045654296875 0.037109375 0.0595703125
43 0.63427734375 0.048583984375 0.0361328125 0.0615234375
58 0.693359375 0.0517578125 0.0361328125 0.05810546875
59 0.75048828125 0.05517578125 0.03466796875 0.0546875
54 0.154296875 0.219482421875 0.03955078125 0.0576171875
54 0.335693359375 0.22607421875 0.037109375 0.05908203125
54 0.512451171875 0.232177734375 0.03515625 0.06201171875
54 0.631591796875 0.237060546875 0.03466796875 0.0615234375
54 0.80322265625 0.244140625 0.0400390625 0.060546875
54 0.9755859375 0.25146484375 0.03515625 0.06005859375
54 0.148193359375 0.406005859375 0.03857421875 0.060546875
54 0.326171875 0.41259765625 0.0400390625 0.06005859375
54 0.50634765625 0.41748046875 0.0400390625 0.0576171875
54 0.6865234375 0.421630859375 0.03515625 0.05810546875
54 0.861083984375 0.42822265625 0.03857421875 0.06005859375
54 0.145751953125 0.504638671875 0.03759765625 0.05908203125
0 0.21630859375 0.22021484375 0.03955078125 0.0556640625
1 0.39208984375 0.2255859375 0.0361328125 0.05908203125
2 0.572509765625 0.232666015625 0.037109375 0.06005859375
3 0.688720703125 0.238037109375 0.03955078125 0.0595703125
4 0.8603515625 0.24609375 0.037109375 0.05908203125
1 0.204833984375 0.405029296875 0.0361328125 0.05810546875
39 0.388671875 0.41259765625 0.0400390625 0.0595703125
3 0.388671875 0.41259765625 0.0400390625 0.0595703125
4 0.56787109375 0.417236328125 0.03662109375 0.0546875
2 0.744140625 0.422607421875 0.0361328125 0.05810546875
5 0.916748046875 0.42822265625 0.0400390625 0.0576171875
0 0.20703125 0.504150390625 0.037109375 0.0615234375
52 0.134033203125 0.7890625 0.03955078125 0.06201171875
37 0.193603515625 0.78955078125 0.03662109375 0.0576171875
46 0.254150390625 0.792724609375 0.03857421875 0.06201171875
37 0.314697265625 0.793212890625 0.0390625 0.0615234375
53 0.373779296875 0.796630859375 0.037109375 0.0595703125
41 0.433349609375 0.797607421875 0.041015625 0.06005859375
37 0.496826171875 0.798828125 0.041015625 0.060546875
53 0.5556640625 0.80224609375 0.0390625 0.06640625
46 0.61572265625 0.802734375 0.03662109375 0.06298828125
61 0.734375 0.806884765625 0.0390625 0.06396484375
52 0.794921875 0.807373046875 0.041015625 0.0625
37 0.85205078125 0.807373046875 0.041015625 0.06298828125
46 0.91162109375 0.810546875 0.03857421875 0.064453125
37 0.97021484375 0.80810546875 0.0341796875 0.0576171875
50 0.13037109375 0.88525390625 0.0390625 0.0595703125
61 0.19482421875 0.88818359375 0.041015625 0.06298828125
52 0.251953125 0.891845703125 0.03955078125 0.06396484375
61 0.31298828125 0.893310546875 0.0390625 0.0654296875
59 0.37451171875 0.893798828125 0.04150390625 0.06201171875
60 0.43408203125 0.8974609375 0.041015625 0.06494140625
37 0.49609375 0.8984375 0.03857421875 0.060546875
50 0.613525390625 0.9013671875 0.03759765625 0.0625
37 0.674560546875 0.901611328125 0.03857421875 0.064453125
65 0.735107421875 0.905029296875 0.0390625 0.064453125
55 0.790283203125 0.905517578125 0.03955078125 0.06640625
53 0.222900390625 0.0341796875 0.03857421875 0.0537109375