54 0.2572233333333333 0.055 0.043333333333333335 0.07666666666666666
54 0.45389 0.06 0.04111 0.06888999999999999
54 0.655 0.07222333333333333 0.04777666666666667 0.07333333333333333
54 0.7883333333333333 0.07777666666666667 0.04777666666666667 0.07111
54 0.24833333333333332 0.26055666666666666 0.04555666666666666 0.06777666666666667
54 0.43889 0.275 0.04666666666666667 0.07
54 0.6355566666666667 0.28833333333333333 0.04666666666666667 0.07889
54 0.8444433333333333 0.30111 0.042223333333333335 0.06666666666666667
54 0.24611000000000002 0.3694433333333333 0.043333333333333335 0.06777666666666667
0 0.32111 0.055556666666666664 0.048889999999999996 0.08
1 0.5188900000000001 0.061110000000000005 0.044443333333333335 0.07111
2 0.7205566666666667 0.07111 0.04555666666666666 0.07333333333333333
3 0.8616666666666667 0.07944333333333334 0.05222333333333333 0.07889
1 0.3077766666666667 0.25944333333333336 0.044443333333333335 0.07
3 0.50611 0.2744433333333334 0.043333333333333335 0.06888999999999999
4 0.71 0.29222333333333333 0.04 0.07333333333333333
2 0.91111 0.30055666666666664 0.042223333333333335 0.07222333333333333
0 0.30833333333333335 0.37777666666666665 0.04111 0.07111
52 0.22333333333333333 0.675 0.042223333333333335 0.07
37 0.28722333333333333 0.6766666666666666 0.04111 0.06888999999999999
46 0.35 0.68389 0.044443333333333335 0.06777666666666667
37 0.4127766666666666 0.68889 0.04111 0.07333333333333333
53 0.4766666666666667 0.69389 0.044443333333333335 0.07444333333333333
41 0.5394433333333333 0.69889 0.043333333333333335 0.07555666666666666
37 0.6072233333333333 0.7 0.043333333333333335 0.07333333333333333
53 0.6705566666666667 0.70611 0.04111 0.07222333333333333
46 0.7344433333333333 0.71111 0.042223333333333335 0.07333333333333333
50 0.21888999999999997 0.7744433333333333 0.04666666666666667 0.06888999999999999
61 0.2827766666666667 0.78 0.043333333333333335 0.06888999999999999
52 0.3416666666666667 0.7844433333333333 0.04555666666666666 0.06888999999999999
61 0.4066666666666667 0.79111 0.044443333333333335 0.06888999999999999
59 0.4694433333333333 0.7972233333333334 0.04555666666666666 0.06777666666666667
60 0.53389 0.80111 0.04777666666666667 0.06888999999999999
37 0.5983333333333334 0.80111 0.03889 0.06444333333333334
50 0.7272233333333333 0.8144433333333333 0.05 0.06666666666666667
37 0.79 0.8216666666666667 0.05111 0.07444333333333333
65 0.8522233333333333 0.8227766666666666 0.04666666666666667 0.07
55 0.91611 0.8255566666666667 0.04111 0.06888999999999999
61 0.8625 0.7225 0.045 0.07833333333333334
52 0.9266666666666666 0.7241666666666666 0.05333333333333334 0.06833333333333333