54 0.25244140625 0.216796875 0.05126953125 0.07861328125
54 0.4150390625 0.2177734375 0.04931640625 0.08203125
54 0.658203125 0.21337890625 0.04833984375 0.08056640625
54 0.90087890625 0.21337890625 0.0478515625 0.0791015625
54 0.2431640625 0.4697265625 0.05517578125 0.08642578125
54 0.498046875 0.46728515625 0.0498046875 0.08837890625
54 0.74755859375 0.4658203125 0.0537109375 0.08642578125
2 0.33251953125 0.21435546875 0.0458984375 0.08056640625
3 0.49365234375 0.21484375 0.05126953125 0.07861328125
4 0.73583984375 0.20947265625 0.0537109375 0.07861328125
5 0.974609375 0.2109375 0.04833984375 0.07861328125
4 0.330078125 0.466796875 0.05322265625 0.08447265625
2 0.5791015625 0.46728515625 0.0537109375 0.09033203125
5 0.83349609375 0.4638671875 0.0556640625 0.0859375