40 0.16583333333333333 0.059583333333333335 0.035 0.060833333333333336
24 0.22083333333333333 0.06125 0.035 0.060833333333333336
48 0.27666666666666667 0.06041666666666667 0.035 0.060833333333333336
53 0.3883333333333333 0.06125 0.035 0.060833333333333336
61 0.4425 0.06125 0.035 0.060833333333333336
52 0.49916666666666665 0.06208333333333333 0.035 0.060833333333333336
38 0.5533333333333333 0.06291666666666666 0.035 0.060833333333333336
43 0.6141666666666666 0.06375 0.035 0.060833333333333336
58 0.6691666666666667 0.06541666666666666 0.035 0.060833333333333336
59 0.7258333333333333 0.06541666666666666 0.035 0.060833333333333336
54 0.16166666666666665 0.24041666666666667 0.035 0.060833333333333336
54 0.16083333333333333 0.41541666666666666 0.035 0.060833333333333336
54 0.15833333333333333 0.5045833333333334 0.035 0.060833333333333336
54 0.33166666666666667 0.24125 0.035 0.060833333333333336
54 0.32416666666666666 0.4170833333333333 0.035 0.060833333333333336
54 0.4975 0.24958333333333332 0.035 0.060833333333333336
54 0.49416666666666664 0.42375 0.035 0.060833333333333336
54 0.6116666666666667 0.24958333333333332 0.035 0.060833333333333336
54 0.6633333333333333 0.42375 0.035 0.060833333333333336
54 0.7766666666666666 0.2520833333333333 0.035 0.060833333333333336
54 0.8341666666666666 0.42791666666666667 0.035 0.060833333333333336
54 0.9475 0.25375 0.035 0.060833333333333336
0 0.21833333333333332 0.23958333333333334 0.035 0.060833333333333336
1 0.38416666666666666 0.24208333333333334 0.035 0.060833333333333336
2 0.5533333333333333 0.24708333333333332 0.035 0.060833333333333336
3 0.665 0.24625 0.035 0.060833333333333336
4 0.8341666666666666 0.24958333333333332 0.035 0.060833333333333336
1 0.2125 0.41458333333333336 0.035 0.060833333333333336
3 0.38166666666666665 0.4195833333333333 0.035 0.060833333333333336
4 0.5533333333333333 0.42291666666666666 0.035 0.060833333333333336
2 0.7158333333333333 0.42291666666666666 0.035 0.060833333333333336
5 0.8916666666666667 0.4320833333333333 0.035 0.060833333333333336
0 0.2125 0.50625 0.035 0.060833333333333336
52 0.14625 0.7729166666666667 0.04083333333333333 0.060833333333333336
37 0.20375 0.7745833333333333 0.04083333333333333 0.060833333333333336
46 0.25875 0.7729166666666667 0.04083333333333333 0.060833333333333336
37 0.3154166666666667 0.7745833333333333 0.04083333333333333 0.060833333333333336
53 0.3720833333333333 0.77625 0.04083333333333333 0.060833333333333336
41 0.42625 0.77625 0.04083333333333333 0.060833333333333336
37 0.48791666666666667 0.77625 0.04083333333333333 0.060833333333333336
53 0.5420833333333334 0.7795833333333333 0.04083333333333333 0.060833333333333336
46 0.59875 0.7795833333333333 0.04083333333333333 0.060833333333333336
61 0.71375 0.7845833333333333 0.04083333333333333 0.060833333333333336
52 0.76875 0.78375 0.04083333333333333 0.060833333333333336
37 0.8229166666666666 0.7845833333333333 0.04083333333333333 0.060833333333333336
46 0.8854166666666666 0.7870833333333334 0.04083333333333333 0.060833333333333336
37 0.9454166666666667 0.78625 0.04083333333333333 0.060833333333333336
50 0.14291666666666666 0.8645833333333334 0.04083333333333333 0.060833333333333336
61 0.20041666666666666 0.8654166666666666 0.04083333333333333 0.060833333333333336
52 0.25708333333333333 0.8679166666666667 0.04083333333333333 0.060833333333333336
61 0.3120833333333333 0.86875 0.04083333333333333 0.060833333333333336
59 0.36875 0.8695833333333334 0.04083333333333333 0.060833333333333336
60 0.4270833333333333 0.87125 0.04083333333333333 0.060833333333333336
37 0.4845833333333333 0.87125 0.04083333333333333 0.060833333333333336
50 0.5970833333333333 0.87625 0.04083333333333333 0.060833333333333336
37 0.6545833333333333 0.8745833333333334 0.04083333333333333 0.060833333333333336
65 0.71125 0.8754166666666666 0.04083333333333333 0.060833333333333336
55 0.7704166666666666 0.8779166666666667 0.04083333333333333 0.060833333333333336