40 0.158203125 0.15869140625 0.03173828125 0.04833984375
22 0.205078125 0.15673828125 0.03173828125 0.0478515625
14 0.2529296875 0.15625 0.0302734375 0.04833984375
30 0.30078125 0.15869140625 0.03125 0.0498046875
30 0.35009765625 0.16064453125 0.02978515625 0.0478515625
14 0.39990234375 0.16162109375 0.029296875 0.04833984375
28 0.447265625 0.16455078125 0.029296875 0.0498046875
29 0.49609375 0.166015625 0.03125 0.04931640625
53 0.5927734375 0.1708984375 0.029296875 0.0478515625
55 0.64306640625 0.17236328125 0.0302734375 0.0498046875
59 0.7412109375 0.177734375 0.03173828125 0.0478515625
56 0.79052734375 0.177734375 0.033203125 0.0498046875
37 0.84130859375 0.1806640625 0.0322265625 0.0478515625
39 0.890625 0.1826171875 0.02783203125 0.044921875
43 0.93603515625 0.1865234375 0.0302734375 0.05126953125
37 0.150390625 0.3076171875 0.0283203125 0.04248046875
38 0.1982421875 0.310546875 0.02783203125 0.04736328125
39 0.24609375 0.31103515625 0.03173828125 0.044921875
41 0.29345703125 0.3154296875 0.029296875 0.04443359375
43 0.341796875 0.318359375 0.0302734375 0.04638671875
45 0.390625 0.32177734375 0.02978515625 0.04931640625
46 0.43896484375 0.32568359375 0.03173828125 0.05322265625
47 0.48779296875 0.326171875 0.0302734375 0.0517578125
48 0.5380859375 0.3291015625 0.0302734375 0.0517578125
49 0.58642578125 0.333984375 0.0322265625 0.05126953125
51 0.68359375 0.33349609375 0.0322265625 0.05029296875
52 0.73486328125 0.3359375 0.03125 0.04833984375
53 0.78466796875 0.3388671875 0.033203125 0.05029296875
42 0.8837890625 0.345703125 0.03369140625 0.05029296875
44 0.93310546875 0.34619140625 0.0302734375 0.0546875
62 0.1455078125 0.388671875 0.033203125 0.05224609375
63 0.1943359375 0.390625 0.033203125 0.04833984375
64 0.24267578125 0.39404296875 0.02978515625 0.04833984375
65 0.2900390625 0.39501953125 0.02978515625 0.0517578125
66 0.337890625 0.39892578125 0.0322265625 0.05224609375
54 0.63134765625 0.41259765625 0.0302734375 0.04833984375
54 0.7314453125 0.41796875 0.0302734375 0.04833984375
54 0.83154296875 0.419921875 0.0302734375 0.04833984375
40 0.43798828125 0.4052734375 0.0302734375 0.04833984375
40 0.48388671875 0.408203125 0.0302734375 0.04833984375
40 0.53466796875 0.41015625 0.0302734375 0.04833984375
40 0.14208984375 0.46435546875 0.0302734375 0.04833984375
33 0.19140625 0.46875 0.0302734375 0.05126953125
19 0.23876953125 0.47021484375 0.0302734375 0.0517578125
30 0.28662109375 0.47216796875 0.03125 0.04833984375
18 0.33447265625 0.47216796875 0.02978515625 0.0498046875
59 0.4326171875 0.47900390625 0.03466796875 0.04736328125
56 0.4814453125 0.47998046875 0.0283203125 0.0458984375
37 0.53076171875 0.4814453125 0.03125 0.0458984375
39 0.5791015625 0.48388671875 0.0283203125 0.044921875
43 0.626953125 0.4853515625 0.02734375 0.04833984375
37 0.28369140625 0.5458984375 0.0302734375 0.0439453125
38 0.380859375 0.55224609375 0.02734375 0.04296875
39 0.47607421875 0.556640625 0.02978515625 0.044921875
41 0.57373046875 0.56396484375 0.0283203125 0.04736328125
43 0.671875 0.56884765625 0.03125 0.05224609375
45 0.77197265625 0.57470703125 0.03173828125 0.05126953125
46 0.87255859375 0.580078125 0.0322265625 0.05224609375
47 0.97216796875 0.58447265625 0.029296875 0.05029296875
53 0.1357421875 0.6201171875 0.03369140625 0.0498046875
42 0.2333984375 0.6279296875 0.02978515625 0.044921875
44 0.2783203125 0.62646484375 0.03173828125 0.04931640625
53 0.37451171875 0.6328125 0.02783203125 0.0478515625
46 0.42431640625 0.63525390625 0.03125 0.0478515625
55 0.52099609375 0.64208984375 0.0283203125 0.04833984375
56 0.61865234375 0.6474609375 0.03173828125 0.05322265625
57 0.71728515625 0.65283203125 0.03173828125 0.05322265625
58 0.8173828125 0.65673828125 0.03173828125 0.05126953125
59 0.91650390625 0.6640625 0.03125 0.04931640625
65 0.13232421875 0.7001953125 0.03369140625 0.05029296875
66 0.22705078125 0.7041015625 0.03125 0.0517578125
53 0.3203125 0.78271484375 0.029296875 0.05029296875
61 0.36767578125 0.78515625 0.033203125 0.04736328125
52 0.4169921875 0.78759765625 0.029296875 0.0478515625
38 0.4658203125 0.7900390625 0.029296875 0.04638671875
43 0.5146484375 0.79248046875 0.03125 0.0498046875
58 0.5634765625 0.7978515625 0.0283203125 0.04833984375
59 0.61279296875 0.7998046875 0.029296875 0.04736328125
54 0.125 0.9248046875 0.0322265625 0.0478515625
54 0.26806640625 0.93212890625 0.0322265625 0.0478515625
54 0.41064453125 0.9443359375 0.0322265625 0.0478515625
54 0.50732421875 0.94873046875 0.0322265625 0.0478515625
54 0.65087890625 0.9580078125 0.0322265625 0.0478515625
54 0.7998046875 0.9658203125 0.0322265625 0.0478515625
54 0.9443359375 0.97314453125 0.0322265625 0.0478515625
0 0.17236328125 0.9267578125 0.03125 0.04443359375
1 0.31396484375 0.93310546875 0.02978515625 0.044921875
2 0.458984375 0.9443359375 0.029296875 0.04931640625
3 0.556640625 0.951171875 0.0283203125 0.04736328125
4 0.701171875 0.95947265625 0.03173828125 0.04931640625
5 0.845703125 0.9658203125 0.029296875 0.0478515625
50 0.63671875 0.33349609375 0.03125 0.05322265625