54 0.10888671875 0.14501953125 0.03515625 0.0498046875
54 0.25341796875 0.1455078125 0.03564453125 0.0537109375
54 0.40087890625 0.14892578125 0.03662109375 0.05322265625
54 0.5517578125 0.15185546875 0.0322265625 0.05224609375
54 0.70068359375 0.15380859375 0.0283203125 0.05224609375
54 0.84619140625 0.15673828125 0.02978515625 0.0556640625
54 0.10791015625 0.224609375 0.03466796875 0.05126953125
1 0.1552734375 0.1435546875 0.03076171875 0.0498046875
3 0.30322265625 0.14599609375 0.0322265625 0.0546875
4 0.451171875 0.14990234375 0.03271484375 0.05517578125
2 0.60107421875 0.15234375 0.03466796875 0.052734375
5 0.748046875 0.15283203125 0.0322265625 0.05126953125
6 0.8955078125 0.1552734375 0.03173828125 0.0537109375
0 0.15673828125 0.2236328125 0.0322265625 0.05224609375
52 0.10009765625 0.45556640625 0.033203125 0.05224609375
37 0.14697265625 0.455078125 0.03173828125 0.05224609375
46 0.1943359375 0.45654296875 0.03271484375 0.0517578125
37 0.24755859375 0.45654296875 0.03759765625 0.05322265625
53 0.29443359375 0.4580078125 0.03515625 0.0546875
41 0.34423828125 0.4609375 0.03466796875 0.052734375
37 0.3955078125 0.46240234375 0.03271484375 0.05322265625
53 0.44287109375 0.46240234375 0.033203125 0.05224609375
46 0.49365234375 0.4638671875 0.03125 0.052734375
61 0.5927734375 0.46875 0.0322265625 0.04638671875
52 0.64306640625 0.46923828125 0.03173828125 0.0517578125
37 0.69189453125 0.46875 0.03173828125 0.0517578125
46 0.7451171875 0.47021484375 0.03271484375 0.05322265625
37 0.796875 0.46728515625 0.03271484375 0.05224609375
59 0.89599609375 0.470703125 0.03466796875 0.05322265625
37 0.9482421875 0.47412109375 0.03173828125 0.052734375
50 0.09716796875 0.5380859375 0.03564453125 0.05224609375
61 0.1455078125 0.53662109375 0.033203125 0.0556640625
52 0.193359375 0.537109375 0.03515625 0.05810546875
61 0.2431640625 0.537109375 0.03466796875 0.05615234375
59 0.29345703125 0.5400390625 0.033203125 0.0546875
60 0.34521484375 0.5419921875 0.03564453125 0.05810546875
37 0.396484375 0.54736328125 0.03125 0.05322265625
50 0.494140625 0.5439453125 0.0390625 0.05517578125
37 0.5439453125 0.54345703125 0.0341796875 0.0556640625
65 0.59130859375 0.5458984375 0.03564453125 0.0556640625
55 0.64111328125 0.54736328125 0.03515625 0.056640625