40 0.110595703125 0.186767578125 0.02001953125 0.0322265625
22 0.135498046875 0.184814453125 0.02001953125 0.0322265625
43 0.159423828125 0.18408203125 0.02001953125 0.0322265625
60 0.184326171875 0.181640625 0.02001953125 0.0322265625
60 0.208251953125 0.18017578125 0.02001953125 0.0322265625
43 0.234130859375 0.179443359375 0.02001953125 0.0322265625
58 0.260498046875 0.177978515625 0.02001953125 0.0322265625
59 0.284912109375 0.17626953125 0.02001953125 0.0322265625
53 0.3369140625 0.174072265625 0.02001953125 0.0322265625
55 0.36474609375 0.17333984375 0.02001953125 0.0322265625
59 0.419921875 0.1708984375 0.02001953125 0.0322265625
56 0.447265625 0.169189453125 0.02001953125 0.0322265625
37 0.474609375 0.168212890625 0.02001953125 0.0322265625
39 0.50390625 0.1669921875 0.02001953125 0.0322265625
43 0.53271484375 0.16552734375 0.02001953125 0.0322265625
52 0.421142578125 0.264404296875 0.01953125 0.03125
37 0.111083984375 0.272216796875 0.01953125 0.03125
38 0.135498046875 0.271728515625 0.01953125 0.03125
39 0.159423828125 0.27099609375 0.01953125 0.03125
41 0.185302734375 0.2705078125 0.01953125 0.03125
43 0.209716796875 0.2705078125 0.01953125 0.03125
45 0.233642578125 0.268310546875 0.01953125 0.03125
46 0.259521484375 0.267333984375 0.01953125 0.03125
47 0.285400390625 0.26708984375 0.01953125 0.03125
48 0.313232421875 0.26611328125 0.01953125 0.03125
49 0.338623046875 0.264892578125 0.01953125 0.03125
50 0.366455078125 0.26513671875 0.01953125 0.03125
51 0.392822265625 0.263916015625 0.01953125 0.03125
53 0.447509765625 0.263427734375 0.01953125 0.03125
42 0.505615234375 0.262451171875 0.01953125 0.03125
44 0.532958984375 0.2626953125 0.01953125 0.03125
53 0.590087890625 0.261474609375 0.01953125 0.03125
46 0.618408203125 0.2607421875 0.01953125 0.03125
55 0.676025390625 0.260009765625 0.021484375 0.0322265625
56 0.704833984375 0.259765625 0.021484375 0.0322265625
57 0.733642578125 0.26025390625 0.021484375 0.0322265625
58 0.763916015625 0.260009765625 0.021484375 0.0322265625
59 0.791259765625 0.259765625 0.021484375 0.0322265625
60 0.820556640625 0.258544921875 0.021484375 0.0322265625
61 0.848876953125 0.259033203125 0.021484375 0.0322265625
62 0.111328125 0.314697265625 0.01953125 0.03125
63 0.13427734375 0.314208984375 0.01953125 0.03125
65 0.18408203125 0.31298828125 0.01953125 0.03125
64 0.15966796875 0.314453125 0.01953125 0.03125
66 0.2099609375 0.31298828125 0.01953125 0.03125
40 0.26171875 0.313232421875 0.01953125 0.03125
40 0.2880859375 0.31298828125 0.01953125 0.03125
40 0.31494140625 0.313720703125 0.01953125 0.03125
54 0.3671875 0.31201171875 0.01953125 0.03125
54 0.421875 0.311279296875 0.01953125 0.03125
54 0.47607421875 0.311767578125 0.01953125 0.03125
40 0.11181640625 0.357666015625 0.01953125 0.03125
33 0.135009765625 0.356689453125 0.01953125 0.03125
48 0.160888671875 0.35595703125 0.01953125 0.03125
60 0.183837890625 0.356201171875 0.01953125 0.03125
47 0.210205078125 0.35546875 0.01953125 0.03125
59 0.262451171875 0.355712890625 0.01953125 0.03125
56 0.287841796875 0.3544921875 0.01953125 0.03125
37 0.314697265625 0.3544921875 0.01953125 0.03125
39 0.341064453125 0.353759765625 0.01953125 0.03125
43 0.368408203125 0.353515625 0.01953125 0.03125
37 0.11181640625 0.399169921875 0.01953125 0.03125
38 0.136962890625 0.399169921875 0.01953125 0.03125
37 0.185546875 0.3984375 0.01953125 0.03125
38 0.236083984375 0.399169921875 0.01953125 0.03125
39 0.2900390625 0.3984375 0.01953125 0.03125
41 0.34326171875 0.397705078125 0.01953125 0.03125
43 0.396240234375 0.39892578125 0.01953125 0.03125
45 0.449462890625 0.399169921875 0.01953125 0.03125
46 0.504638671875 0.400390625 0.01953125 0.03125
47 0.560791015625 0.399658203125 0.01953125 0.03125
48 0.615966796875 0.398681640625 0.01953125 0.03125
49 0.673583984375 0.3994140625 0.01953125 0.03125
50 0.727783203125 0.398681640625 0.01953125 0.03125
51 0.786865234375 0.39892578125 0.01953125 0.03125
52 0.844970703125 0.398193359375 0.01953125 0.03125
53 0.111328125 0.442626953125 0.01953125 0.03125
42 0.16259765625 0.44287109375 0.01953125 0.03125
44 0.18701171875 0.44384765625 0.01953125 0.03125
53 0.23828125 0.443603515625 0.01953125 0.03125
46 0.26513671875 0.443115234375 0.01953125 0.03125
55 0.3173828125 0.444091796875 0.01953125 0.03125
56 0.37158203125 0.44287109375 0.01953125 0.03125
57 0.4248046875 0.444091796875 0.01953125 0.03125
58 0.4775390625 0.445068359375 0.01953125 0.03125
59 0.53125 0.445556640625 0.01953125 0.03125
60 0.5888671875 0.4453125 0.01953125 0.03125
61 0.6435546875 0.444091796875 0.01953125 0.03125
62 0.69970703125 0.446044921875 0.01953125 0.03125
63 0.75830078125 0.4443359375 0.01953125 0.03125
65 0.114013671875 0.485107421875 0.01953125 0.03125
66 0.163818359375 0.48583984375 0.01953125 0.03125
40 0.1162109375 0.525390625 0.01953125 0.03125
24 0.14013671875 0.525146484375 0.01953125 0.03125
48 0.16455078125 0.52587890625 0.01953125 0.03125
53 0.21630859375 0.526611328125 0.01953125 0.03125
61 0.24267578125 0.5263671875 0.01953125 0.03125
52 0.267578125 0.526611328125 0.01953125 0.03125
38 0.29345703125 0.52734375 0.01953125 0.03125
43 0.3193359375 0.528564453125 0.01953125 0.03125
58 0.34716796875 0.527587890625 0.01953125 0.03125
59 0.37353515625 0.52734375 0.01953125 0.03125
54 0.121826171875 0.60888671875 0.01953125 0.02880859375
54 0.127197265625 0.6865234375 0.01953125 0.02880859375
54 0.1298828125 0.7275390625 0.01953125 0.02880859375
54 0.1982421875 0.609619140625 0.01953125 0.02880859375
54 0.199951171875 0.689208984375 0.01953125 0.02880859375
54 0.27392578125 0.609619140625 0.01953125 0.02880859375
54 0.275634765625 0.690185546875 0.01953125 0.02880859375
54 0.3251953125 0.611083984375 0.01953125 0.02880859375
54 0.352783203125 0.690673828125 0.01953125 0.02880859375
54 0.40283203125 0.613037109375 0.01953125 0.02880859375
54 0.43212890625 0.692138671875 0.01953125 0.02880859375
54 0.48095703125 0.6142578125 0.01953125 0.02880859375
54 0.5087890625 0.695068359375 0.01953125 0.02880859375
54 0.56103515625 0.614990234375 0.01953125 0.02880859375
54 0.58935546875 0.6982421875 0.01953125 0.02880859375
54 0.64404296875 0.617431640625 0.01953125 0.02880859375
54 0.66943359375 0.69921875 0.01953125 0.02880859375
54 0.72607421875 0.620361328125 0.01953125 0.02880859375
54 0.75244140625 0.70166015625 0.01953125 0.02880859375
54 0.81103515625 0.620849609375 0.01953125 0.02880859375
9 0.8388671875 0.6201171875 0.01953125 0.02880859375
7 0.67041015625 0.61767578125 0.01953125 0.02880859375
8 0.75439453125 0.61962890625 0.01953125 0.02880859375
6 0.58837890625 0.615234375 0.01953125 0.02880859375
5 0.50732421875 0.61279296875 0.01953125 0.02880859375
4 0.427734375 0.611572265625 0.01953125 0.02880859375
3 0.3515625 0.610107421875 0.01953125 0.02880859375
2 0.2978515625 0.60986328125 0.01953125 0.02880859375
1 0.22216796875 0.609130859375 0.01953125 0.02880859375
0 0.145751953125 0.60791015625 0.01953125 0.02880859375
1 0.151611328125 0.684814453125 0.01953125 0.02880859375
0 0.15283203125 0.726806640625 0.01953125 0.02880859375
3 0.224853515625 0.688720703125 0.01953125 0.02880859375
4 0.301513671875 0.689208984375 0.01953125 0.02880859375
2 0.379150390625 0.6904296875 0.01953125 0.02880859375
5 0.4560546875 0.69287109375 0.01953125 0.02880859375
6 0.5341796875 0.695068359375 0.01953125 0.02880859375
7 0.61474609375 0.697998046875 0.01953125 0.02880859375
8 0.69677734375 0.699462890625 0.01953125 0.02880859375
9 0.77978515625 0.701416015625 0.01953125 0.02880859375
52 0.129150390625 0.8486328125 0.01953125 0.02880859375
37 0.154541015625 0.848388671875 0.01953125 0.02880859375
46 0.178955078125 0.848388671875 0.01953125 0.02880859375
37 0.204345703125 0.84814453125 0.01953125 0.02880859375
53 0.230224609375 0.847412109375 0.01953125 0.02880859375
41 0.255126953125 0.84814453125 0.01953125 0.02880859375
37 0.281494140625 0.847412109375 0.01953125 0.02880859375
53 0.306396484375 0.847900390625 0.01953125 0.02880859375
46 0.332763671875 0.84765625 0.01953125 0.02880859375
61 0.383056640625 0.85009765625 0.01953125 0.02880859375
52 0.407470703125 0.851318359375 0.01953125 0.02880859375
37 0.432373046875 0.850830078125 0.01953125 0.02880859375
46 0.460205078125 0.8505859375 0.01953125 0.02880859375
37 0.485595703125 0.852783203125 0.01953125 0.02880859375
59 0.537353515625 0.853271484375 0.01953125 0.02880859375
37 0.563232421875 0.853271484375 0.01953125 0.02880859375
48 0.614990234375 0.856689453125 0.01953125 0.02880859375
53 0.641845703125 0.856201171875 0.01953125 0.02880859375
65 0.669189453125 0.85888671875 0.01953125 0.02880859375
55 0.694580078125 0.858642578125 0.01953125 0.02880859375
50 0.12841796875 0.8896484375 0.01953125 0.02880859375
61 0.1533203125 0.890380859375 0.01953125 0.02880859375
52 0.1796875 0.889404296875 0.01953125 0.02880859375
61 0.205078125 0.89013671875 0.01953125 0.02880859375
59 0.23095703125 0.889892578125 0.01953125 0.02880859375
60 0.2568359375 0.8896484375 0.01953125 0.02880859375
37 0.28173828125 0.888916015625 0.01953125 0.02880859375
50 0.33251953125 0.89013671875 0.01953125 0.02880859375
37 0.3583984375 0.890380859375 0.01953125 0.02880859375
65 0.38330078125 0.8916015625 0.01953125 0.02880859375
55 0.4091796875 0.891845703125 0.01953125 0.02880859375