60 0.341796875 0.203125 0.0322265625 0.04833984375
40 0.21435546875 0.19873046875 0.0322265625 0.04833984375
22 0.258056640625 0.19775390625 0.0322265625 0.04833984375
43 0.29931640625 0.2021484375 0.0322265625 0.04833984375
60 0.3857421875 0.205322265625 0.0322265625 0.04833984375
43 0.43017578125 0.204345703125 0.0322265625 0.04833984375
58 0.47265625 0.208251953125 0.0322265625 0.04833984375
59 0.5166015625 0.209716796875 0.0322265625 0.04833984375
53 0.60693359375 0.212646484375 0.0322265625 0.04833984375
55 0.654296875 0.212646484375 0.0322265625 0.04833984375
59 0.746337890625 0.219970703125 0.0361328125 0.05029296875
56 0.793212890625 0.22119140625 0.03369140625 0.052734375
37 0.840576171875 0.22314453125 0.0322265625 0.04833984375
39 0.887451171875 0.228515625 0.0322265625 0.0517578125
43 0.933837890625 0.231689453125 0.03466796875 0.05126953125
37 0.20458984375 0.3369140625 0.0322265625 0.04833984375
38 0.2451171875 0.337890625 0.0322265625 0.04833984375
39 0.290283203125 0.34326171875 0.0322265625 0.04833984375
41 0.333251953125 0.3447265625 0.0322265625 0.04833984375
43 0.376708984375 0.3466796875 0.0322265625 0.04833984375
45 0.420654296875 0.35107421875 0.0322265625 0.04833984375
46 0.464111328125 0.35302734375 0.0322265625 0.04833984375
47 0.509033203125 0.3544921875 0.0322265625 0.04833984375
48 0.55419921875 0.358154296875 0.0322265625 0.04833984375
49 0.598388671875 0.361083984375 0.0322265625 0.04833984375
50 0.645263671875 0.362548828125 0.0322265625 0.0537109375
51 0.691650390625 0.366455078125 0.0322265625 0.04833984375
52 0.737548828125 0.367919921875 0.0322265625 0.04833984375
53 0.781494140625 0.370361328125 0.0322265625 0.04833984375
42 0.878173828125 0.3740234375 0.0322265625 0.04833984375
44 0.92333984375 0.37939453125 0.0322265625 0.04833984375
62 0.19775390625 0.408447265625 0.0322265625 0.04833984375
63 0.24267578125 0.412841796875 0.0322265625 0.04833984375
64 0.28369140625 0.412841796875 0.0322265625 0.04833984375
65 0.32861328125 0.41650390625 0.0322265625 0.04833984375
66 0.37158203125 0.4189453125 0.0322265625 0.04833984375
40 0.460693359375 0.42626953125 0.0322265625 0.04833984375
40 0.503173828125 0.4306640625 0.0322265625 0.04833984375
40 0.548095703125 0.431640625 0.0322265625 0.04833984375
54 0.638916015625 0.439208984375 0.0322265625 0.04833984375
54 0.733154296875 0.442138671875 0.0322265625 0.04833984375
54 0.825927734375 0.452392578125 0.0322265625 0.04833984375
40 0.193603515625 0.477294921875 0.0322265625 0.04833984375
33 0.23681640625 0.478271484375 0.0322265625 0.04833984375
48 0.279296875 0.482177734375 0.0322265625 0.04833984375
60 0.325439453125 0.487060546875 0.0322265625 0.04833984375
47 0.367919921875 0.488037109375 0.0322265625 0.04833984375
59 0.4560546875 0.49609375 0.0322265625 0.04833984375
56 0.50146484375 0.4970703125 0.0322265625 0.04833984375
37 0.5458984375 0.4990234375 0.0322265625 0.04833984375
39 0.5908203125 0.50341796875 0.0322265625 0.04833984375
43 0.63671875 0.507080078125 0.0322265625 0.04833984375
37 0.189453125 0.54541015625 0.0322265625 0.04833984375
38 0.23095703125 0.54638671875 0.0322265625 0.04833984375
37 0.319091796875 0.554443359375 0.0322265625 0.04833984375
38 0.406982421875 0.564208984375 0.0322265625 0.04833984375
39 0.49658203125 0.56787109375 0.0322265625 0.04833984375
41 0.585205078125 0.57568359375 0.0322265625 0.04833984375
43 0.675048828125 0.58203125 0.0322265625 0.04833984375
45 0.76806640625 0.589111328125 0.0322265625 0.04833984375
46 0.861328125 0.59521484375 0.0322265625 0.04833984375
47 0.951416015625 0.601806640625 0.0322265625 0.04833984375
53 0.1826171875 0.617919921875 0.0322265625 0.04833984375
42 0.27197265625 0.625 0.0322265625 0.04833984375
44 0.3154296875 0.626953125 0.0322265625 0.04833984375
53 0.401611328125 0.63525390625 0.0322265625 0.04833984375
46 0.446044921875 0.638427734375 0.0322265625 0.04833984375
56 0.6240234375 0.6533203125 0.0322265625 0.04833984375
57 0.718505859375 0.65869140625 0.0322265625 0.04833984375
58 0.809326171875 0.665771484375 0.0322265625 0.04833984375
59 0.89990234375 0.670166015625 0.0322265625 0.04833984375
65 0.17919921875 0.687744140625 0.0322265625 0.04833984375
66 0.264404296875 0.694091796875 0.0322265625 0.04833984375
40 0.177734375 0.756103515625 0.0322265625 0.04833984375
24 0.219482421875 0.759033203125 0.0322265625 0.04833984375
48 0.263427734375 0.762451171875 0.0322265625 0.04833984375
53 0.351806640625 0.768310546875 0.0322265625 0.04833984375
59 0.616943359375 0.791259765625 0.0322265625 0.04833984375
58 0.571044921875 0.78515625 0.0322265625 0.04833984375
43 0.528564453125 0.78271484375 0.0322265625 0.04833984375
38 0.483642578125 0.78173828125 0.0322265625 0.04833984375
52 0.4375 0.774658203125 0.0322265625 0.04833984375
61 0.392822265625 0.771728515625 0.0322265625 0.04833984375
55 0.533935546875 0.643798828125 0.0322265625 0.04833984375
54 0.173095703125 0.894287109375 0.03369140625 0.04541015625
54 0.30224609375 0.902587890625 0.0302734375 0.0400390625
54 0.43115234375 0.914794921875 0.0302734375 0.0478515625
54 0.51953125 0.921630859375 0.03125 0.04345703125
54 0.649658203125 0.9326171875 0.03466796875 0.0478515625
54 0.781982421875 0.942626953125 0.03466796875 0.0458984375
54 0.912353515625 0.949951171875 0.03369140625 0.04541015625
0 0.215576171875 0.894287109375 0.03125 0.04296875
1 0.34375 0.904052734375 0.03125 0.04296875
2 0.4755859375 0.916748046875 0.03125 0.04296875
3 0.56396484375 0.922119140625 0.03125 0.04296875
4 0.695068359375 0.9375 0.03271484375 0.04833984375
5 0.827880859375 0.942138671875 0.03125 0.04345703125
6 0.958740234375 0.95166015625 0.03125 0.0478515625