45 0.0322265625 0.1044921875 0.029296875 0.04052734375
46 0.0732421875 0.10400390625 0.029296875 0.04052734375
47 0.1162109375 0.1015625 0.029296875 0.04052734375
48 0.15869140625 0.10302734375 0.029296875 0.04052734375
49 0.2041015625 0.10302734375 0.029296875 0.04052734375
50 0.2470703125 0.1044921875 0.029296875 0.04052734375
51 0.29296875 0.1044921875 0.029296875 0.04052734375
52 0.33544921875 0.10400390625 0.029296875 0.04052734375
53 0.380859375 0.10498046875 0.029296875 0.04052734375
42 0.46826171875 0.10498046875 0.029296875 0.04052734375
44 0.51513671875 0.10498046875 0.029296875 0.04052734375
53 0.60302734375 0.10791015625 0.02978515625 0.0439453125
46 0.6484375 0.10693359375 0.02978515625 0.044921875
55 0.73779296875 0.109375 0.02978515625 0.04638671875
56 0.783203125 0.107421875 0.0322265625 0.0478515625
57 0.828125 0.10986328125 0.0302734375 0.04833984375
58 0.8740234375 0.11083984375 0.03125 0.0478515625
59 0.91943359375 0.1103515625 0.02978515625 0.04443359375
60 0.9609375 0.1123046875 0.03173828125 0.05126953125
54 0.24560546875 0.17626953125 0.029296875 0.04296875
54 0.33251953125 0.17578125 0.029296875 0.04296875
54 0.4208984375 0.177734375 0.029296875 0.04296875
40 0.0693359375 0.17431640625 0.029296875 0.04296875
40 0.1142578125 0.17431640625 0.029296875 0.04296875
40 0.15625 0.17431640625 0.029296875 0.04296875
59 0.06787109375 0.2412109375 0.0283203125 0.0458984375
56 0.111328125 0.24169921875 0.02978515625 0.04443359375
37 0.15380859375 0.2412109375 0.02978515625 0.04443359375
39 0.19873046875 0.2412109375 0.0302734375 0.04296875
43 0.24267578125 0.2412109375 0.0302734375 0.04736328125
39 0.1064453125 0.3115234375 0.02978515625 0.04443359375
41 0.19580078125 0.3154296875 0.02978515625 0.04443359375
43 0.2841796875 0.31640625 0.02978515625 0.04443359375
45 0.37548828125 0.314453125 0.02978515625 0.04443359375
46 0.46630859375 0.3173828125 0.02783203125 0.04833984375
47 0.5546875 0.31787109375 0.02783203125 0.04296875
48 0.646484375 0.31982421875 0.0283203125 0.0419921875
49 0.73876953125 0.32080078125 0.029296875 0.05029296875
50 0.82568359375 0.322265625 0.0322265625 0.0517578125
51 0.91796875 0.32470703125 0.0322265625 0.04443359375
46 0.06201171875 0.3857421875 0.02783203125 0.05029296875
55 0.150390625 0.38720703125 0.03125 0.05029296875
56 0.23876953125 0.38525390625 0.03173828125 0.0478515625
57 0.3291015625 0.388671875 0.0283203125 0.04833984375
58 0.4189453125 0.390625 0.02783203125 0.04833984375
59 0.5107421875 0.39111328125 0.03125 0.044921875
60 0.5966796875 0.3935546875 0.0283203125 0.04833984375
61 0.689453125 0.396484375 0.03369140625 0.05126953125
62 0.779296875 0.3955078125 0.0302734375 0.04833984375
63 0.8720703125 0.39794921875 0.03369140625 0.0498046875
61 0.05810546875 0.5263671875 0.029296875 0.04638671875
38 0.10205078125 0.5263671875 0.029296875 0.0458984375
43 0.1474609375 0.52734375 0.02783203125 0.04638671875
58 0.1923828125 0.529296875 0.02978515625 0.0517578125
59 0.2392578125 0.52880859375 0.03125 0.04833984375
54 0.0576171875 0.6728515625 0.029296875 0.04443359375
54 0.14599609375 0.6748046875 0.029296875 0.04443359375
54 0.2783203125 0.6767578125 0.029296875 0.04443359375
54 0.41455078125 0.68017578125 0.029296875 0.04443359375
54 0.54931640625 0.68115234375 0.029296875 0.04443359375
54 0.68798828125 0.685546875 0.029296875 0.04443359375
54 0.826171875 0.6875 0.029296875 0.04443359375
54 0.96044921875 0.69189453125 0.029296875 0.04443359375
54 0.05322265625 0.81494140625 0.029296875 0.04443359375
54 0.18505859375 0.818359375 0.029296875 0.04443359375
54 0.3203125 0.81982421875 0.029296875 0.04833984375
54 0.45703125 0.8251953125 0.029296875 0.04833984375
54 0.59326171875 0.82568359375 0.029296875 0.04833984375
54 0.73193359375 0.8291015625 0.029296875 0.04833984375
54 0.86962890625 0.8310546875 0.029296875 0.04833984375
2 0.0986328125 0.6728515625 0.029296875 0.04833984375
3 0.19091796875 0.677734375 0.029296875 0.04833984375
4 0.32421875 0.6767578125 0.029296875 0.04833984375
5 0.458984375 0.67822265625 0.029296875 0.04833984375
6 0.595703125 0.68115234375 0.029296875 0.04833984375
7 0.73193359375 0.68408203125 0.029296875 0.04833984375
8 0.86767578125 0.6904296875 0.029296875 0.04833984375
4 0.09765625 0.81787109375 0.029296875 0.04833984375
2 0.2314453125 0.8193359375 0.029296875 0.04833984375
5 0.3671875 0.8193359375 0.029296875 0.04833984375
6 0.501953125 0.82568359375 0.029296875 0.04833984375
7 0.63916015625 0.82568359375 0.029296875 0.04833984375
8 0.775390625 0.82958984375 0.029296875 0.04833984375
9 0.9130859375 0.83056640625 0.029296875 0.04833984375