54 0.054443359375 0.092529296875 0.041015625 0.06689453125
54 0.24560546875 0.0869140625 0.0390625 0.064453125
54 0.44189453125 0.076904296875 0.041015625 0.06689453125
54 0.643310546875 0.071044921875 0.04443359375 0.06787109375
54 0.842041015625 0.069580078125 0.04345703125 0.068359375
2 0.11669921875 0.09130859375 0.041015625 0.06787109375
5 0.30908203125 0.0859375 0.04052734375 0.0712890625
6 0.510498046875 0.073486328125 0.04345703125 0.06640625
7 0.709228515625 0.0693359375 0.04248046875 0.06494140625
8 0.903564453125 0.069091796875 0.04443359375 0.0712890625
61 0.09619140625 0.502685546875 0.04638671875 0.0732421875
52 0.1708984375 0.49951171875 0.05078125 0.0732421875
37 0.2421875 0.498779296875 0.046875 0.0712890625
46 0.31298828125 0.496826171875 0.04833984375 0.0732421875
37 0.382568359375 0.49267578125 0.0478515625 0.0712890625
59 0.523193359375 0.489990234375 0.04931640625 0.0732421875
37 0.593017578125 0.48876953125 0.04736328125 0.072265625
48 0.739013671875 0.488037109375 0.04736328125 0.0791015625
53 0.81005859375 0.485595703125 0.05078125 0.080078125
65 0.8828125 0.4833984375 0.05615234375 0.078125
55 0.952880859375 0.480224609375 0.04931640625 0.07470703125
65 0.098388671875 0.616455078125 0.0537109375 0.0791015625
55 0.170166015625 0.61474609375 0.04638671875 0.0791015625