53 0.22802734375 0.05224609375 0.0224609375 0.03955078125
61 0.259765625 0.052490234375 0.02294921875 0.0390625
52 0.29150390625 0.052490234375 0.0234375 0.0390625
38 0.3251953125 0.052978515625 0.02294921875 0.0380859375
43 0.35546875 0.053466796875 0.02197265625 0.03759765625
58 0.38818359375 0.05712890625 0.02197265625 0.03857421875
59 0.419677734375 0.05908203125 0.021484375 0.0380859375
54 0.109375 0.158203125 0.0224609375 0.03564453125
54 0.2041015625 0.158447265625 0.01953125 0.0380859375
54 0.2958984375 0.161376953125 0.02001953125 0.037109375
54 0.35791015625 0.16357421875 0.01806640625 0.0380859375
54 0.44873046875 0.1669921875 0.021484375 0.037109375
54 0.5390625 0.169677734375 0.01953125 0.0361328125
54 0.6279296875 0.172119140625 0.017578125 0.03466796875
54 0.717041015625 0.175537109375 0.0185546875 0.03515625
54 0.804443359375 0.17919921875 0.02001953125 0.03466796875
54 0.893798828125 0.18310546875 0.01953125 0.0322265625
54 0.118896484375 0.255615234375 0.02001953125 0.0341796875
54 0.209716796875 0.258056640625 0.01953125 0.03515625
54 0.299072265625 0.260986328125 0.01904296875 0.03515625
54 0.388916015625 0.26220703125 0.0185546875 0.03369140625
54 0.476318359375 0.2666015625 0.017578125 0.0361328125
54 0.563232421875 0.2685546875 0.017578125 0.03515625
54 0.65185546875 0.270751953125 0.0166015625 0.0341796875
54 0.73828125 0.273193359375 0.01904296875 0.033203125
54 0.8251953125 0.275146484375 0.01806640625 0.0322265625
54 0.123046875 0.303466796875 0.0185546875 0.0322265625
0 0.1396484375 0.1572265625 0.02099609375 0.0361328125
1 0.23095703125 0.157958984375 0.02099609375 0.03662109375
2 0.326171875 0.161376953125 0.01953125 0.03759765625
3 0.38671875 0.16455078125 0.0205078125 0.03759765625
4 0.47802734375 0.1669921875 0.01953125 0.0361328125
5 0.56884765625 0.170654296875 0.01953125 0.03662109375
6 0.658203125 0.172607421875 0.02001953125 0.0361328125
7 0.746337890625 0.176513671875 0.0185546875 0.03369140625
8 0.834716796875 0.1796875 0.01904296875 0.03466796875
9 0.922119140625 0.18310546875 0.0185546875 0.0322265625
1 0.147216796875 0.255615234375 0.02099609375 0.03515625
4 0.328369140625 0.2607421875 0.01904296875 0.0341796875
3 0.238037109375 0.259033203125 0.02001953125 0.037109375
2 0.416748046875 0.26318359375 0.02001953125 0.0322265625
5 0.505126953125 0.2666015625 0.02099609375 0.03759765625
6 0.593994140625 0.268798828125 0.01904296875 0.03466796875
7 0.681640625 0.271240234375 0.0185546875 0.033203125
8 0.76708984375 0.274169921875 0.01708984375 0.03466796875
9 0.85400390625 0.275146484375 0.01953125 0.0341796875
0 0.15185546875 0.303955078125 0.01904296875 0.033203125
52 0.12353515625 0.444580078125 0.02197265625 0.03173828125
37 0.1533203125 0.445068359375 0.02197265625 0.03369140625
46 0.18212890625 0.445556640625 0.01953125 0.0322265625
37 0.2119140625 0.444580078125 0.0185546875 0.03173828125
53 0.24072265625 0.446533203125 0.02099609375 0.0322265625
41 0.2705078125 0.44677734375 0.01953125 0.03125
37 0.30224609375 0.447265625 0.021484375 0.03125
53 0.32861328125 0.44775390625 0.021484375 0.0322265625
46 0.35888671875 0.4482421875 0.02099609375 0.03125
61 0.416015625 0.44970703125 0.0224609375 0.0322265625
52 0.44482421875 0.44921875 0.01953125 0.03173828125
37 0.47314453125 0.44970703125 0.021484375 0.03076171875
46 0.50146484375 0.45068359375 0.017578125 0.029296875
37 0.52734375 0.44970703125 0.0185546875 0.02880859375
59 0.583740234375 0.4521484375 0.01904296875 0.03076171875
37 0.612060546875 0.45263671875 0.02001953125 0.02978515625
48 0.668212890625 0.45458984375 0.01904296875 0.02978515625
53 0.695556640625 0.4541015625 0.01904296875 0.02978515625
65 0.723388671875 0.45556640625 0.0185546875 0.03076171875
55 0.751220703125 0.45556640625 0.017578125 0.03076171875
50 0.12451171875 0.491455078125 0.02197265625 0.033203125
61 0.1533203125 0.490966796875 0.02197265625 0.033203125
52 0.18310546875 0.491455078125 0.02099609375 0.03369140625
61 0.212890625 0.491455078125 0.0205078125 0.03271484375
59 0.24169921875 0.49365234375 0.0185546875 0.029296875
60 0.271484375 0.494140625 0.01904296875 0.03173828125
37 0.2998046875 0.49365234375 0.0185546875 0.03076171875
50 0.35888671875 0.494140625 0.0205078125 0.0302734375
37 0.3876953125 0.49462890625 0.01904296875 0.02978515625
65 0.4150390625 0.49560546875 0.0185546875 0.03076171875
55 0.44384765625 0.49560546875 0.01904296875 0.03173828125