53 0.076171875 0.29345703125 0.052734375 0.0751953125
53 0.19921875 0.286376953125 0.052734375 0.0751953125
46 0.262939453125 0.281982421875 0.052734375 0.0751953125
55 0.388916015625 0.28125 0.052734375 0.0751953125
56 0.454345703125 0.280029296875 0.052734375 0.0751953125
57 0.516357421875 0.279052734375 0.052734375 0.0751953125
58 0.581787109375 0.27587890625 0.052734375 0.0751953125
59 0.640380859375 0.27685546875 0.052734375 0.0751953125
60 0.702392578125 0.275634765625 0.052734375 0.0751953125
61 0.760986328125 0.277099609375 0.052734375 0.0751953125
52 0.769775390625 0.570068359375 0.052734375 0.0751953125
51 0.648193359375 0.574951171875 0.052734375 0.0751953125
50 0.5224609375 0.5771484375 0.052734375 0.0751953125
49 0.39990234375 0.580322265625 0.052734375 0.0751953125
48 0.271484375 0.587890625 0.052734375 0.0751953125
47 0.1455078125 0.590087890625 0.052734375 0.0751953125
46 0.02490234375 0.5947265625 0.0498046875 0.0751953125
59 0.087158203125 0.699462890625 0.0537109375 0.083984375
60 0.214111328125 0.69384765625 0.0537109375 0.083984375
61 0.337890625 0.691650390625 0.05908203125 0.08642578125
62 0.464599609375 0.685546875 0.05908203125 0.08544921875
63 0.587158203125 0.67919921875 0.05908203125 0.08544921875