22 0.13845000000000002 0.11646333333333334 0.03485333333333333 0.05274666666666667
40 0.18177 0.11441333333333334 0.03664 0.05301333333333333
43 0.22565666666666667 0.11278333333333335 0.0368 0.05226
60 0.27024333333333334 0.11025666666666666 0.03485333333333333 0.05420666666666667
60 0.31355 0.1091 0.035826666666666666 0.05420666666666667
43 0.36197 0.10606 0.03826 0.05420666666666667
59 0.45518333333333333 0.10208 0.032420000000000004 0.05226
58 0.40716 0.10408666666666666 0.03777333333333333 0.05469333333333334
53 0.54916 0.09906999999999999 0.03728666666666667 0.05615333333333333
55 0.5972733333333333 0.09825 0.03631333333333333 0.05566666666666667
59 0.6932566666666666 0.09612000000000001 0.038746666666666665 0.057613333333333336
56 0.74487 0.09499333333333335 0.03826 0.057126666666666666
37 0.7953266666666666 0.09505333333333334 0.038746666666666665 0.05566666666666667
39 0.84423 0.09192 0.03728666666666667 0.05469333333333334
43 0.89216 0.09207333333333334 0.038746666666666665 0.05420666666666667
37 0.14337 0.2650666666666667 0.031836666666666666 0.04856
38 0.18704666666666667 0.2650666666666667 0.031836666666666666 0.04856
39 0.23143333333333332 0.2643566666666667 0.031836666666666666 0.04856
41 0.27475333333333335 0.26293666666666665 0.031836666666666666 0.04856
43 0.31984999999999997 0.26258333333333334 0.031836666666666666 0.04856
46 0.4107533333333333 0.26223 0.031836666666666666 0.04856
45 0.36388000000000004 0.26258333333333334 0.031836666666666666 0.04856
65 0.2775933333333333 0.3392633333333333 0.031836666666666666 0.04856
64 0.23533666666666667 0.3399733333333333 0.031836666666666666 0.04856
63 0.19237 0.34032666666666667 0.031836666666666666 0.04856
62 0.14834 0.34139 0.031836666666666666 0.04856
40 0.1526 0.40990333333333334 0.031836666666666666 0.04856
63 0.19521 0.4109666666666667 0.031836666666666666 0.04856
48 0.23462666666666668 0.40848333333333336 0.031836666666666666 0.04856
60 0.2815 0.41061333333333333 0.031836666666666666 0.04856
47 0.32553 0.40848333333333336 0.031836666666666666 0.04856
59 0.41572333333333333 0.41309666666666667 0.031836666666666666 0.04856
40 0.17049666666666666 0.68278 0.031836666666666666 0.04856
66 0.3244666666666667 0.3396166666666667 0.031836666666666666 0.04856
54 0.6902066666666666 0.3381966666666667 0.031836666666666666 0.04856
40 0.50485 0.34068 0.031836666666666666 0.04856
54 0.78537 0.33713333333333334 0.031836666666666666 0.04856
54 0.5982366666666666 0.3381966666666667 0.031836666666666666 0.04856
49 0.5510133333333334 0.25797 0.031836666666666666 0.04856
47 0.4562033333333333 0.26152 0.031836666666666666 0.04856
48 0.5044966666666667 0.25832333333333335 0.031836666666666666 0.04856
50 0.59611 0.26116333333333336 0.031836666666666666 0.04856
51 0.6433366666666667 0.2597433333333333 0.031836666666666666 0.04856
52 0.6909200000000001 0.2588566666666667 0.033256666666666664 0.05530333333333333
53 0.7406333333333334 0.2585033333333333 0.033256666666666664 0.05530333333333333
42 0.83935 0.25566333333333335 0.033256666666666664 0.05530333333333333
43 0.59682 0.40848333333333336 0.031836666666666666 0.04856
37 0.5059166666666667 0.4113233333333333 0.031836666666666666 0.04856
44 0.8865766666666667 0.25601666666666667 0.033256666666666664 0.05530333333333333
56 0.45975333333333335 0.4113233333333333 0.031836666666666666 0.04856
39 0.5492366666666667 0.40990333333333334 0.031836666666666666 0.04856
37 0.2854066666666667 0.48196000000000006 0.031836666666666666 0.04856
40 0.41607666666666665 0.34032666666666667 0.031836666666666666 0.04856
38 0.19592333333333334 0.48053999999999997 0.031836666666666666 0.04856
38 0.37205000000000005 0.4816066666666666 0.031836666666666666 0.04856
37 0.15437666666666666 0.48018666666666665 0.031836666666666666 0.04856
39 0.4604666666666667 0.48196000000000006 0.031836666666666666 0.04856
41 0.5499499999999999 0.47983 0.031836666666666666 0.04856
43 0.6415633333333334 0.4830233333333333 0.031836666666666666 0.04856
45 0.7317566666666666 0.4801833333333333 0.031836666666666666 0.04856
56 0.5936266666666667 0.5554366666666667 0.031836666666666666 0.04856
58 0.7750766666666666 0.5536633333333333 0.031836666666666666 0.04856
46 0.41927666666666663 0.5525966666666666 0.031836666666666666 0.04856
55 0.5062733333333334 0.5554366666666667 0.031836666666666666 0.04856
53 0.3738266666666667 0.5533066666666667 0.031836666666666666 0.04856
44 0.28754 0.5522433333333333 0.031836666666666666 0.04856
53 0.15757666666666667 0.54905 0.031836666666666666 0.04856
42 0.24599333333333334 0.55189 0.031836666666666666 0.04856
46 0.8265666666666666 0.48089333333333334 0.031836666666666666 0.04856
57 0.6845300000000001 0.5543733333333333 0.031836666666666666 0.04856
47 0.92102 0.48195666666666664 0.031836666666666666 0.04856
59 0.86882 0.5557933333333334 0.031836666666666666 0.04856
60 0.96221 0.5550833333333334 0.031836666666666666 0.04856
65 0.16371666666666665 0.61999 0.031836666666666666 0.04856
66 0.24696333333333334 0.6193066666666667 0.031836666666666666 0.04856
24 0.20807333333333333 0.68334 0.031836666666666666 0.04856
61 0.37800333333333336 0.6861433333333333 0.031836666666666666 0.04856
48 0.2518166666666667 0.6855833333333333 0.031836666666666666 0.04856
53 0.33538 0.6839 0.031836666666666666 0.04856
52 0.4206266666666667 0.6850233333333334 0.031836666666666666 0.04856
43 0.5069933333333333 0.6855833333333333 0.031836666666666666 0.04856
58 0.5501766666666666 0.6878266666666667 0.031836666666666666 0.04856
59 0.5950433333333334 0.69007 0.031836666666666666 0.04856
38 0.46325 0.6850233333333334 0.031836666666666666 0.04856
54 0.30584666666666666 0.93514 0.030310000000000004 0.045886666666666666
1 0.3406033333333333 0.81411 0.030310000000000004 0.045886666666666666
54 0.17866666666666667 0.8133433333333334 0.030310000000000004 0.045886666666666666
54 0.18936 0.9313233333333333 0.030310000000000004 0.045886666666666666
1 0.22678666666666666 0.9317066666666667 0.030310000000000004 0.045886666666666666
0 0.21915 0.81182 0.030310000000000004 0.045886666666666666
54 0.30088333333333334 0.8133433333333334 0.030310000000000004 0.045886666666666666
3 0.3467133333333334 0.9359066666666666 0.030310000000000004 0.045886666666666666
54 0.42501 0.8163966666666667 0.030310000000000004 0.045886666666666666
54 0.4276833333333333 0.9404833333333332 0.030310000000000004 0.045886666666666666
4 0.46931333333333336 0.9381933333333333 0.030310000000000004 0.045886666666666666
54 0.5097966666666667 0.8202166666666667 0.030310000000000004 0.045886666666666666
2 0.46702 0.8175433333333334 0.030310000000000004 0.045886666666666666
54 0.6778433333333334 0.9431566666666666 0.030310000000000004 0.045886666666666666
3 0.5518066666666667 0.81907 0.030310000000000004 0.045886666666666666
4 0.6801333333333334 0.82136 0.030310000000000004 0.045886666666666666
2 0.5949633333333334 0.9431566666666666 0.030310000000000004 0.045886666666666666
5 0.71718 0.9431566666666666 0.030310000000000004 0.045886666666666666
54 0.63965 0.8202166666666667 0.030310000000000004 0.045886666666666666
54 0.55219 0.93972 0.030310000000000004 0.045886666666666666
54 0.9337300000000001 0.9515566666666667 0.030310000000000004 0.045886666666666666
54 0.7675933333333333 0.82327 0.030310000000000004 0.045886666666666666
6 0.8466499999999999 0.9450666666666666 0.030310000000000004 0.045886666666666666
5 0.8099866666666666 0.82327 0.030310000000000004 0.045886666666666666
54 0.8974466666666667 0.8259433333333334 0.030310000000000004 0.045886666666666666
6 0.9425133333333333 0.8259433333333334 0.030310000000000004 0.045886666666666666
7 0.9787966666666666 0.9549933333333334 0.030310000000000004 0.045886666666666666
54 0.8012033333333334 0.9465933333333334 0.030310000000000004 0.045886666666666666