40 0.1533203125 0.164794921875 0.033203125 0.048828125
22 0.2001953125 0.161865234375 0.033203125 0.04833984375
14 0.248046875 0.16064453125 0.03173828125 0.048828125
30 0.2958984375 0.162109375 0.03271484375 0.05029296875
30 0.34521484375 0.163330078125 0.03125 0.04833984375
14 0.39501953125 0.163330078125 0.03076171875 0.048828125
28 0.4423828125 0.16552734375 0.03076171875 0.05029296875
29 0.4912109375 0.166015625 0.03271484375 0.0498046875
53 0.587890625 0.16943359375 0.03076171875 0.04833984375
55 0.63818359375 0.169921875 0.03173828125 0.05029296875
59 0.736572265625 0.173583984375 0.033203125 0.04833984375
56 0.785888671875 0.172607421875 0.03466796875 0.05029296875
37 0.836669921875 0.1748046875 0.03369140625 0.04833984375
39 0.885986328125 0.17578125 0.029296875 0.04541015625
43 0.931396484375 0.178955078125 0.03173828125 0.0517578125
37 0.148681640625 0.313720703125 0.02978515625 0.04296875
38 0.197021484375 0.31591796875 0.029296875 0.0478515625
39 0.244873046875 0.3154296875 0.033203125 0.04541015625
41 0.292236328125 0.319091796875 0.03076171875 0.044921875
43 0.340576171875 0.321044921875 0.03173828125 0.046875
45 0.389404296875 0.32373046875 0.03125 0.0498046875
46 0.43798828125 0.32666015625 0.033203125 0.0537109375
47 0.48681640625 0.326416015625 0.03173828125 0.05224609375
48 0.537109375 0.328369140625 0.03173828125 0.05224609375
49 0.58544921875 0.33251953125 0.03369140625 0.0517578125
51 0.6826171875 0.330322265625 0.03369140625 0.05078125
52 0.73388671875 0.331787109375 0.03271484375 0.048828125
53 0.78369140625 0.333984375 0.03466796875 0.05078125
42 0.883056640625 0.339111328125 0.03515625 0.05078125
44 0.932373046875 0.338623046875 0.03173828125 0.05517578125
62 0.145751953125 0.394775390625 0.03466796875 0.052734375
63 0.194580078125 0.39599609375 0.03466796875 0.048828125
64 0.2431640625 0.3984375 0.03125 0.048828125
65 0.290771484375 0.398681640625 0.03125 0.05224609375
66 0.338623046875 0.40185546875 0.03369140625 0.052734375
54 0.63232421875 0.410400390625 0.03173828125 0.048828125
54 0.732421875 0.4140625 0.03173828125 0.048828125
54 0.83251953125 0.4140625 0.03173828125 0.048828125
40 0.438720703125 0.40625 0.03173828125 0.048828125
40 0.484619140625 0.408447265625 0.03173828125 0.048828125
40 0.53564453125 0.40966796875 0.03173828125 0.048828125
40 0.144287109375 0.470703125 0.03173828125 0.048828125
33 0.193603515625 0.47412109375 0.03173828125 0.0517578125
19 0.240966796875 0.474853515625 0.03173828125 0.05224609375
30 0.288818359375 0.475830078125 0.03271484375 0.048828125
18 0.336669921875 0.47509765625 0.03125 0.05029296875
59 0.43505859375 0.480224609375 0.0361328125 0.0478515625
56 0.48388671875 0.480224609375 0.02978515625 0.04638671875
37 0.533203125 0.48095703125 0.03271484375 0.04638671875
39 0.58154296875 0.482421875 0.02978515625 0.04541015625
43 0.629638671875 0.483154296875 0.02880859375 0.048828125
37 0.28759765625 0.549560546875 0.03173828125 0.04443359375
38 0.385009765625 0.55419921875 0.02880859375 0.04345703125
39 0.480224609375 0.55712890625 0.03125 0.04541015625
41 0.578125 0.562744140625 0.02978515625 0.0478515625
43 0.67626953125 0.56591796875 0.03271484375 0.052734375
45 0.776611328125 0.570068359375 0.033203125 0.0517578125
46 0.877197265625 0.573486328125 0.03369140625 0.052734375
47 0.97705078125 0.576171875 0.03076171875 0.05078125
53 0.1416015625 0.62646484375 0.03515625 0.05029296875
42 0.2392578125 0.632568359375 0.03125 0.04541015625
44 0.2841796875 0.63037109375 0.033203125 0.0498046875
53 0.380615234375 0.635009765625 0.029296875 0.04833984375
46 0.430419921875 0.636474609375 0.03271484375 0.04833984375
55 0.527099609375 0.6416015625 0.02978515625 0.048828125
56 0.624755859375 0.645263671875 0.033203125 0.0537109375
57 0.7236328125 0.64892578125 0.033203125 0.0537109375
58 0.823974609375 0.651123046875 0.033203125 0.0517578125
59 0.923095703125 0.65673828125 0.03271484375 0.0498046875
65 0.14013671875 0.70654296875 0.03515625 0.05078125
66 0.23486328125 0.708740234375 0.03271484375 0.05224609375
53 0.329833984375 0.785888671875 0.03076171875 0.05078125
61 0.377197265625 0.787353515625 0.03466796875 0.0478515625
52 0.4267578125 0.7890625 0.03076171875 0.04833984375
38 0.4755859375 0.79052734375 0.03076171875 0.046875
43 0.5244140625 0.792236328125 0.03271484375 0.05029296875
58 0.5732421875 0.796630859375 0.02978515625 0.048828125
59 0.62255859375 0.7978515625 0.03076171875 0.0478515625
54 0.137939453125 0.931396484375 0.03369140625 0.04833984375
54 0.281005859375 0.93603515625 0.03369140625 0.04833984375
54 0.424072265625 0.94580078125 0.03369140625 0.04833984375
54 0.520751953125 0.948486328125 0.03369140625 0.04833984375
54 0.66455078125 0.955322265625 0.03369140625 0.04833984375
54 0.8134765625 0.96044921875 0.03369140625 0.04833984375
54 0.958251953125 0.96533203125 0.03369140625 0.04833984375
0 0.185302734375 0.932373046875 0.03271484375 0.044921875
1 0.326904296875 0.936279296875 0.03125 0.04541015625
2 0.472412109375 0.945068359375 0.03076171875 0.0498046875
3 0.570068359375 0.9501953125 0.02978515625 0.0478515625
4 0.71484375 0.955810546875 0.033203125 0.0498046875
5 0.859375 0.959716796875 0.03076171875 0.04833984375
50 0.6357421875 0.3310546875 0.03271484375 0.0537109375