55 0.036865234375 0.228759765625 0.037109375 0.05029296875
59 0.118408203125 0.224365234375 0.037109375 0.05029296875
56 0.16259765625 0.22265625 0.037109375 0.05029296875
50 0.035400390625 0.370361328125 0.037109375 0.05029296875
39 0.24951171875 0.21875 0.037109375 0.05029296875
43 0.2958984375 0.216064453125 0.037109375 0.05029296875
37 0.20654296875 0.220458984375 0.037109375 0.05029296875
51 0.076416015625 0.3701171875 0.037109375 0.05029296875
52 0.118408203125 0.369384765625 0.037109375 0.05029296875
53 0.161376953125 0.3662109375 0.037109375 0.05029296875
42 0.25146484375 0.36279296875 0.037109375 0.05029296875
44 0.29541015625 0.364501953125 0.037109375 0.05029296875
53 0.38671875 0.36376953125 0.037109375 0.05029296875
46 0.431640625 0.362548828125 0.037109375 0.05029296875
55 0.5224609375 0.3623046875 0.037109375 0.05029296875
56 0.5673828125 0.358642578125 0.037109375 0.05126953125
57 0.61474609375 0.35986328125 0.037109375 0.05029296875
58 0.65869140625 0.359619140625 0.037109375 0.05029296875
59 0.70361328125 0.3583984375 0.037109375 0.05029296875
60 0.7470703125 0.3603515625 0.037109375 0.05029296875
61 0.79150390625 0.360107421875 0.037109375 0.05029296875
54 0.208984375 0.440185546875 0.037109375 0.05029296875
54 0.12158203125 0.440673828125 0.037109375 0.05029296875
54 0.033203125 0.441650390625 0.037109375 0.05029296875
43 0.07666015625 0.58056640625 0.037109375 0.05029296875
45 0.16357421875 0.580078125 0.037109375 0.05029296875
46 0.255859375 0.578857421875 0.037109375 0.05029296875
47 0.34521484375 0.577880859375 0.037109375 0.05029296875
48 0.43603515625 0.576416015625 0.037109375 0.05029296875
49 0.526611328125 0.57421875 0.037109375 0.05029296875
50 0.614990234375 0.57568359375 0.037109375 0.05029296875
51 0.703369140625 0.576416015625 0.037109375 0.05029296875
52 0.796142578125 0.571533203125 0.037109375 0.05029296875
56 0.032470703125 0.655517578125 0.0380859375 0.0556640625
57 0.119873046875 0.656005859375 0.037109375 0.05029296875
58 0.209228515625 0.654541015625 0.037109375 0.05029296875
59 0.299560546875 0.65234375 0.041015625 0.05859375
60 0.390380859375 0.650390625 0.037109375 0.05029296875
61 0.481689453125 0.651123046875 0.037109375 0.05029296875
62 0.570556640625 0.650634765625 0.037109375 0.05029296875
63 0.661376953125 0.65087890625 0.037109375 0.05029296875
59 0.041748046875 0.796142578125 0.041015625 0.05859375
54 0.08740234375 0.937255859375 0.041015625 0.05859375
4 0.132568359375 0.93701171875 0.0380859375 0.056640625
54 0.219482421875 0.93505859375 0.041015625 0.05859375
5 0.264892578125 0.937744140625 0.041015625 0.05859375
54 0.352294921875 0.935546875 0.041015625 0.05859375
6 0.398681640625 0.936279296875 0.041015625 0.05859375
54 0.489013671875 0.935791015625 0.041015625 0.05859375
7 0.532470703125 0.934814453125 0.041015625 0.05859375
54 0.618896484375 0.928955078125 0.041015625 0.05859375
8 0.666259765625 0.93359375 0.041015625 0.05859375
54 0.75341796875 0.92724609375 0.03759765625 0.05712890625
9 0.79931640625 0.927734375 0.03515625 0.05859375