40 0.10950333333333333 0.06565333333333334 0.020086666666666666 0.03429666666666667
22 0.14012333333333332 0.06540666666666667 0.022536666666666667 0.03282666666666667
14 0.16927333333333333 0.06516333333333334 0.020086666666666666 0.03429666666666667
30 0.19671 0.06516333333333334 0.019106666666666668 0.032336666666666666
30 0.22757666666666668 0.06589666666666667 0.021066666666666668 0.03184666666666667
14 0.25722 0.06467333333333333 0.020576666666666667 0.032336666666666666
28 0.28539 0.06565333333333334 0.020086666666666666 0.031356666666666665
59 0.3155233333333333 0.06589666666666667 0.02155666666666667 0.033806666666666665
53 0.37211 0.06736666666666666 0.022046666666666666 0.03576666666666667
55 0.40322 0.06663333333333334 0.022536666666666667 0.03821666666666667
59 0.46226 0.06810333333333334 0.022046666666666666 0.036256666666666666
56 0.49239000000000005 0.06712333333333334 0.020576666666666667 0.036256666666666666
37 0.5205633333333334 0.06761333333333333 0.021066666666666668 0.03429666666666667
39 0.55094 0.06712333333333334 0.023026666666666668 0.035276666666666665
43 0.58156 0.06785666666666666 0.02155666666666667 0.03478666666666667
37 0.10705333333333335 0.15972 0.021066666666666668 0.035276666666666665
38 0.13718333333333332 0.15874000000000002 0.02155666666666667 0.036256666666666666
39 0.16535666666666665 0.15849666666666667 0.020086666666666666 0.03282666666666667
41 0.19475 0.15947666666666666 0.018126666666666666 0.033806666666666665
43 0.22341333333333332 0.15923 0.019596666666666665 0.03331666666666667
45 0.2530533333333333 0.15996666666666665 0.018126666666666666 0.033806666666666665
46 0.28245000000000003 0.16045666666666666 0.020086666666666666 0.03478666666666667
47 0.3125833333333333 0.1607 0.019596666666666665 0.03429666666666667
48 0.34271333333333337 0.16094666666666665 0.020086666666666666 0.03282666666666667
49 0.37161999999999995 0.16192666666666666 0.017146666666666664 0.03478666666666667
50 0.40199666666666667 0.16119 0.020086666666666666 0.03331666666666667
51 0.4304133333333333 0.16045666666666666 0.021066666666666668 0.03282666666666667
52 0.46030000000000004 0.15996666666666665 0.020086666666666666 0.03184666666666667
53 0.49043 0.16045666666666666 0.019596666666666665 0.03282666666666667
42 0.5506933333333333 0.16241666666666665 0.022536666666666667 0.03184666666666667
44 0.5786199999999999 0.16192666666666666 0.020576666666666667 0.03282666666666667
53 0.6393733333333333 0.16192666666666666 0.020576666666666667 0.033806666666666665
46 0.6695033333333333 0.16241666666666665 0.021066666666666668 0.03478666666666667
55 0.7290333333333333 0.16266 0.020576666666666667 0.032336666666666666
56 0.7579400000000001 0.16168000000000002 0.02155666666666667 0.03331666666666667
57 0.79003 0.16241666666666665 0.019106666666666668 0.033806666666666665
58 0.81918 0.16241666666666665 0.023516666666666665 0.03184666666666667
59 0.8505366666666667 0.16143666666666667 0.022536666666666667 0.033806666666666665
60 0.8792 0.16192666666666666 0.022046666666666666 0.030866666666666664
61 0.9083500000000001 0.16339666666666666 0.022536666666666667 0.030866666666666664
62 0.10411333333333332 0.20601999999999998 0.020086666666666666 0.029886666666666666
63 0.13449 0.2057766666666667 0.018126666666666666 0.032336666666666666
64 0.16364 0.20601999999999998 0.019596666666666665 0.03282666666666667
65 0.19328 0.20651 0.019106666666666668 0.03478666666666667
66 0.22120666666666666 0.20651 0.020086666666666666 0.033806666666666665
40 0.2807366666666667 0.20749 0.022536666666666667 0.030866666666666664
40 0.3103766666666667 0.207 0.021066666666666668 0.029886666666666666
40 0.33879333333333334 0.20675666666666667 0.022046666666666666 0.029396666666666665
54 0.40101666666666663 0.20749 0.020086666666666666 0.03184666666666667
54 0.46127999999999997 0.207 0.020086666666666666 0.03184666666666667
54 0.5195833333333333 0.20749 0.020086666666666666 0.03184666666666667
33 0.13351 0.25281 0.018126666666666666 0.032336666666666666
19 0.16045666666666666 0.25256666666666666 0.020086666666666666 0.03282666666666667
30 0.18960666666666667 0.25281 0.019596666666666665 0.03331666666666667
18 0.21998333333333334 0.2530533333333333 0.019596666666666665 0.03282666666666667
40 0.10362333333333333 0.25256333333333336 0.017146666666666664 0.029886666666666666
59 0.27975666666666665 0.25084999999999996 0.020576666666666667 0.031356666666666665
56 0.31111333333333335 0.25183 0.017636666666666665 0.030376666666666666
37 0.34051 0.25084999999999996 0.020576666666666667 0.031356666666666665
39 0.3703966666666667 0.25084999999999996 0.017636666666666665 0.032336666666666666
43 0.39905666666666667 0.25232 0.018126666666666666 0.032336666666666666
37 0.18985333333333332 0.2983733333333333 0.021066666666666668 0.035276666666666665
38 0.24987 0.29886333333333337 0.02155666666666667 0.036256666666666666
39 0.3094 0.30008999999999997 0.020086666666666666 0.03282666666666667
41 0.36818999999999996 0.30254 0.018126666666666666 0.033806666666666665
43 0.4284533333333333 0.3018033333333333 0.021066666666666668 0.03331666666666667
45 0.48847 0.30156 0.018616666666666667 0.033806666666666665
46 0.54898 0.30254 0.021066666666666668 0.03282666666666667
47 0.6085066666666666 0.30327333333333334 0.018616666666666667 0.03331666666666667
48 0.6690133333333333 0.30205 0.021066666666666668 0.03184666666666667
49 0.7327066666666666 0.30303 0.020086666666666666 0.03282666666666667
50 0.7907633333333334 0.30327333333333334 0.024496666666666667 0.03331666666666667
51 0.8512733333333334 0.30351999999999996 0.023026666666666668 0.033806666666666665
52 0.9120233333333334 0.30278333333333335 0.024006666666666666 0.030376666666666666
53 0.09725333333333333 0.3451633333333333 0.021066666666666668 0.029886666666666666
42 0.1558 0.34663333333333335 0.022536666666666667 0.027926666666666666
44 0.18740333333333334 0.3463866666666667 0.021066666666666668 0.029396666666666665
53 0.24742 0.34663333333333335 0.017636666666666665 0.030866666666666664
46 0.27853 0.3463866666666667 0.019106666666666668 0.031356666666666665
55 0.33830333333333334 0.3493266666666667 0.019106666666666668 0.03429666666666667
56 0.3995466666666667 0.34981666666666666 0.023026666666666668 0.031356666666666665
57 0.4576033333333333 0.3507966666666667 0.020576666666666667 0.031356666666666665
58 0.5176233333333333 0.3503066666666667 0.020086666666666666 0.031356666666666665
59 0.5786199999999999 0.3517766666666666 0.019596666666666665 0.029396666666666665
60 0.6371666666666667 0.3517766666666666 0.022046666666666666 0.03429666666666667
61 0.7001266666666667 0.3522666666666667 0.02155666666666667 0.036256666666666666
62 0.7596533333333333 0.3520233333333333 0.022046666666666666 0.03772666666666667
63 0.8204066666666666 0.3510433333333334 0.022046666666666666 0.03184666666666667
65 0.09602999999999999 0.39415666666666666 0.019596666666666665 0.028906666666666667
66 0.1558 0.3951366666666667 0.020576666666666667 0.030866666666666664
40 0.09529333333333333 0.44143666666666664 0.021066666666666668 0.032336666666666666
53 0.21484 0.44217 0.022046666666666666 0.03282666666666667
61 0.24570666666666666 0.4416833333333333 0.021066666666666668 0.033806666666666665
52 0.2758366666666667 0.4424166666666667 0.020576666666666667 0.036256666666666666
38 0.30670333333333333 0.44266 0.020576666666666667 0.033806666666666665
43 0.33708 0.44339666666666666 0.020576666666666667 0.03429666666666667
58 0.36794666666666664 0.44364000000000003 0.018616666666666667 0.03282666666666667
59 0.3978333333333333 0.44364000000000003 0.019596666666666665 0.030866666666666664
54 0.09211 0.5389333333333333 0.019596666666666665 0.035276666666666665
54 0.18348333333333336 0.5399133333333334 0.021066666666666668 0.032336666666666666
54 0.27363333333333334 0.5418733333333333 0.021066666666666668 0.03331666666666667
54 0.33536333333333335 0.5404033333333333 0.020086666666666666 0.03429666666666667
54 0.42600333333333334 0.5418733333333333 0.020086666666666666 0.032336666666666666
54 0.5163966666666667 0.5428533333333333 0.02155666666666667 0.03331666666666667
54 0.6072833333333333 0.5448133333333334 0.019106666666666668 0.032336666666666666
54 0.6989 0.5443233333333334 0.021066666666666668 0.03331666666666667
54 0.7941933333333333 0.5457933333333334 0.02155666666666667 0.032336666666666666
54 0.8860566666666667 0.54604 0.024006666666666666 0.03576666666666667
54 0.09063 0.6344733333333333 0.023496666666666666 0.035276666666666665
54 0.17883000000000002 0.6344733333333333 0.02155666666666667 0.035276666666666665
54 0.2716733333333333 0.6361866666666667 0.021066666666666668 0.03282666666666667
54 0.36402666666666667 0.6379033333333334 0.019596666666666665 0.03429666666666667
54 0.4554 0.6369233333333333 0.020086666666666666 0.03331666666666667
54 0.54506 0.6388833333333334 0.018126666666666666 0.032336666666666666
54 0.6388833333333334 0.6398633333333333 0.019596666666666665 0.032336666666666666
54 0.7319699999999999 0.6423133333333334 0.02155666666666667 0.03429666666666667
54 0.82359 0.6415766666666667 0.023516666666666665 0.03478666666666667
54 0.08892333333333333 0.6856733333333334 0.020086666666666666 0.03184666666666667
0 0.11807666666666668 0.6861633333333332 0.019596666666666665 0.03282666666666667
1 0.12028 0.6349633333333333 0.021066666666666668 0.035276666666666665
3 0.21165333333333333 0.6354533333333333 0.02155666666666667 0.03331666666666667
4 0.30254 0.6359433333333333 0.020086666666666666 0.032336666666666666
2 0.39391333333333334 0.6379033333333334 0.02155666666666667 0.03723666666666667
5 0.4847966666666667 0.6364333333333333 0.019106666666666668 0.03331666666666667
6 0.5769066666666667 0.6383933333333334 0.023026666666666668 0.032336666666666666
7 0.66877 0.6401066666666666 0.020576666666666667 0.030866666666666664
8 0.7613666666666666 0.6428033333333334 0.019596666666666665 0.035276666666666665
9 0.8549466666666667 0.6405966666666667 0.024496666666666667 0.03576666666666667
0 0.12175 0.53918 0.022046666666666666 0.033806666666666665
1 0.21434999999999998 0.5394233333333334 0.021066666666666668 0.030376666666666666
2 0.3069466666666667 0.5418733333333333 0.023026666666666668 0.032336666666666666
3 0.3659866666666667 0.5408933333333333 0.019596666666666665 0.032336666666666666
4 0.45564333333333334 0.5408933333333333 0.020576666666666667 0.032336666666666666
5 0.54653 0.5433433333333333 0.018126666666666666 0.03429666666666667
6 0.6369233333333333 0.5431 0.020576666666666667 0.03282666666666667
7 0.7287866666666667 0.54408 0.019106666666666668 0.03282666666666667
8 0.82359 0.54555 0.02155666666666667 0.033806666666666665
9 0.9152100000000001 0.54653 0.022536666666666667 0.036746666666666664
52 0.08174666666666668 0.8331766666666668 0.02094 0.034633333333333335
37 0.11375999999999999 0.8323733333333333 0.022953333333333333 0.03302
46 0.14295666666666668 0.8343866666666666 0.02094 0.03302
37 0.17336000000000001 0.8349899999999999 0.022146666666666665 0.03503333333333333
53 0.20436666666666667 0.8351900000000001 0.019733333333333335 0.03302
41 0.23457 0.8359966666666666 0.018926666666666668 0.033826666666666665
37 0.2655766666666667 0.8361966666666667 0.019733333333333335 0.03262
53 0.2961833333333333 0.8366 0.020536666666666665 0.03262
46 0.32799666666666666 0.8368 0.020536666666666665 0.03302
61 0.39000999999999997 0.83801 0.021343333333333332 0.033826666666666665
52 0.4216233333333333 0.8386133333333334 0.020133333333333333 0.03262
37 0.45202666666666663 0.83821 0.020536666666666665 0.03262
46 0.48323333333333335 0.8374066666666666 0.02094 0.03342333333333333
37 0.51525 0.83821 0.021343333333333332 0.03262
59 0.5772633333333334 0.8392166666666667 0.022953333333333333 0.03302
37 0.6076666666666667 0.8386133333333334 0.02094 0.03181333333333333
48 0.6700866666666666 0.8434466666666667 0.023356666666666664 0.03503333333333333
53 0.7008933333333333 0.8422366666666666 0.02376 0.03262
65 0.7337100000000001 0.8422366666666666 0.024163333333333332 0.03423
55 0.76492 0.8426400000000001 0.021343333333333332 0.03503333333333333
50 0.08215 0.8841166666666667 0.020133333333333333 0.03181333333333333
61 0.11255333333333334 0.8847233333333333 0.021343333333333332 0.03221666666666667
52 0.14255333333333334 0.8851266666666667 0.02094 0.03141
61 0.17295666666666668 0.8863333333333333 0.022146666666666665 0.03302
59 0.20356333333333335 0.8869366666666666 0.020536666666666665 0.03423
60 0.23416666666666666 0.88754 0.020536666666666665 0.03302
37 0.26537666666666665 0.88754 0.020133333333333333 0.03221666666666667
50 0.3277933333333333 0.8885466666666666 0.021746666666666664 0.03423
37 0.36001 0.88875 0.023356666666666664 0.03221666666666667
65 0.3886 0.8903599999999999 0.02094 0.033826666666666665
55 0.42041333333333336 0.8907633333333334 0.021746666666666664 0.033826666666666665
37 0.09985333333333334 0.29754 0.021066666666666668 0.035276666666666665
38 0.12987 0.29803 0.02155666666666667 0.036256666666666666