65 0.04833984375 0.10009765625 0.0517578125 0.06396484375
66 0.17236328125 0.095703125 0.04443359375 0.07080078125
40 0.0595703125 0.20166015625 0.04541015625 0.06298828125
24 0.1181640625 0.2001953125 0.04541015625 0.0751953125
19 0.1826171875 0.20068359375 0.041015625 0.07421875
53 0.3095703125 0.1923828125 0.04296875 0.07080078125
61 0.37255859375 0.1923828125 0.0517578125 0.0732421875
52 0.43994140625 0.18994140625 0.04638671875 0.0751953125
38 0.50732421875 0.18896484375 0.0517578125 0.0751953125
43 0.57373046875 0.185546875 0.04541015625 0.0751953125
58 0.63818359375 0.18603515625 0.04541015625 0.07666015625
59 0.70556640625 0.1826171875 0.04638671875 0.07421875
54 0.08544921875 0.4052734375 0.04248046875 0.06396484375
54 0.26611328125 0.39892578125 0.03955078125 0.0615234375
54 0.4501953125 0.39794921875 0.03662109375 0.06494140625
54 0.57177734375 0.396484375 0.03759765625 0.068359375
54 0.76171875 0.39453125 0.04443359375 0.06591796875
54 0.95361328125 0.3916015625 0.0419921875 0.068359375
54 0.10595703125 0.58544921875 0.0341796875 0.06103515625
54 0.27783203125 0.58251953125 0.03955078125 0.060546875
54 0.4541015625 0.58154296875 0.03857421875 0.0576171875
54 0.6328125 0.57763671875 0.04052734375 0.060546875
54 0.8125 0.5771484375 0.04052734375 0.060546875
54 0.11669921875 0.67138671875 0.03564453125 0.05419921875
0 0.1416015625 0.40380859375 0.03759765625 0.06396484375
1 0.32177734375 0.3984375 0.037109375 0.0625
2 0.5087890625 0.39697265625 0.0390625 0.06298828125
3 0.6337890625 0.39453125 0.04052734375 0.06591796875
4 0.8232421875 0.39111328125 0.04248046875 0.0615234375
1 0.15771484375 0.58642578125 0.03759765625 0.05908203125
3 0.33642578125 0.58349609375 0.03955078125 0.0595703125
4 0.5126953125 0.580078125 0.037109375 0.0556640625
2 0.69189453125 0.578125 0.041015625 0.06298828125
5 0.87646484375 0.576171875 0.04052734375 0.05908203125
0 0.1708984375 0.6708984375 0.037109375 0.05712890625