56 0.46875 0.34521484375 0.06689453125 0.0927734375
56 0.46875 0.34521484375 0.06689453125 0.0927734375
55 0.38134765625 0.34619140625 0.06689453125 0.0927734375
57 0.55029296875 0.3427734375 0.06689453125 0.0927734375
58 0.63623046875 0.3427734375 0.06689453125 0.0927734375
59 0.720703125 0.33837890625 0.06689453125 0.0927734375
60 0.8125 0.33740234375 0.06689453125 0.0927734375
61 0.89697265625 0.33837890625 0.06689453125 0.0927734375
53 0.12451171875 0.34619140625 0.06689453125 0.0927734375
46 0.21044921875 0.3408203125 0.06689453125 0.0927734375
48 0.20751953125 0.7587890625 0.06689453125 0.0927734375
49 0.38916015625 0.76123046875 0.06689453125 0.0927734375
50 0.560546875 0.763671875 0.06689453125 0.0927734375
51 0.73291015625 0.759765625 0.06689453125 0.0927734375
52 0.9150390625 0.75390625 0.0712890625 0.1123046875
60 0.11669921875 0.91259765625 0.06689453125 0.0927734375
61 0.2978515625 0.91064453125 0.076171875 0.1044921875
62 0.47412109375 0.9091796875 0.076171875 0.1044921875
63 0.65478515625 0.90283203125 0.076171875 0.1044921875