54 0.021550000000000003 0.16369666666666666 0.03197666666666667 0.05213333333333334
54 0.15987666666666667 0.16161333333333333 0.030583333333333334 0.04796333333333333
54 0.30272 0.15918000000000002 0.03128 0.051436666666666665
54 0.44799666666666665 0.15605333333333335 0.03128 0.05213333333333334
54 0.5950133333333333 0.15292333333333333 0.03197666666666667 0.05422
54 0.7409866666666667 0.15292333333333333 0.030583333333333334 0.05561000000000001
54 0.8869600000000001 0.15153333333333335 0.030583333333333334 0.05004666666666666
4 0.06777333333333332 0.16404666666666667 0.02989 0.05004666666666666
2 0.20887999999999998 0.16091666666666668 0.032670000000000005 0.04935333333333333
5 0.34998666666666667 0.15813666666666668 0.03128 0.04935333333333333
6 0.49596 0.15466333333333335 0.03128 0.04796333333333333
7 0.6433233333333334 0.15257666666666667 0.032670000000000005 0.054913333333333335
8 0.78999 0.15431333333333333 0.03406 0.05561000000000001
9 0.9349200000000001 0.15084 0.027803333333333333 0.04865666666666667
53 0.05665 0.4653766666666667 0.03128 0.05213333333333334
46 0.10565666666666668 0.46502666666666664 0.030583333333333334 0.05422
61 0.20088666666666666 0.4657233333333334 0.03614666666666667 0.05839
52 0.25163 0.4643333333333333 0.03336666666666666 0.05561000000000001
37 0.30167666666666665 0.4653766666666667 0.034756666666666665 0.05213333333333334
46 0.35102999999999995 0.4653766666666667 0.03336666666666666 0.05213333333333334
37 0.40073000000000003 0.4629433333333333 0.032670000000000005 0.051436666666666665
59 0.4976966666666666 0.4629433333333333 0.03336666666666666 0.05282666666666666
37 0.5463566666666666 0.4625933333333333 0.030583333333333334 0.05074333333333333
48 0.6461033333333334 0.4657233333333334 0.03406 0.05561000000000001
53 0.6954566666666666 0.4657233333333334 0.03128 0.05422
65 0.7468933333333333 0.46502666666666664 0.03128 0.05422
55 0.7976366666666667 0.4629433333333333 0.03406 0.05561000000000001
50 0.10565666666666668 0.5463566666666666 0.03614666666666667 0.05561000000000001
37 0.15188 0.5449666666666667 0.03128 0.057
65 0.19915000000000002 0.5460066666666666 0.035449999999999995 0.05213333333333334
55 0.24988999999999997 0.5460066666666666 0.03406 0.054913333333333335