54 0.10222333333333333 0.06444333333333334 0.04666666666666667 0.07111
54 0.2944466666666667 0.06333333333333334 0.04666666666666667 0.07111
54 0.49222333333333335 0.06444333333333334 0.04666666666666667 0.07111
54 0.6844466666666668 0.07333333333333333 0.04666666666666667 0.07111
54 0.8722233333333334 0.07777666666666667 0.04666666666666667 0.07111
54 0.9266666666666666 0.27777666666666667 0.04666666666666667 0.07111
54 0.7422233333333333 0.27666666666666667 0.04666666666666667 0.07111
54 0.5533333333333333 0.2744433333333334 0.04666666666666667 0.07111
54 0.36111 0.27111 0.04666666666666667 0.07111
54 0.16666666666666666 0.2655533333333333 0.04666666666666667 0.07111
4 0.16444333333333333 0.06333 0.04666666666666667 0.07111
5 0.36222000000000004 0.06222 0.04666666666666667 0.07111
6 0.5555533333333333 0.06555333333333334 0.04666666666666667 0.07111
7 0.7499966666666666 0.06999666666666667 0.04666666666666667 0.07111
8 0.9388866666666666 0.07666333333333333 0.04666666666666667 0.07111
5 0.22888666666666665 0.26888666666666666 0.04666666666666667 0.07111
6 0.42333 0.26999666666666666 0.04666666666666667 0.07111
7 0.6155533333333334 0.27444 0.04666666666666667 0.07111
8 0.8066633333333333 0.2755533333333333 0.04666666666666667 0.07111
61 0.04389 0.6705566666666667 0.04777666666666667 0.07
52 0.10722333333333334 0.6705566666666667 0.04777666666666667 0.07
37 0.17055666666666666 0.6694466666666666 0.04777666666666667 0.07
46 0.235 0.6705566666666667 0.04777666666666667 0.07
37 0.29833333333333334 0.6716666666666666 0.04777666666666667 0.07
59 0.4216666666666667 0.6716666666666666 0.04777666666666667 0.07
37 0.485 0.6705566666666667 0.04777666666666667 0.07
48 0.6083333333333333 0.6705566666666667 0.04777666666666667 0.07
53 0.6672233333333334 0.6716666666666666 0.04777666666666667 0.07
65 0.7272233333333333 0.6727766666666667 0.04777666666666667 0.07
55 0.7905566666666667 0.6738866666666667 0.04777666666666667 0.07
65 0.04611333333333333 0.7694433333333333 0.04777666666666667 0.07
55 0.10833666666666666 0.7683333333333333 0.04777666666666667 0.07