54 0.16722333333333333 0.4055566666666667 0.05 0.08666666666666667
54 0.40889000000000003 0.39666666666666667 0.048889999999999996 0.08444333333333334
54 0.6405566666666667 0.39166666666666666 0.043333333333333335 0.07889
54 0.25833333333333336 0.6472233333333334 0.05222333333333333 0.08333333333333333
54 0.49666666666666665 0.6372233333333334 0.05333333333333334 0.08777666666666666
7 0.245 0.4 0.05 0.08444333333333334
8 0.48277666666666663 0.39666666666666667 0.04777666666666667 0.08222333333333333
9 0.72 0.3894433333333333 0.042223333333333335 0.08333333333333333
8 0.33444333333333337 0.6477766666666667 0.055556666666666664 0.09111
9 0.5722233333333333 0.63611 0.04666666666666667 0.08333333333333333
46 0.09611 0.6544433333333333 0.055556666666666664 0.09111