53 0.242431640625 0.167724609375 0.02001953125 0.03662109375
55 0.2744140625 0.167236328125 0.0205078125 0.0361328125
59 0.33740234375 0.16552734375 0.01806640625 0.03662109375
56 0.3681640625 0.164794921875 0.02294921875 0.037109375
37 0.3994140625 0.165283203125 0.02197265625 0.037109375
39 0.431640625 0.164794921875 0.02099609375 0.03564453125
43 0.4619140625 0.1650390625 0.0205078125 0.03515625
39 0.0341796875 0.27197265625 0.0185546875 0.0283203125
41 0.06396484375 0.270263671875 0.02001953125 0.02783203125
43 0.09423828125 0.273681640625 0.02099609375 0.0341796875
45 0.125 0.27294921875 0.01953125 0.0361328125
46 0.15478515625 0.272216796875 0.02001953125 0.03466796875
47 0.185546875 0.272705078125 0.02001953125 0.0361328125
48 0.21826171875 0.272705078125 0.02001953125 0.03466796875
49 0.248046875 0.27197265625 0.01953125 0.0380859375
50 0.27880859375 0.269775390625 0.02197265625 0.0341796875
51 0.310546875 0.269775390625 0.0224609375 0.03466796875
53 0.3408203125 0.26953125 0.02099609375 0.03515625
52 0.37060546875 0.26953125 0.0205078125 0.0341796875
42 0.43115234375 0.268310546875 0.0224609375 0.033203125
44 0.462890625 0.267578125 0.0205078125 0.03662109375
53 0.52392578125 0.26708984375 0.02001953125 0.03271484375
46 0.55517578125 0.267822265625 0.01806640625 0.03466796875
55 0.617431640625 0.265869140625 0.0205078125 0.03662109375
56 0.648681640625 0.264892578125 0.0205078125 0.03515625
57 0.679931640625 0.264404296875 0.0185546875 0.03515625
58 0.710693359375 0.2646484375 0.02001953125 0.0361328125
59 0.743896484375 0.263916015625 0.02099609375 0.0341796875
64 0.037109375 0.32373046875 0.0205078125 0.03369140625
65 0.0673828125 0.323486328125 0.0205078125 0.03173828125
66 0.09716796875 0.324462890625 0.0224609375 0.03271484375
40 0.1591796875 0.32421875 0.02490234375 0.03125
40 0.19140625 0.324462890625 0.01953125 0.02880859375
40 0.2216796875 0.323974609375 0.02099609375 0.02978515625
54 0.281982421875 0.320556640625 0.02001953125 0.03369140625
54 0.342529296875 0.319580078125 0.02001953125 0.03369140625
54 0.404541015625 0.319580078125 0.021484375 0.03369140625
48 0.039306640625 0.3720703125 0.0185546875 0.0341796875
60 0.071044921875 0.371826171875 0.0205078125 0.03466796875
47 0.099853515625 0.370849609375 0.02099609375 0.0341796875
59 0.160888671875 0.37109375 0.01904296875 0.03173828125
56 0.191162109375 0.369873046875 0.01953125 0.03173828125
37 0.221435546875 0.369384765625 0.02001953125 0.0341796875
39 0.252197265625 0.369140625 0.02001953125 0.0341796875
43 0.283935546875 0.368408203125 0.02001953125 0.0341796875
37 0.073974609375 0.4208984375 0.02099609375 0.0341796875
38 0.135009765625 0.420654296875 0.02197265625 0.03515625
39 0.192626953125 0.419189453125 0.01904296875 0.03369140625
41 0.254150390625 0.41943359375 0.02099609375 0.03369140625
43 0.3154296875 0.419189453125 0.021484375 0.03564453125
45 0.37646484375 0.41796875 0.0224609375 0.03466796875
46 0.43603515625 0.419189453125 0.01806640625 0.0361328125
47 0.49560546875 0.4169921875 0.0205078125 0.03466796875
48 0.55517578125 0.416259765625 0.01904296875 0.033203125
49 0.6162109375 0.416259765625 0.01806640625 0.03564453125
50 0.67626953125 0.414306640625 0.02099609375 0.03369140625
50 0.73828125 0.412841796875 0.02197265625 0.033203125
42 0.04833984375 0.468017578125 0.021484375 0.0302734375
44 0.0771484375 0.46875 0.021484375 0.03271484375
53 0.13623046875 0.468994140625 0.0205078125 0.03271484375
46 0.1669921875 0.46923828125 0.02001953125 0.0341796875
55 0.22607421875 0.467041015625 0.0205078125 0.033203125
56 0.287109375 0.46630859375 0.02197265625 0.033203125
57 0.34619140625 0.467041015625 0.02099609375 0.033203125
58 0.40673828125 0.466552734375 0.01953125 0.033203125
59 0.46630859375 0.467041015625 0.01904296875 0.03369140625
60 0.52587890625 0.466064453125 0.02099609375 0.03369140625
61 0.5849609375 0.46435546875 0.0205078125 0.0341796875
62 0.64501953125 0.463623046875 0.01904296875 0.03271484375
63 0.706298828125 0.46240234375 0.01806640625 0.03369140625
60 0.774169921875 0.263427734375 0.0234375 0.0361328125
61 0.805908203125 0.262451171875 0.01806640625 0.03466796875
52 0.7998046875 0.41357421875 0.02001953125 0.03271484375
53 0.114501953125 0.560302734375 0.02099609375 0.0322265625
61 0.143798828125 0.5595703125 0.021484375 0.02978515625
52 0.174072265625 0.559814453125 0.0205078125 0.03076171875
38 0.203125 0.55908203125 0.01806640625 0.02978515625
43 0.23291015625 0.558837890625 0.02001953125 0.0302734375
58 0.26171875 0.557861328125 0.01806640625 0.0322265625
59 0.29248046875 0.55810546875 0.0205078125 0.03125
54 0.008544921875 0.6533203125 0.01708984375 0.03125
54 0.093017578125 0.652099609375 0.01806640625 0.029296875
54 0.180908203125 0.652587890625 0.02197265625 0.03369140625
54 0.237060546875 0.651611328125 0.01806640625 0.03125
54 0.323974609375 0.65087890625 0.01806640625 0.02880859375
54 0.410888671875 0.64990234375 0.01806640625 0.0322265625
54 0.497802734375 0.6494140625 0.01806640625 0.0322265625
54 0.584716796875 0.64892578125 0.01806640625 0.0302734375
54 0.673583984375 0.649658203125 0.02099609375 0.0322265625
54 0.00927734375 0.743896484375 0.0185546875 0.03173828125
54 0.09375 0.743896484375 0.01806640625 0.02978515625
54 0.17919921875 0.743408203125 0.01953125 0.029296875
54 0.26513671875 0.742919921875 0.0185546875 0.033203125
54 0.353759765625 0.7412109375 0.01708984375 0.0322265625
54 0.439697265625 0.74072265625 0.01806640625 0.03173828125
54 0.527099609375 0.739990234375 0.01806640625 0.033203125
54 0.614501953125 0.739990234375 0.0166015625 0.03173828125
54 0.702392578125 0.7392578125 0.02001953125 0.03076171875
54 0.011474609375 0.790283203125 0.01904296875 0.03271484375
0 0.035888671875 0.65234375 0.01806640625 0.03271484375
1 0.120361328125 0.65185546875 0.01904296875 0.0283203125
2 0.208740234375 0.65283203125 0.02099609375 0.0341796875
3 0.264892578125 0.651123046875 0.02001953125 0.03076171875
4 0.351806640625 0.65087890625 0.0205078125 0.03173828125
5 0.439208984375 0.650390625 0.02001953125 0.03515625
6 0.526123046875 0.649169921875 0.01806640625 0.03271484375
7 0.613525390625 0.649169921875 0.01904296875 0.03173828125
8 0.700927734375 0.648681640625 0.02001953125 0.03271484375
1 0.03662109375 0.744140625 0.0205078125 0.03271484375
3 0.12109375 0.74365234375 0.0185546875 0.03125
4 0.20751953125 0.7431640625 0.0185546875 0.02978515625
2 0.294921875 0.74267578125 0.01806640625 0.03173828125
5 0.380859375 0.741943359375 0.01953125 0.033203125
6 0.468017578125 0.740966796875 0.01806640625 0.033203125
7 0.555419921875 0.739501953125 0.0185546875 0.0322265625
8 0.641845703125 0.740478515625 0.0205078125 0.03515625
0 0.037841796875 0.791015625 0.01806640625 0.0322265625
54 0.760986328125 0.649169921875 0.02099609375 0.02978515625
9 0.730224609375 0.73876953125 0.0205078125 0.03173828125
9 0.790771484375 0.64892578125 0.0185546875 0.0302734375
52 0.010986328125 0.927001953125 0.01904296875 0.03125
37 0.039794921875 0.92578125 0.01806640625 0.03173828125
46 0.069091796875 0.925537109375 0.01953125 0.02978515625
37 0.096923828125 0.926513671875 0.01953125 0.03173828125
53 0.123779296875 0.92626953125 0.02001953125 0.03173828125
41 0.153564453125 0.92578125 0.0185546875 0.0302734375
37 0.181396484375 0.925048828125 0.01806640625 0.02978515625
53 0.210693359375 0.925048828125 0.01904296875 0.029296875
46 0.239990234375 0.92431640625 0.01904296875 0.029296875
61 0.297607421875 0.924072265625 0.02099609375 0.03173828125
52 0.325927734375 0.9248046875 0.01953125 0.03271484375
37 0.354248046875 0.923828125 0.02001953125 0.0322265625
46 0.383544921875 0.924072265625 0.017578125 0.03125
37 0.412841796875 0.923828125 0.01904296875 0.03173828125
59 0.47021484375 0.922119140625 0.01806640625 0.029296875
37 0.4990234375 0.92236328125 0.01806640625 0.02783203125
48 0.55712890625 0.922607421875 0.01806640625 0.03125
53 0.58544921875 0.92138671875 0.01953125 0.03076171875
65 0.6142578125 0.921630859375 0.0185546875 0.0302734375
55 0.64306640625 0.921142578125 0.01953125 0.03125
50 0.01416015625 0.970703125 0.02294921875 0.02978515625
61 0.04248046875 0.971435546875 0.02197265625 0.0322265625
52 0.07080078125 0.97021484375 0.02099609375 0.03076171875
61 0.10009765625 0.97021484375 0.01953125 0.03125
59 0.1279296875 0.969970703125 0.01806640625 0.03076171875
60 0.15673828125 0.970703125 0.0205078125 0.03076171875
37 0.18212890625 0.96923828125 0.0185546875 0.03173828125
50 0.23974609375 0.9697265625 0.017578125 0.029296875
37 0.27001953125 0.970703125 0.01806640625 0.0302734375
65 0.29833984375 0.970458984375 0.02001953125 0.0302734375
55 0.326171875 0.97021484375 0.017578125 0.03173828125