50 0.04443359375 0.111328125 0.0263671875 0.0458984375
51 0.08935546875 0.109375 0.029296875 0.0458984375
52 0.134765625 0.109375 0.0263671875 0.0458984375
53 0.17919921875 0.10791015625 0.0283203125 0.04638671875
42 0.27001953125 0.10693359375 0.0283203125 0.044921875
44 0.31396484375 0.10791015625 0.029296875 0.0478515625
53 0.404296875 0.10791015625 0.02978515625 0.04833984375
46 0.451171875 0.10595703125 0.02783203125 0.04833984375
55 0.54248046875 0.1044921875 0.02978515625 0.0478515625
56 0.5888671875 0.10595703125 0.033203125 0.05029296875
57 0.63330078125 0.10546875 0.02978515625 0.0478515625
58 0.68115234375 0.1044921875 0.033203125 0.04736328125
59 0.72705078125 0.10693359375 0.02880859375 0.04638671875
60 0.7724609375 0.10546875 0.029296875 0.0478515625
61 0.8193359375 0.10546875 0.02783203125 0.0478515625
54 0.0419921875 0.181640625 0.02685546875 0.04541015625
54 0.13037109375 0.1796875 0.0283203125 0.04541015625
54 0.22119140625 0.18017578125 0.02880859375 0.04541015625
43 0.08154296875 0.3251953125 0.02978515625 0.048828125
45 0.17236328125 0.32177734375 0.02880859375 0.05029296875
46 0.265625 0.322265625 0.02783203125 0.04541015625
47 0.35791015625 0.3232421875 0.02978515625 0.04541015625
48 0.44970703125 0.3232421875 0.029296875 0.04638671875
49 0.5419921875 0.32421875 0.029296875 0.05126953125
50 0.634765625 0.32275390625 0.0341796875 0.05078125
51 0.72802734375 0.32421875 0.033203125 0.048828125
52 0.82177734375 0.32373046875 0.03466796875 0.0498046875
56 0.0361328125 0.3994140625 0.0322265625 0.05078125
57 0.1259765625 0.3984375 0.0322265625 0.0498046875
58 0.2177734375 0.3974609375 0.03125 0.04833984375
59 0.3115234375 0.39990234375 0.03076171875 0.05078125
60 0.4033203125 0.3994140625 0.03173828125 0.05029296875
61 0.4951171875 0.3994140625 0.03466796875 0.05126953125
62 0.58837890625 0.40087890625 0.03173828125 0.0498046875
63 0.6826171875 0.39990234375 0.0322265625 0.04833984375
59 0.03515625 0.54150390625 0.029296875 0.04833984375
54 0.0791015625 0.6943359375 0.03076171875 0.048828125
54 0.2158203125 0.69482421875 0.029296875 0.05126953125
54 0.35693359375 0.69580078125 0.02880859375 0.048828125
54 0.49462890625 0.6953125 0.03173828125 0.04736328125
54 0.63427734375 0.697265625 0.0322265625 0.052734375
54 0.77783203125 0.69970703125 0.033203125 0.052734375
54 0.12646484375 0.83984375 0.0283203125 0.04638671875
54 0.2607421875 0.84375 0.0322265625 0.0498046875
54 0.40283203125 0.84423828125 0.03076171875 0.0478515625
54 0.54345703125 0.84619140625 0.03173828125 0.048828125
54 0.68359375 0.84521484375 0.03125 0.0498046875
4 0.125 0.69482421875 0.02783203125 0.04345703125
5 0.2626953125 0.6943359375 0.03125 0.05029296875
6 0.40234375 0.69580078125 0.029296875 0.04541015625
7 0.541015625 0.6962890625 0.0283203125 0.0478515625
8 0.6826171875 0.697265625 0.03125 0.05126953125
9 0.82470703125 0.69921875 0.03173828125 0.052734375
5 0.16796875 0.83935546875 0.02978515625 0.04736328125
6 0.31005859375 0.84326171875 0.029296875 0.048828125
7 0.44873046875 0.84228515625 0.02978515625 0.04736328125
8 0.5869140625 0.845703125 0.02685546875 0.05078125
9 0.72900390625 0.845703125 0.02978515625 0.05078125