54 0.16455078125 0.40576171875 0.05029296875 0.08642578125
54 0.406494140625 0.396484375 0.04931640625 0.083984375
54 0.638427734375 0.3916015625 0.04345703125 0.07861328125
54 0.254638671875 0.6474609375 0.05224609375 0.0830078125
54 0.492919921875 0.63720703125 0.0537109375 0.08740234375
7 0.24267578125 0.39990234375 0.05029296875 0.083984375
8 0.480712890625 0.396484375 0.0478515625 0.08203125
9 0.718017578125 0.3896484375 0.04248046875 0.0830078125
8 0.330810546875 0.64794921875 0.0556640625 0.0908203125
9 0.568603515625 0.63623046875 0.046875 0.0830078125
46 0.09228515625 0.654296875 0.0556640625 0.0908203125