54 0.193359375 0.2255859375 0.03955078125 0.06884765625
54 0.18994140625 0.3232421875 0.03955078125 0.06884765625
54 0.3720703125 0.22021484375 0.03955078125 0.06884765625
54 0.556640625 0.22119140625 0.03955078125 0.06884765625
54 0.75439453125 0.2177734375 0.03955078125 0.06884765625
54 0.95654296875 0.2177734375 0.03955078125 0.06884765625
1 0.25 0.22314453125 0.03955078125 0.06884765625
3 0.4345703125 0.21875 0.03955078125 0.06884765625
4 0.62451171875 0.216796875 0.03955078125 0.06884765625
2 0.8212890625 0.21533203125 0.03955078125 0.06884765625
0 0.2509765625 0.3232421875 0.03955078125 0.06884765625
37 0.2490234375 0.611328125 0.03955078125 0.06884765625
52 0.1923828125 0.611328125 0.03955078125 0.06884765625
46 0.31103515625 0.61572265625 0.03955078125 0.06884765625
37 0.36865234375 0.61669921875 0.03955078125 0.06884765625
53 0.43017578125 0.6142578125 0.03955078125 0.06884765625
41 0.4912109375 0.61865234375 0.03955078125 0.06884765625
37 0.55126953125 0.6201171875 0.03955078125 0.06884765625
53 0.61572265625 0.62109375 0.03955078125 0.06884765625
46 0.677734375 0.62353515625 0.03955078125 0.06884765625
61 0.8056640625 0.6298828125 0.03955078125 0.06884765625
52 0.8720703125 0.62890625 0.03955078125 0.06884765625
37 0.9345703125 0.63134765625 0.03955078125 0.06884765625
50 0.193359375 0.70654296875 0.03955078125 0.06884765625
61 0.25341796875 0.70654296875 0.03955078125 0.06884765625
52 0.314453125 0.7080078125 0.03955078125 0.06884765625
61 0.3720703125 0.71337890625 0.03955078125 0.06884765625
59 0.43115234375 0.71533203125 0.03955078125 0.06884765625
60 0.490234375 0.71533203125 0.03955078125 0.06884765625
37 0.55224609375 0.716796875 0.03955078125 0.06884765625
50 0.67431640625 0.7255859375 0.03955078125 0.06884765625
37 0.7421875 0.724609375 0.03955078125 0.06884765625
65 0.8046875 0.7265625 0.03955078125 0.06884765625
55 0.86767578125 0.7333984375 0.0419921875 0.0732421875