53 0.0849609375 0.294921875 0.0595703125 0.09326171875
46 0.1650390625 0.2939453125 0.0498046875 0.09130859375
55 0.3173828125 0.2958984375 0.0546875 0.0947265625
56 0.39599609375 0.29931640625 0.0546875 0.0947265625
57 0.470703125 0.30078125 0.0546875 0.0947265625
58 0.5458984375 0.3056640625 0.0546875 0.0947265625
59 0.62060546875 0.302734375 0.0546875 0.0947265625
60 0.69091796875 0.3076171875 0.0546875 0.0947265625
61 0.7607421875 0.3056640625 0.0546875 0.0947265625
60 0.109375 0.7626953125 0.0546875 0.08154296875
61 0.255859375 0.7607421875 0.0546875 0.08154296875
62 0.39599609375 0.75927734375 0.0546875 0.08154296875
63 0.53759765625 0.75732421875 0.0546875 0.08154296875
52 0.7490234375 0.63916015625 0.0546875 0.08154296875
50 0.607421875 0.64404296875 0.0546875 0.08154296875
50 0.47265625 0.64599609375 0.0546875 0.08154296875
49 0.3251953125 0.6474609375 0.0498046875 0.078125
48 0.1767578125 0.6474609375 0.0498046875 0.078125
47 0.02978515625 0.65087890625 0.0498046875 0.078125