54 0.1787109375 0.330078125 0.048828125 0.07080078125
54 0.38720703125 0.3154296875 0.04296875 0.0732421875
54 0.599609375 0.3017578125 0.04736328125 0.07666015625
54 0.8134765625 0.2861328125 0.04443359375 0.07861328125
54 0.041015625 0.556640625 0.048828125 0.0751953125
54 0.2568359375 0.541015625 0.048828125 0.0751953125
54 0.47412109375 0.52783203125 0.0498046875 0.08203125
54 0.68994140625 0.51171875 0.04443359375 0.07421875
6 0.24609375 0.32421875 0.04541015625 0.0732421875
7 0.45703125 0.31103515625 0.04296875 0.07080078125
8 0.66845703125 0.296875 0.04736328125 0.0751953125
9 0.8759765625 0.27978515625 0.041015625 0.07080078125
6 0.11279296875 0.5478515625 0.04736328125 0.07080078125
7 0.3291015625 0.53271484375 0.04638671875 0.06982421875
8 0.54150390625 0.52734375 0.0498046875 0.0810546875
9 0.75927734375 0.5087890625 0.04736328125 0.0751953125