62 0.052001953125 0.13037109375 0.06298828125 0.09521484375
63 0.141357421875 0.134765625 0.06640625 0.1005859375
64 0.229736328125 0.13671875 0.06103515625 0.10400390625
65 0.318115234375 0.140869140625 0.06005859375 0.099609375
66 0.40869140625 0.142822265625 0.0634765625 0.10302734375
40 0.583251953125 0.154296875 0.0654296875 0.099609375
40 0.672119140625 0.1572265625 0.0634765625 0.10302734375
40 0.76025390625 0.16015625 0.06005859375 0.10498046875
54 0.932373046875 0.177978515625 0.05712890625 0.0927734375
40 0.058837890625 0.275390625 0.0615234375 0.091796875
33 0.143798828125 0.27490234375 0.05859375 0.09423828125
48 0.229736328125 0.27490234375 0.060546875 0.09423828125
60 0.31689453125 0.281982421875 0.0537109375 0.0927734375
47 0.404541015625 0.281982421875 0.05712890625 0.0927734375
59 0.5791015625 0.293212890625 0.06298828125 0.091796875
56 0.6640625 0.297119140625 0.0615234375 0.091796875
37 0.7509765625 0.298828125 0.05517578125 0.08984375
39 0.835205078125 0.302734375 0.052734375 0.0849609375
43 0.919677734375 0.30615234375 0.04833984375 0.0830078125
37 0.06298828125 0.415283203125 0.06396484375 0.0908203125
38 0.14892578125 0.413818359375 0.06298828125 0.091796875
37 0.31982421875 0.418701171875 0.05859375 0.08837890625
38 0.487548828125 0.423583984375 0.0537109375 0.08642578125
39 0.652099609375 0.428955078125 0.0537109375 0.08203125
41 0.8173828125 0.4404296875 0.0537109375 0.08642578125
43 0.974609375 0.44677734375 0.05078125 0.083984375
53 0.06787109375 0.541748046875 0.0595703125 0.08837890625
44 0.318359375 0.546630859375 0.060546875 0.0830078125
42 0.23583984375 0.545166015625 0.05712890625 0.0849609375
53 0.479736328125 0.5517578125 0.05078125 0.0830078125
46 0.561279296875 0.552734375 0.052734375 0.08203125
55 0.717529296875 0.564697265625 0.052734375 0.0830078125
56 0.874755859375 0.572021484375 0.060546875 0.08056640625
65 0.080078125 0.662109375 0.0595703125 0.07958984375
66 0.23828125 0.665283203125 0.05859375 0.07861328125
40 0.09130859375 0.771728515625 0.0537109375 0.07421875
24 0.1611328125 0.7734375 0.05859375 0.0751953125
19 0.23779296875 0.774658203125 0.0537109375 0.07763671875
53 0.39404296875 0.775390625 0.052734375 0.0751953125
61 0.468017578125 0.77734375 0.0517578125 0.076171875
52 0.544189453125 0.778076171875 0.05078125 0.07763671875
38 0.620849609375 0.7802734375 0.052734375 0.07763671875
43 0.693603515625 0.78564453125 0.04931640625 0.07421875
58 0.769287109375 0.787353515625 0.0517578125 0.07958984375
59 0.8408203125 0.79150390625 0.05224609375 0.06982421875