53 0.28308333333333335 0.14 0.035833333333333335 0.058666666666666666
55 0.33341666666666664 0.139 0.0365 0.054
59 0.4334166666666667 0.13983333333333334 0.0325 0.056666666666666664
56 0.48291666666666666 0.14083333333333334 0.031166666666666665 0.05466666666666667
37 0.535 0.14208333333333334 0.03666666666666667 0.059166666666666666
39 0.58125 0.1425 0.034166666666666665 0.06
49 0.29352666666666666 0.30289 0.029166666666666667 0.052
43 0.6316666666666667 0.1425 0.03333333333333333 0.06166666666666667
50 0.34030333333333335 0.30311333333333335 0.0285 0.05333333333333334
52 0.43463666666666667 0.30322333333333334 0.03183333333333333 0.051333333333333335
53 0.48141333333333336 0.30333333333333334 0.0325 0.052
42 0.5737466666666666 0.30422333333333335 0.0345 0.052
44 0.6238566666666666 0.3044466666666667 0.031166666666666665 0.050666666666666665
53 0.7189666666666666 0.30411333333333335 0.0325 0.054
46 0.7666333333333334 0.30555666666666664 0.029166666666666667 0.05333333333333334
55 0.8616333333333334 0.3072233333333333 0.031166666666666665 0.051333333333333335
54 0.34641 0.37889 0.0305 0.04933333333333333
54 0.4378533333333333 0.3805566666666667 0.029833333333333333 0.05
54 0.5287433333333333 0.38233333333333336 0.029833333333333333 0.04466666666666667
39 0.30174333333333336 0.4461133333333333 0.0345 0.046
43 0.3458533333333333 0.4460033333333333 0.031166666666666665 0.04666666666666667
41 0.3043 0.5161133333333333 0.0325 0.046
43 0.39219 0.5174466666666666 0.0305 0.046
45 0.4809666666666667 0.5162233333333334 0.031166666666666665 0.04666666666666667
46 0.56919 0.5191133333333333 0.031166666666666665 0.04666666666666667
47 0.6599666666666667 0.52078 0.0305 0.051333333333333335
48 0.7490766666666667 0.5214466666666666 0.0305 0.048666666666666664
49 0.8407433333333333 0.5252233333333334 0.031166666666666665 0.051333333333333335
55 0.2643 0.5835566666666667 0.0325 0.04666666666666667
56 0.35263333333333335 0.5845566666666667 0.03183333333333333 0.04733333333333333
57 0.4383 0.58678 0.031166666666666665 0.04733333333333333
58 0.52341 0.58478 0.031166666666666665 0.04466666666666667
59 0.61152 0.58989 0.03183333333333333 0.046
60 0.7007433333333334 0.5915566666666667 0.0325 0.04533333333333334
61 0.78752 0.59389 0.033166666666666664 0.048666666666666664
62 0.8759633333333333 0.5956666666666667 0.03183333333333333 0.048666666666666664
59 0.18508333333333332 0.142 0.035833333333333335 0.058666666666666666
58 0.13575 0.14 0.035833333333333335 0.058666666666666666
43 0.08508333333333333 0.138 0.035833333333333335 0.058666666666666666
60 0.03841666666666667 0.14 0.035833333333333335 0.058666666666666666
51 0.3866366666666667 0.30289 0.0305 0.05333333333333334
43 0.05519333333333334 0.29922333333333334 0.035166666666666666 0.05266666666666667
45 0.10119333333333333 0.29922333333333334 0.035166666666666666 0.05266666666666667
46 0.14919333333333332 0.29989 0.035166666666666666 0.05266666666666667
47 0.19586 0.29789 0.035166666666666666 0.05266666666666667
65 0.01786 0.37789 0.035166666666666666 0.05266666666666667
48 0.24652666666666667 0.29922333333333334 0.035166666666666666 0.05266666666666667
66 0.06586 0.37789 0.035166666666666666 0.05266666666666667
40 0.16107666666666667 0.3795566666666667 0.0305 0.04933333333333333
40 0.20574333333333333 0.3775566666666667 0.0305 0.04933333333333333
40 0.25307666666666667 0.37889 0.0305 0.04933333333333333
60 0.02986 0.4505566666666667 0.035166666666666666 0.05266666666666667
47 0.07052666666666667 0.44989 0.035166666666666666 0.05266666666666667
47 0.07052666666666667 0.44989 0.035166666666666666 0.05266666666666667
59 0.16386 0.44989 0.035166666666666666 0.05266666666666667
56 0.2085266666666667 0.4465566666666667 0.035166666666666666 0.05266666666666667
37 0.2565266666666667 0.44722333333333336 0.035166666666666666 0.05266666666666667
37 0.03786 0.5192233333333334 0.035166666666666666 0.05266666666666667
38 0.12519333333333332 0.5178900000000001 0.035166666666666666 0.05266666666666667
39 0.21386000000000002 0.5185566666666667 0.035166666666666666 0.05266666666666667
46 0.17919333333333334 0.5865566666666667 0.035166666666666666 0.05266666666666667
53 0.13386 0.5852233333333333 0.035166666666666666 0.05266666666666667
46 0.04852666666666667 0.5852233333333333 0.035166666666666666 0.05266666666666667
56 0.9103 0.30589 0.031166666666666665 0.051333333333333335
57 0.9569666666666667 0.30789 0.031166666666666665 0.051333333333333335
50 0.9289666666666667 0.5238900000000001 0.031166666666666665 0.051333333333333335
63 0.9676333333333333 0.5952233333333333 0.031166666666666665 0.051333333333333335
53 0.10552666666666666 0.7055566666666667 0.0305 0.04533333333333334
61 0.14752666666666667 0.7042233333333333 0.0305 0.04533333333333334
52 0.18686000000000003 0.70489 0.0305 0.04533333333333334
38 0.22819333333333336 0.7055566666666667 0.0305 0.04533333333333334
43 0.27086 0.7055566666666667 0.0305 0.04533333333333334
58 0.31286 0.7082233333333333 0.0305 0.04533333333333334
59 0.3561933333333333 0.70889 0.0305 0.04533333333333334
54 0.07707666666666667 0.8272233333333333 0.027833333333333335 0.042
54 0.19507666666666668 0.8332233333333333 0.027833333333333335 0.042
54 0.27774333333333334 0.8352233333333333 0.027833333333333335 0.042
54 0.3970766666666667 0.8405566666666667 0.027833333333333335 0.042
54 0.5230766666666666 0.8445566666666667 0.027833333333333335 0.042
54 0.6477433333333333 0.8472233333333333 0.027833333333333335 0.042
54 0.77241 0.84989 0.027833333333333335 0.042
54 0.8977433333333333 0.8505566666666667 0.027833333333333335 0.042
54 0.9290766666666667 0.96989 0.027833333333333335 0.042
54 0.8070766666666667 0.9705566666666667 0.027833333333333335 0.042
54 0.6850766666666667 0.9672233333333333 0.027833333333333335 0.042
54 0.56041 0.9685566666666667 0.027833333333333335 0.042
54 0.4397433333333333 0.9632233333333333 0.027833333333333335 0.042
54 0.3177433333333333 0.96189 0.027833333333333335 0.042
54 0.19574333333333335 0.95789 0.027833333333333335 0.042
54 0.08107666666666666 0.94989 0.027833333333333335 0.042
1 0.11374333333333334 0.8272233333333333 0.027833333333333335 0.042
2 0.23441 0.8332233333333333 0.027833333333333335 0.042
3 0.31641 0.8365566666666667 0.027833333333333335 0.042
4 0.43841 0.8385566666666667 0.027833333333333335 0.042
5 0.5630766666666667 0.8432233333333333 0.027833333333333335 0.042
6 0.6910766666666667 0.8445566666666667 0.027833333333333335 0.042
7 0.81441 0.84789 0.027833333333333335 0.042
8 0.93841 0.85189 0.027833333333333335 0.042
3 0.11774333333333334 0.9505566666666667 0.027833333333333335 0.042
4 0.23641 0.9572233333333333 0.027833333333333335 0.042
2 0.35707666666666665 0.9612233333333333 0.027833333333333335 0.042
5 0.47774333333333335 0.9652233333333333 0.027833333333333335 0.042
6 0.60241 0.9685566666666667 0.027833333333333335 0.042
7 0.7257433333333333 0.96989 0.027833333333333335 0.042
8 0.8490766666666667 0.96989 0.027833333333333335 0.042
9 0.9710766666666667 0.9712233333333333 0.027833333333333335 0.042