53 0.22021484375 0.05712890625 0.02197265625 0.0390625
61 0.251953125 0.056640625 0.0224609375 0.03857421875
52 0.28369140625 0.05615234375 0.02294921875 0.03857421875
38 0.3173828125 0.05615234375 0.0224609375 0.03759765625
43 0.34765625 0.05615234375 0.021484375 0.037109375
58 0.38037109375 0.05908203125 0.021484375 0.0380859375
59 0.412109375 0.060546875 0.02099609375 0.03759765625
54 0.103515625 0.1650390625 0.02197265625 0.03515625
54 0.1982421875 0.16357421875 0.01904296875 0.03759765625
54 0.2900390625 0.1650390625 0.01953125 0.03662109375
54 0.35205078125 0.166015625 0.017578125 0.03759765625
54 0.44287109375 0.16796875 0.02099609375 0.03662109375
54 0.533203125 0.1689453125 0.01904296875 0.03564453125
54 0.6220703125 0.169921875 0.01708984375 0.0341796875
54 0.71142578125 0.171875 0.01806640625 0.03466796875
54 0.798828125 0.173828125 0.01953125 0.0341796875
54 0.88818359375 0.17626953125 0.01904296875 0.03173828125
54 0.11474609375 0.26220703125 0.01953125 0.03369140625
54 0.20556640625 0.26318359375 0.01904296875 0.03466796875
54 0.294921875 0.2646484375 0.0185546875 0.03466796875
54 0.384765625 0.26416015625 0.01806640625 0.033203125
54 0.47216796875 0.26708984375 0.01708984375 0.03564453125
54 0.55908203125 0.267578125 0.01708984375 0.03466796875
54 0.64794921875 0.26806640625 0.01611328125 0.03369140625
54 0.734375 0.26904296875 0.0185546875 0.03271484375
54 0.8212890625 0.26953125 0.017578125 0.03173828125
54 0.11962890625 0.31005859375 0.01806640625 0.03173828125
0 0.1337890625 0.16357421875 0.0205078125 0.03564453125
1 0.22509765625 0.16259765625 0.0205078125 0.0361328125
2 0.3203125 0.16455078125 0.01904296875 0.037109375
3 0.380859375 0.16650390625 0.02001953125 0.037109375
4 0.47216796875 0.16748046875 0.01904296875 0.03564453125
5 0.56298828125 0.16943359375 0.01904296875 0.0361328125
6 0.65234375 0.169921875 0.01953125 0.03564453125
7 0.74072265625 0.17236328125 0.01806640625 0.033203125
8 0.8291015625 0.173828125 0.0185546875 0.0341796875
9 0.91650390625 0.17578125 0.01806640625 0.03173828125
1 0.14306640625 0.26171875 0.0205078125 0.03466796875
4 0.32421875 0.263671875 0.0185546875 0.03369140625
3 0.23388671875 0.263671875 0.01953125 0.03662109375
2 0.41259765625 0.2646484375 0.01953125 0.03173828125
5 0.5009765625 0.2666015625 0.0205078125 0.037109375
6 0.58984375 0.26708984375 0.0185546875 0.0341796875
7 0.677734375 0.26806640625 0.01806640625 0.03271484375
8 0.76318359375 0.26953125 0.0166015625 0.0341796875
9 0.85009765625 0.26904296875 0.01904296875 0.03369140625
0 0.1484375 0.31005859375 0.0185546875 0.03271484375
52 0.12255859375 0.451171875 0.021484375 0.03125
37 0.15234375 0.451171875 0.021484375 0.033203125
46 0.18115234375 0.451171875 0.01904296875 0.03173828125
37 0.2109375 0.44970703125 0.01806640625 0.03125
53 0.23974609375 0.451171875 0.0205078125 0.03173828125
41 0.26953125 0.45068359375 0.01904296875 0.03076171875
37 0.30126953125 0.45068359375 0.02099609375 0.03076171875
53 0.32763671875 0.45068359375 0.02099609375 0.03173828125
46 0.35791015625 0.45068359375 0.0205078125 0.03076171875
61 0.4150390625 0.451171875 0.02197265625 0.03173828125
52 0.44384765625 0.4501953125 0.01904296875 0.03125
37 0.47216796875 0.4501953125 0.02099609375 0.0302734375
46 0.50048828125 0.45068359375 0.01708984375 0.02880859375
37 0.5263671875 0.44921875 0.01806640625 0.0283203125
59 0.5830078125 0.45068359375 0.0185546875 0.0302734375
37 0.611328125 0.45068359375 0.01953125 0.029296875
48 0.66748046875 0.45166015625 0.0185546875 0.029296875
53 0.69482421875 0.45068359375 0.0185546875 0.029296875
65 0.72265625 0.45166015625 0.01806640625 0.0302734375
55 0.75048828125 0.451171875 0.01708984375 0.0302734375
50 0.12451171875 0.498046875 0.021484375 0.03271484375
61 0.1533203125 0.4970703125 0.021484375 0.03271484375
52 0.18310546875 0.4970703125 0.0205078125 0.033203125
61 0.212890625 0.49658203125 0.02001953125 0.0322265625
59 0.24169921875 0.498046875 0.01806640625 0.02880859375
60 0.271484375 0.498046875 0.0185546875 0.03125
37 0.2998046875 0.4970703125 0.01806640625 0.0302734375
50 0.35888671875 0.49658203125 0.02001953125 0.02978515625
37 0.3876953125 0.49658203125 0.0185546875 0.029296875
65 0.4150390625 0.4970703125 0.01806640625 0.0302734375
55 0.44384765625 0.49658203125 0.0185546875 0.03125