54 0.083251953125 0.4619140625 0.068359375 0.09912109375
54 0.162353515625 0.7099609375 0.068359375 0.09912109375
54 0.312744140625 0.462890625 0.068359375 0.09912109375
54 0.543212890625 0.4619140625 0.068359375 0.09912109375
54 0.626220703125 0.70068359375 0.068359375 0.09912109375
54 0.392822265625 0.70068359375 0.068359375 0.09912109375
6 0.161376953125 0.46630859375 0.06689453125 0.09228515625
7 0.391357421875 0.4658203125 0.06298828125 0.09130859375
7 0.238037109375 0.7060546875 0.06298828125 0.09130859375
8 0.469970703125 0.70068359375 0.06298828125 0.09130859375
9 0.704833984375 0.69775390625 0.06298828125 0.09130859375
54 0.772705078125 0.458984375 0.068359375 0.09912109375
9 0.852783203125 0.45751953125 0.068359375 0.09912109375
8 0.615478515625 0.46044921875 0.06298828125 0.09130859375