40 0.059814453125 0.03662109375 0.0263671875 0.037109375
22 0.094970703125 0.03515625 0.02587890625 0.0380859375
14 0.125244140625 0.03466796875 0.02294921875 0.0361328125
30 0.158935546875 0.0361328125 0.02099609375 0.0380859375
30 0.190673828125 0.03515625 0.02099609375 0.03759765625
14 0.223388671875 0.03466796875 0.02197265625 0.03662109375
28 0.256103515625 0.03466796875 0.02001953125 0.03662109375
29 0.287841796875 0.03515625 0.01904296875 0.03515625
53 0.352294921875 0.03564453125 0.0205078125 0.037109375
55 0.385498046875 0.0341796875 0.0205078125 0.03662109375
59 0.450439453125 0.03466796875 0.021484375 0.037109375
56 0.483154296875 0.03466796875 0.02099609375 0.0361328125
37 0.514892578125 0.03564453125 0.0234375 0.03662109375
39 0.547119140625 0.03564453125 0.0234375 0.037109375
43 0.578857421875 0.03564453125 0.0224609375 0.03662109375
37 0.069580078125 0.14453125 0.0234375 0.0361328125
38 0.100341796875 0.14404296875 0.02294921875 0.03564453125
39 0.132568359375 0.142578125 0.021484375 0.03515625
41 0.164306640625 0.1435546875 0.02099609375 0.0341796875
43 0.196533203125 0.1435546875 0.02197265625 0.03662109375
45 0.228271484375 0.14404296875 0.01953125 0.0361328125
46 0.260498046875 0.14404296875 0.021484375 0.033203125
47 0.293212890625 0.14501953125 0.01953125 0.03466796875
48 0.323486328125 0.14453125 0.0185546875 0.03369140625
49 0.357666015625 0.14599609375 0.0205078125 0.03857421875
50 0.387451171875 0.1455078125 0.021484375 0.037109375
51 0.420654296875 0.14501953125 0.0224609375 0.03759765625
52 0.450927734375 0.1455078125 0.02294921875 0.03515625
53 0.482177734375 0.14599609375 0.021484375 0.03662109375
42 0.54345703125 0.1474609375 0.02294921875 0.03759765625
44 0.577392578125 0.146484375 0.02294921875 0.03857421875
53 0.6396484375 0.14697265625 0.021484375 0.03515625
46 0.671630859375 0.14599609375 0.01806640625 0.03564453125
55 0.734130859375 0.14599609375 0.02294921875 0.03759765625
56 0.766845703125 0.14501953125 0.0234375 0.0361328125
57 0.797119140625 0.14404296875 0.02001953125 0.03662109375
58 0.829833984375 0.1455078125 0.0224609375 0.03759765625
59 0.862060546875 0.1455078125 0.0224609375 0.03564453125
60 0.892333984375 0.146484375 0.021484375 0.03515625
61 0.923095703125 0.146484375 0.02099609375 0.03662109375
62 0.072509765625 0.19775390625 0.0234375 0.0341796875
63 0.104248046875 0.19873046875 0.0224609375 0.03515625
64 0.135498046875 0.19873046875 0.0224609375 0.03515625
65 0.167724609375 0.19873046875 0.0244140625 0.03662109375
66 0.198974609375 0.19775390625 0.02294921875 0.03564453125
40 0.262451171875 0.1982421875 0.0224609375 0.03515625
40 0.294677734375 0.19921875 0.02001953125 0.0341796875
40 0.326904296875 0.19970703125 0.02001953125 0.033203125
54 0.389404296875 0.19873046875 0.01953125 0.0341796875
54 0.450439453125 0.19970703125 0.02001953125 0.03515625
54 0.512939453125 0.2001953125 0.0205078125 0.0341796875
40 0.0771484375 0.24853515625 0.0234375 0.0361328125
33 0.10888671875 0.24755859375 0.0224609375 0.0341796875
19 0.14013671875 0.24951171875 0.02099609375 0.03466796875
30 0.1708984375 0.24951171875 0.021484375 0.03515625
47 0.203125 0.2490234375 0.02197265625 0.03564453125
59 0.265625 0.2490234375 0.0205078125 0.03564453125
56 0.296875 0.24853515625 0.0205078125 0.03515625
37 0.32861328125 0.248046875 0.02294921875 0.03466796875
39 0.359375 0.24755859375 0.02001953125 0.03466796875
43 0.39013671875 0.248046875 0.01953125 0.0341796875
37 0.079833984375 0.30078125 0.0224609375 0.03515625
38 0.111572265625 0.30029296875 0.0224609375 0.03564453125
37 0.173583984375 0.2998046875 0.0205078125 0.03369140625
38 0.238525390625 0.29931640625 0.0205078125 0.03466796875
39 0.298583984375 0.2998046875 0.0224609375 0.033203125
41 0.359619140625 0.30078125 0.0205078125 0.03515625
43 0.421142578125 0.30029296875 0.02099609375 0.0361328125
45 0.482177734375 0.30078125 0.0185546875 0.03515625
46 0.542724609375 0.30078125 0.02099609375 0.037109375
47 0.603271484375 0.2998046875 0.01806640625 0.03466796875
48 0.665771484375 0.2998046875 0.0205078125 0.03466796875
49 0.726318359375 0.30078125 0.02001953125 0.03662109375
50 0.789306640625 0.2998046875 0.0205078125 0.03271484375
51 0.849853515625 0.298828125 0.02392578125 0.03564453125
52 0.912353515625 0.29931640625 0.02392578125 0.033203125
53 0.083984375 0.35107421875 0.0234375 0.0361328125
42 0.14599609375 0.3505859375 0.02197265625 0.037109375
44 0.17822265625 0.35009765625 0.021484375 0.03515625
53 0.2392578125 0.3515625 0.0205078125 0.03515625
46 0.2705078125 0.3515625 0.02001953125 0.03515625
55 0.33251953125 0.35009765625 0.021484375 0.03515625
56 0.39208984375 0.35009765625 0.0205078125 0.03515625
57 0.451171875 0.3515625 0.0205078125 0.03466796875
58 0.5107421875 0.349609375 0.0185546875 0.03271484375
59 0.57177734375 0.3505859375 0.01953125 0.03369140625
60 0.6318359375 0.35107421875 0.02001953125 0.033203125
61 0.69091796875 0.34912109375 0.01708984375 0.03125
62 0.75341796875 0.35009765625 0.02099609375 0.033203125
63 0.81591796875 0.3486328125 0.02099609375 0.03662109375
65 0.09033203125 0.39892578125 0.0234375 0.033203125
66 0.1513671875 0.3994140625 0.0234375 0.03271484375
53 0.215087890625 0.4443359375 0.02099609375 0.033203125
61 0.244873046875 0.443359375 0.02294921875 0.03125
52 0.275146484375 0.443359375 0.02001953125 0.03076171875
38 0.306396484375 0.44384765625 0.0224609375 0.03173828125
43 0.335205078125 0.4443359375 0.01904296875 0.03369140625
58 0.364501953125 0.44384765625 0.01806640625 0.03271484375
59 0.393798828125 0.44384765625 0.01953125 0.03125
54 0.105224609375 0.5390625 0.01953125 0.0302734375
54 0.193603515625 0.53564453125 0.01708984375 0.02783203125
54 0.279541015625 0.53662109375 0.017578125 0.0302734375
54 0.337646484375 0.5361328125 0.01708984375 0.03173828125
54 0.424072265625 0.537109375 0.01611328125 0.02783203125
54 0.510498046875 0.53662109375 0.01904296875 0.03076171875
54 0.596435546875 0.5390625 0.02099609375 0.03076171875
54 0.685791015625 0.5390625 0.01953125 0.02978515625
54 0.776123046875 0.5400390625 0.0205078125 0.03125
54 0.114501953125 0.62353515625 0.017578125 0.0302734375
54 0.197021484375 0.62353515625 0.01904296875 0.0283203125
54 0.281982421875 0.6240234375 0.01904296875 0.0302734375
54 0.367431640625 0.6240234375 0.0185546875 0.03076171875
54 0.451904296875 0.625 0.017578125 0.03076171875
54 0.536376953125 0.62646484375 0.0185546875 0.03173828125
54 0.624755859375 0.6279296875 0.015625 0.03076171875
54 0.712646484375 0.62890625 0.02001953125 0.0302734375
54 0.802001953125 0.630859375 0.02001953125 0.0302734375
54 0.11669921875 0.66748046875 0.01953125 0.02783203125
0 0.134521484375 0.53857421875 0.01953125 0.0322265625
1 0.221435546875 0.53564453125 0.01904296875 0.03076171875
2 0.307861328125 0.537109375 0.017578125 0.03173828125
3 0.366943359375 0.537109375 0.0185546875 0.0302734375
4 0.451416015625 0.53662109375 0.0185546875 0.03076171875
5 0.538330078125 0.53662109375 0.017578125 0.0322265625
6 0.626220703125 0.5390625 0.0185546875 0.0322265625
7 0.715087890625 0.53955078125 0.01904296875 0.03173828125
8 0.804931640625 0.53955078125 0.01708984375 0.0322265625
54 0.865966796875 0.54150390625 0.01904296875 0.029296875
9 0.896728515625 0.541015625 0.0185546875 0.03076171875
1 0.141845703125 0.62255859375 0.01953125 0.02978515625
3 0.224853515625 0.62255859375 0.0185546875 0.02978515625
4 0.311767578125 0.6240234375 0.01806640625 0.03125
2 0.397216796875 0.6240234375 0.0205078125 0.03125
5 0.480224609375 0.62451171875 0.01708984375 0.03173828125
6 0.567626953125 0.62646484375 0.0166015625 0.0302734375
7 0.653564453125 0.62841796875 0.01708984375 0.0322265625
8 0.741455078125 0.62890625 0.01953125 0.0322265625
9 0.830810546875 0.63134765625 0.01708984375 0.03076171875
0 0.142578125 0.6669921875 0.015625 0.02880859375
52 0.113037109375 0.80078125 0.0185546875 0.03076171875
37 0.140869140625 0.80078125 0.01708984375 0.0302734375
46 0.168701171875 0.8017578125 0.017578125 0.0322265625
37 0.196044921875 0.802734375 0.01806640625 0.03125
53 0.223876953125 0.8037109375 0.02001953125 0.03173828125
41 0.250732421875 0.80517578125 0.01953125 0.03271484375
37 0.280029296875 0.80419921875 0.01953125 0.0302734375
53 0.307861328125 0.80419921875 0.01708984375 0.029296875
46 0.336669921875 0.8046875 0.02001953125 0.03173828125
61 0.393310546875 0.80615234375 0.0185546875 0.03173828125
52 0.421142578125 0.80517578125 0.02001953125 0.03125
37 0.450927734375 0.8056640625 0.0185546875 0.03076171875
46 0.480224609375 0.80615234375 0.0185546875 0.03173828125
37 0.507080078125 0.8056640625 0.01806640625 0.0322265625
59 0.565185546875 0.8056640625 0.02001953125 0.029296875
37 0.592529296875 0.8056640625 0.0185546875 0.029296875
48 0.651123046875 0.80859375 0.01806640625 0.0322265625
53 0.679443359375 0.80712890625 0.01953125 0.0302734375
65 0.707763671875 0.80908203125 0.01953125 0.03271484375
55 0.737060546875 0.8095703125 0.01806640625 0.03125
50 0.11328125 0.8466796875 0.02099609375 0.03125
61 0.14111328125 0.8466796875 0.0185546875 0.03125
52 0.16796875 0.84619140625 0.0205078125 0.03271484375
61 0.19580078125 0.8486328125 0.01953125 0.03125
59 0.224609375 0.849609375 0.0205078125 0.03173828125
60 0.251953125 0.85009765625 0.017578125 0.0302734375
37 0.27978515625 0.85009765625 0.01708984375 0.0302734375
50 0.33642578125 0.85107421875 0.01708984375 0.02880859375
37 0.36376953125 0.85009765625 0.01806640625 0.03125
65 0.39306640625 0.8515625 0.01904296875 0.03173828125
55 0.4208984375 0.85107421875 0.01904296875 0.03369140625