58 0.082763671875 0.091796875 0.04541015625 0.06982421875
59 0.19970703125 0.086669921875 0.0439453125 0.06640625
60 0.314453125 0.079833984375 0.03515625 0.0625
61 0.42724609375 0.074462890625 0.04541015625 0.0673828125
62 0.536865234375 0.072021484375 0.03857421875 0.0634765625
63 0.650634765625 0.065673828125 0.03759765625 0.06591796875
54 0.1376953125 0.45263671875 0.03857421875 0.0615234375
54 0.294921875 0.440673828125 0.03955078125 0.05908203125
54 0.449951171875 0.43310546875 0.0341796875 0.0556640625
54 0.600341796875 0.425537109375 0.03515625 0.05712890625
54 0.75390625 0.4140625 0.0361328125 0.05712890625
54 0.0595703125 0.6171875 0.0341796875 0.0546875
54 0.209716796875 0.603271484375 0.0341796875 0.0546875
54 0.3603515625 0.591796875 0.03173828125 0.05029296875
54 0.5078125 0.581787109375 0.03271484375 0.0537109375
54 0.657470703125 0.573974609375 0.03515625 0.0537109375
5 0.1884765625 0.44873046875 0.03955078125 0.0556640625
6 0.344970703125 0.436767578125 0.03759765625 0.05712890625
7 0.499755859375 0.43017578125 0.0361328125 0.0556640625
8 0.6513671875 0.421142578125 0.03759765625 0.05908203125
9 0.80615234375 0.41064453125 0.03857421875 0.05712890625
5 0.10693359375 0.6142578125 0.03759765625 0.0546875
6 0.259521484375 0.601806640625 0.0361328125 0.05810546875
7 0.408203125 0.589111328125 0.03173828125 0.0546875
8 0.55517578125 0.57958984375 0.03271484375 0.0546875
9 0.703857421875 0.570556640625 0.03515625 0.0537109375