54 0.07080078125 0.09716796875 0.0576171875 0.08349609375
5 0.13134765625 0.09814453125 0.05126953125 0.0849609375
54 0.25244140625 0.08935546875 0.0576171875 0.08349609375
6 0.3134765625 0.087890625 0.05224609375 0.08349609375
54 0.4404296875 0.08154296875 0.05224609375 0.08349609375
7 0.505859375 0.07861328125 0.05224609375 0.08349609375
54 0.63671875 0.07177734375 0.05224609375 0.08349609375
8 0.70068359375 0.07080078125 0.05224609375 0.08349609375
54 0.830078125 0.0654296875 0.05224609375 0.08349609375
9 0.896484375 0.0654296875 0.05224609375 0.08349609375
55 0.703857421875 0.47705078125 0.05224609375 0.08349609375
65 0.641357421875 0.482421875 0.05224609375 0.08349609375
53 0.577392578125 0.48095703125 0.05224609375 0.08349609375
59 0.33544921875 0.4853515625 0.05126953125 0.07861328125
48 0.517333984375 0.48095703125 0.05224609375 0.08349609375
37 0.396728515625 0.48095703125 0.05126953125 0.07861328125
52 0.03955078125 0.4970703125 0.05126953125 0.07861328125
37 0.0966796875 0.49853515625 0.05126953125 0.07861328125
46 0.15673828125 0.4970703125 0.05126953125 0.07861328125
37 0.21533203125 0.4931640625 0.05126953125 0.07861328125
55 0.0400390625 0.5947265625 0.05126953125 0.07861328125