40 0.19091796875 0.064453125 0.02734375 0.04296875
22 0.23388671875 0.06494140625 0.025390625 0.04248046875
14 0.27685546875 0.06396484375 0.025390625 0.0400390625
30 0.3193359375 0.06787109375 0.02587890625 0.04248046875
30 0.36474609375 0.06884765625 0.02587890625 0.041015625
43 0.40869140625 0.0693359375 0.0244140625 0.0390625
28 0.4521484375 0.07177734375 0.02587890625 0.04150390625
29 0.49560546875 0.07373046875 0.025390625 0.04052734375
53 0.58154296875 0.07861328125 0.02587890625 0.04052734375
55 0.6259765625 0.07958984375 0.025390625 0.04248046875
59 0.712890625 0.08642578125 0.029296875 0.0390625
56 0.75537109375 0.08837890625 0.02685546875 0.04296875
37 0.79931640625 0.08984375 0.025390625 0.0419921875
39 0.841796875 0.09228515625 0.02685546875 0.04150390625
43 0.88427734375 0.09814453125 0.02734375 0.046875
37 0.18212890625 0.20068359375 0.02685546875 0.04345703125
38 0.2275390625 0.20361328125 0.02587890625 0.04150390625
39 0.2705078125 0.20361328125 0.025390625 0.0380859375
41 0.3134765625 0.2060546875 0.025390625 0.0419921875
43 0.35791015625 0.2080078125 0.02490234375 0.04150390625
45 0.40087890625 0.208984375 0.02490234375 0.04052734375
46 0.4453125 0.2109375 0.025390625 0.0419921875
47 0.48876953125 0.21240234375 0.02685546875 0.041015625
48 0.53466796875 0.21533203125 0.02734375 0.0380859375
49 0.57763671875 0.220703125 0.02734375 0.0458984375
50 0.62109375 0.22119140625 0.0283203125 0.044921875
51 0.6650390625 0.22314453125 0.02685546875 0.04248046875
52 0.7080078125 0.2236328125 0.0283203125 0.041015625
53 0.75146484375 0.2255859375 0.02587890625 0.041015625
42 0.837890625 0.234375 0.029296875 0.044921875
44 0.88134765625 0.2333984375 0.029296875 0.04296875
53 0.96630859375 0.23876953125 0.0283203125 0.0478515625
62 0.177734375 0.2724609375 0.03173828125 0.0458984375
63 0.22216796875 0.27392578125 0.02880859375 0.04150390625
64 0.26611328125 0.2744140625 0.02978515625 0.04345703125
65 0.310546875 0.2783203125 0.029296875 0.044921875
66 0.35302734375 0.27880859375 0.025390625 0.0439453125
54 0.6181640625 0.29296875 0.02783203125 0.0439453125
54 0.705078125 0.294921875 0.02783203125 0.0439453125
54 0.7939453125 0.2998046875 0.02783203125 0.0439453125
40 0.44287109375 0.2841796875 0.02783203125 0.0439453125
40 0.4853515625 0.28564453125 0.02783203125 0.0439453125
40 0.53125 0.28955078125 0.02783203125 0.0439453125
40 0.1728515625 0.3408203125 0.029296875 0.04443359375
33 0.2177734375 0.34130859375 0.0302734375 0.046875
19 0.26220703125 0.3408203125 0.02880859375 0.04052734375
30 0.306640625 0.34423828125 0.029296875 0.04345703125
18 0.3505859375 0.3466796875 0.02685546875 0.0419921875
59 0.4404296875 0.35205078125 0.02734375 0.03955078125
56 0.4833984375 0.35205078125 0.02734375 0.0419921875
37 0.52734375 0.3525390625 0.0283203125 0.04150390625
39 0.572265625 0.3544921875 0.02685546875 0.04248046875
43 0.61474609375 0.35595703125 0.025390625 0.04345703125
37 0.169921875 0.41015625 0.02685546875 0.04345703125
38 0.212890625 0.40966796875 0.02734375 0.04248046875
37 0.30419921875 0.41552734375 0.0283203125 0.04248046875
38 0.39208984375 0.4189453125 0.0302734375 0.04150390625
39 0.4794921875 0.42333984375 0.02734375 0.04345703125
41 0.5673828125 0.4306640625 0.02490234375 0.04736328125
43 0.65478515625 0.43310546875 0.0244140625 0.04736328125
45 0.744140625 0.4345703125 0.02880859375 0.04443359375
46 0.83203125 0.4404296875 0.0263671875 0.0458984375
47 0.9189453125 0.4453125 0.025390625 0.046875
53 0.16552734375 0.48193359375 0.029296875 0.0439453125
42 0.25439453125 0.4853515625 0.03125 0.04345703125
44 0.29931640625 0.48681640625 0.0283203125 0.04736328125
53 0.38720703125 0.4921875 0.029296875 0.0458984375
46 0.43212890625 0.494140625 0.02880859375 0.0458984375
55 0.517578125 0.498046875 0.02734375 0.0439453125
56 0.607421875 0.50048828125 0.03076171875 0.0458984375
57 0.69580078125 0.50439453125 0.029296875 0.04345703125
58 0.7841796875 0.51025390625 0.0283203125 0.0439453125
59 0.87353515625 0.515625 0.029296875 0.04443359375
60 0.95947265625 0.51708984375 0.0302734375 0.04736328125
65 0.16357421875 0.55126953125 0.0341796875 0.0439453125
66 0.25244140625 0.55712890625 0.03076171875 0.0439453125
53 0.33935546875 0.62890625 0.02880859375 0.04443359375
61 0.38134765625 0.62890625 0.02685546875 0.0439453125
52 0.423828125 0.63134765625 0.0283203125 0.04443359375
38 0.46826171875 0.6337890625 0.02734375 0.0439453125
43 0.51318359375 0.634765625 0.0263671875 0.04541015625
58 0.556640625 0.63671875 0.02490234375 0.0458984375
59 0.60107421875 0.64111328125 0.02685546875 0.04443359375
54 0.154296875 0.765625 0.02734375 0.04345703125
54 0.287109375 0.7705078125 0.02734375 0.04345703125
54 0.41943359375 0.77783203125 0.02734375 0.04345703125
54 0.5078125 0.78125 0.02734375 0.04345703125
54 0.64013671875 0.7880859375 0.02734375 0.04345703125
54 0.77197265625 0.79296875 0.02734375 0.04345703125
54 0.9013671875 0.796875 0.02734375 0.04345703125
54 0.14990234375 0.9033203125 0.02734375 0.04345703125
54 0.41259765625 0.916015625 0.02734375 0.04345703125
54 0.14794921875 0.9736328125 0.02734375 0.04345703125
54 0.546875 0.92041015625 0.02734375 0.04345703125
54 0.677734375 0.92529296875 0.02734375 0.04345703125
54 0.8095703125 0.931640625 0.02734375 0.04345703125
54 0.94189453125 0.935546875 0.02734375 0.04345703125
0 0.19775390625 0.76708984375 0.029296875 0.0439453125
1 0.33251953125 0.76953125 0.02685546875 0.04541015625
2 0.46240234375 0.77783203125 0.0283203125 0.04443359375
3 0.55078125 0.7802734375 0.02490234375 0.04150390625
4 0.68212890625 0.78759765625 0.0234375 0.0439453125
5 0.81640625 0.79296875 0.0244140625 0.046875
6 0.94384765625 0.79638671875 0.025390625 0.04052734375
1 0.1923828125 0.90380859375 0.029296875 0.04248046875
54 0.27978515625 0.91015625 0.02734375 0.04345703125
3 0.32470703125 0.91015625 0.03076171875 0.04248046875
4 0.4580078125 0.91650390625 0.025390625 0.04345703125
2 0.58984375 0.921875 0.0283203125 0.04736328125
5 0.72216796875 0.92578125 0.029296875 0.04443359375
6 0.85302734375 0.9326171875 0.02880859375 0.0439453125
7 0.98388671875 0.93505859375 0.02490234375 0.04052734375
0 0.19091796875 0.9736328125 0.02490234375 0.04150390625