54 0.15576171875 0.328125 0.072265625 0.1162109375
54 0.35498046875 0.3359375 0.0712890625 0.11181640625
54 0.649658203125 0.339111328125 0.0712890625 0.1083984375
54 0.935791015625 0.343994140625 0.072265625 0.1083984375
54 0.1689453125 0.625732421875 0.06494140625 0.0986328125
54 0.44580078125 0.63037109375 0.06787109375 0.099609375
54 0.725830078125 0.63232421875 0.06103515625 0.10205078125
2 0.253662109375 0.326416015625 0.06201171875 0.1142578125
3 0.45166015625 0.334228515625 0.07568359375 0.1123046875
4 0.74609375 0.33447265625 0.064453125 0.1005859375
5 0.26318359375 0.623779296875 0.0615234375 0.09521484375
2 0.54248046875 0.628662109375 0.06298828125 0.09716796875
5 0.820556640625 0.633056640625 0.05908203125 0.1005859375