54 0.032470703125 0.466064453125 0.0322265625 0.05029296875
54 0.162841796875 0.466796875 0.033203125 0.05029296875
54 0.428955078125 0.471923828125 0.0322265625 0.05126953125
54 0.562255859375 0.475341796875 0.03466796875 0.05029296875
54 0.696044921875 0.47607421875 0.033203125 0.05029296875
54 0.832275390625 0.48046875 0.03466796875 0.05126953125
54 0.736083984375 0.615478515625 0.03564453125 0.04931640625
54 0.603759765625 0.611328125 0.02880859375 0.0458984375
54 0.471923828125 0.60986328125 0.03466796875 0.05029296875
54 0.33984375 0.607177734375 0.03564453125 0.0556640625
54 0.2080078125 0.604248046875 0.03662109375 0.05224609375
4 0.206298828125 0.467529296875 0.033203125 0.05224609375
5 0.341064453125 0.469970703125 0.0322265625 0.05224609375
7 0.606689453125 0.4775390625 0.0322265625 0.0537109375
8 0.739990234375 0.479736328125 0.0322265625 0.05126953125
5 0.251953125 0.605224609375 0.03564453125 0.05029296875
6 0.3828125 0.60693359375 0.033203125 0.0537109375
7 0.514892578125 0.609619140625 0.03125 0.05224609375
8 0.646240234375 0.612060546875 0.033203125 0.05224609375
9 0.779541015625 0.6181640625 0.03564453125 0.04931640625
3 0.075927734375 0.466796875 0.033203125 0.05224609375
54 0.295166015625 0.470703125 0.033203125 0.05029296875
6 0.470947265625 0.47412109375 0.0322265625 0.05126953125
9 0.877685546875 0.481201171875 0.03466796875 0.05126953125
2 0.11962890625 0.603759765625 0.033203125 0.05224609375
54 0.07666015625 0.6044921875 0.0322265625 0.05029296875
59 0.116943359375 0.321533203125 0.0322265625 0.0546875
58 0.071044921875 0.318603515625 0.0322265625 0.0546875
43 0.025634765625 0.31884765625 0.0322265625 0.0546875
41 0.062255859375 0.09716796875 0.0322265625 0.0546875
43 0.152099609375 0.097900390625 0.0322265625 0.0546875
45 0.245361328125 0.09521484375 0.0322265625 0.0546875
46 0.338623046875 0.0966796875 0.0322265625 0.0546875
47 0.433349609375 0.099365234375 0.0322265625 0.0546875
48 0.525634765625 0.10009765625 0.0322265625 0.0546875
49 0.61962890625 0.1025390625 0.0322265625 0.0546875
50 0.7109375 0.103271484375 0.0322265625 0.0546875
51 0.807373046875 0.10693359375 0.0322265625 0.0546875
52 0.898193359375 0.109375 0.0322265625 0.0546875
55 0.020263671875 0.17431640625 0.0322265625 0.0546875
56 0.109130859375 0.173828125 0.0322265625 0.0546875
57 0.202392578125 0.176513671875 0.0322265625 0.0546875
58 0.291259765625 0.177001953125 0.0322265625 0.0546875
59 0.383544921875 0.17626953125 0.0322265625 0.0546875
60 0.477783203125 0.177734375 0.0322265625 0.0546875
61 0.570068359375 0.178466796875 0.0322265625 0.0546875
62 0.662353515625 0.183349609375 0.0322265625 0.0546875
63 0.757080078125 0.18505859375 0.0322265625 0.0546875