65 0.24061000000000002 0.08013999999999999 0.06122 0.08628333333333334
66 0.3820133333333333 0.08147333333333333 0.06122 0.08628333333333334
40 0.23127333333333336 0.19077333333333335 0.06122 0.08628333333333334
24 0.3046433333333333 0.19210666666666668 0.06122 0.08628333333333334
48 0.3780133333333333 0.19344000000000003 0.06122 0.08628333333333334
53 0.5247533333333333 0.20010333333333333 0.06122 0.08628333333333334
61 0.5954566666666666 0.20010333333333333 0.06122 0.08628333333333334
52 0.67283 0.20276999999999998 0.06122 0.08628333333333334
38 0.7462 0.20276999999999998 0.06122 0.08628333333333334
54 0.21392999999999998 0.42669999999999997 0.06122 0.08628333333333334
54 0.20592666666666665 0.65996 0.06122 0.08628333333333334
54 0.20192333333333332 0.7839200000000001 0.06122 0.08628333333333334
54 0.4300366666666666 0.6679566666666666 0.06655666666666667 0.08628333333333334
54 0.44071000000000005 0.43603 0.06655666666666667 0.08628333333333334
54 0.6634866666666667 0.4426933333333333 0.06655666666666667 0.08628333333333334
54 0.81156 0.45069 0.06655666666666667 0.08628333333333334
54 0.6568166666666667 0.67862 0.06655666666666667 0.08628333333333334
54 0.8835966666666667 0.6852833333333334 0.06655666666666667 0.08628333333333334
0 0.29263666666666666 0.42669999999999997 0.06122 0.08628333333333334
43 0.8142333333333333 0.20676999999999998 0.06122 0.08628333333333334
58 0.8916066666666668 0.2134333333333333 0.06122 0.08628333333333334
59 0.96231 0.21876666666666666 0.06122 0.08628333333333334
1 0.5167466666666667 0.4346966666666666 0.06122 0.08628333333333334
2 0.7408566666666667 0.44669333333333333 0.06122 0.08628333333333334
3 0.8915966666666667 0.44536 0.06122 0.08628333333333334
4 0.7381866666666667 0.67862 0.06122 0.08628333333333334
2 0.9636333333333333 0.6839533333333334 0.06122 0.08628333333333334
2 0.51141 0.6679566666666666 0.06122 0.08628333333333334
1 0.28063 0.65996 0.06122 0.08628333333333334
0 0.2766266666666667 0.7812566666666667 0.06122 0.08628333333333334