40 0.05305666666666666 0.07944333333333334 0.020556666666666668 0.03444333333333333
22 0.08333333333333333 0.07944333333333334 0.02555666666666667 0.03777666666666667
14 0.11444333333333333 0.07805666666666666 0.023333333333333334 0.03944333333333333
30 0.14777666666666667 0.07833333333333334 0.022223333333333335 0.03777666666666667
30 0.18194333333333335 0.07861 0.021666666666666667 0.03833333333333333
14 0.2125 0.07777666666666667 0.02389 0.03777666666666667
28 0.24611000000000002 0.07861 0.02111 0.03833333333333333
59 0.27888999999999997 0.07889 0.022223333333333335 0.03555666666666667
53 0.34360999999999997 0.08083333333333333 0.022776666666666667 0.03944333333333333
55 0.37639 0.08055666666666667 0.021666666666666667 0.03889
59 0.4425 0.08166666666666667 0.022776666666666667 0.03777666666666667
56 0.47333333333333333 0.08388999999999999 0.02111 0.04111
37 0.5066666666666667 0.08333333333333333 0.022223333333333335 0.04111
39 0.5375 0.08305666666666667 0.022776666666666667 0.040556666666666664
43 0.56861 0.08361 0.021666666666666667 0.03944333333333333
37 0.05694333333333334 0.18666666666666668 0.022776666666666667 0.03444333333333333
38 0.09 0.18583333333333332 0.024443333333333334 0.035
39 0.12139000000000001 0.18611000000000003 0.022776666666666667 0.03555666666666667
41 0.15305666666666667 0.18611000000000003 0.02389 0.03444333333333333
43 0.18639 0.18583333333333332 0.021666666666666667 0.03277666666666667
45 0.21805666666666665 0.18805666666666665 0.020556666666666668 0.03389
46 0.25139 0.18861 0.022776666666666667 0.035
47 0.2830566666666667 0.18805666666666665 0.020556666666666668 0.036109999999999996
48 0.31639 0.18972333333333333 0.020556666666666668 0.03722333333333333
49 0.3475 0.19027666666666668 0.021666666666666667 0.03833333333333333
50 0.37972333333333336 0.19083333333333333 0.022776666666666667 0.036109999999999996
51 0.41222333333333333 0.19166666666666668 0.024443333333333334 0.03555666666666667
52 0.4425 0.19194333333333335 0.021666666666666667 0.03722333333333333
53 0.47472333333333333 0.19194333333333335 0.021666666666666667 0.036109999999999996
42 0.5341666666666667 0.19305666666666665 0.025 0.03722333333333333
44 0.5672233333333334 0.19166666666666668 0.022223333333333335 0.03777666666666667
53 0.6291666666666667 0.19416666666666665 0.022776666666666667 0.03722333333333333
46 0.66 0.19416666666666665 0.01889 0.03833333333333333
55 0.72139 0.19416666666666665 0.020556666666666668 0.035
56 0.7522233333333334 0.19444333333333336 0.023333333333333334 0.03444333333333333
57 0.7833333333333333 0.195 0.02 0.03666666666666667
58 0.815 0.19555666666666666 0.023333333333333334 0.03889
59 0.8447233333333334 0.19666666666666666 0.020556666666666668 0.03666666666666667
60 0.8744433333333334 0.19694333333333336 0.023333333333333334 0.036109999999999996
61 0.90361 0.19694333333333336 0.020556666666666668 0.03722333333333333
62 0.060833333333333336 0.2402766666666667 0.025 0.03722333333333333
63 0.09444333333333332 0.24055666666666664 0.023333333333333334 0.03666666666666667
64 0.12527666666666668 0.24 0.022776666666666667 0.03666666666666667
65 0.15805666666666668 0.24083333333333334 0.021666666666666667 0.03389
66 0.18944333333333335 0.24222333333333332 0.024443333333333334 0.03777666666666667
40 0.2522233333333333 0.24166666666666667 0.024443333333333334 0.03444333333333333
40 0.285 0.2425 0.02111 0.035
40 0.31833333333333336 0.24389 0.02111 0.03444333333333333
54 0.38027666666666665 0.24389 0.020556666666666668 0.03555666666666667
54 0.44222333333333336 0.24416666666666667 0.022223333333333335 0.03389
54 0.5033333333333333 0.24527666666666667 0.02111 0.035
40 0.06527666666666668 0.29194333333333333 0.022776666666666667 0.03277666666666667
63 0.09916666666666667 0.29083333333333333 0.021666666666666667 0.035
48 0.12861 0.29139 0.020556666666666668 0.036109999999999996
30 0.16222333333333333 0.29194333333333333 0.02111 0.03389
18 0.19194333333333335 0.29139 0.022776666666666667 0.03389
59 0.25666666666666665 0.29222333333333333 0.02 0.03666666666666667
56 0.2877766666666667 0.29083333333333333 0.02111 0.036109999999999996
37 0.32 0.29139 0.022223333333333335 0.03277666666666667
39 0.3505566666666667 0.29194333333333333 0.02 0.035
43 0.38139 0.29305666666666663 0.018333333333333333 0.03389
37 0.06777666666666667 0.3422233333333334 0.02111 0.03333333333333333
38 0.10083333333333333 0.3427766666666666 0.02389 0.03333333333333333
39 0.2902766666666667 0.3422233333333334 0.019443333333333333 0.03
41 0.3516666666666667 0.34389000000000003 0.02111 0.03222333333333333
43 0.4127766666666666 0.34360999999999997 0.02111 0.03166666666666667
45 0.47361 0.3433333333333333 0.018333333333333333 0.03111
46 0.5333333333333333 0.3458333333333333 0.02 0.03389
47 0.5925 0.3441666666666667 0.019443333333333333 0.03389
48 0.65389 0.3447233333333334 0.02111 0.030556666666666666
49 0.7130566666666667 0.3469433333333333 0.020556666666666668 0.03722333333333333
50 0.7730566666666667 0.345 0.022776666666666667 0.03222333333333333
51 0.8325 0.345 0.019443333333333333 0.03
52 0.8925 0.3466666666666667 0.02389 0.03222333333333333
53 0.07416666666666667 0.39277666666666666 0.022776666666666667 0.03444333333333333
42 0.13555666666666666 0.3919433333333333 0.022223333333333335 0.03389
44 0.1675 0.39222333333333337 0.021666666666666667 0.03444333333333333
53 0.2297233333333333 0.39166666666666666 0.020556666666666668 0.03333333333333333
46 0.26277666666666666 0.39166666666666666 0.02111 0.03222333333333333
55 0.3233333333333333 0.39305666666666667 0.01889 0.03389
56 0.38333333333333336 0.39277666666666666 0.02 0.03333333333333333
57 0.44416666666666665 0.39360999999999996 0.020556666666666668 0.03277666666666667
58 0.5022233333333334 0.39277666666666666 0.017776666666666666 0.03222333333333333
59 0.5613900000000001 0.39360999999999996 0.020556666666666668 0.03166666666666667
60 0.6197233333333334 0.39416666666666667 0.019443333333333333 0.03277666666666667
61 0.68111 0.39389 0.022223333333333335 0.03555666666666667
62 0.7391666666666666 0.39277666666666666 0.020556666666666668 0.03444333333333333
63 0.7994433333333333 0.39389 0.02111 0.03
65 0.07916666666666666 0.44083333333333335 0.022776666666666667 0.03166666666666667
66 0.1425 0.44 0.022776666666666667 0.03333333333333333
40 0.08666666666666667 0.4875 0.02 0.03166666666666667
24 0.11333333333333333 0.48777666666666664 0.022223333333333335 0.03222333333333333
19 0.14527666666666667 0.4855566666666667 0.020556666666666668 0.03111
53 0.20611000000000002 0.48583333333333334 0.02111 0.03166666666666667
61 0.23694333333333334 0.4841666666666667 0.022776666666666667 0.03277666666666667
52 0.26638999999999996 0.48389000000000004 0.020556666666666668 0.03222333333333333
38 0.29583333333333334 0.48389000000000004 0.020556666666666668 0.03222333333333333
43 0.32694333333333336 0.48389000000000004 0.019443333333333333 0.03111
58 0.35694333333333333 0.4841666666666667 0.019443333333333333 0.029443333333333332
59 0.38722333333333336 0.4844433333333333 0.017776666666666666 0.02889
54 0.09555666666666668 0.5777766666666666 0.02111 0.02889
54 0.18527666666666667 0.5763900000000001 0.019443333333333333 0.029443333333333332
54 0.27305666666666667 0.57611 0.019443333333333333 0.03111
54 0.33027666666666666 0.5755566666666667 0.017223333333333334 0.03
54 0.41583333333333333 0.5747233333333334 0.018333333333333333 0.028333333333333332
54 0.5027766666666666 0.57361 0.017776666666666666 0.03277666666666667
54 0.5872233333333333 0.5758333333333333 0.016666666666666666 0.028333333333333332
54 0.6736099999999999 0.57611 0.018333333333333333 0.03
54 0.7602766666666666 0.5769433333333334 0.021666666666666667 0.03277666666666667
54 0.8466666666666667 0.5791666666666667 0.02 0.03277666666666667
54 0.10527666666666666 0.6627766666666667 0.019443333333333333 0.02666666666666667
54 0.18944333333333335 0.66111 0.022223333333333335 0.03
54 0.27527666666666667 0.6616666666666666 0.019443333333333333 0.03
54 0.36083333333333334 0.6616666666666666 0.018333333333333333 0.03111
54 0.44416666666666665 0.66111 0.018333333333333333 0.02889
54 0.53 0.6616666666666666 0.016666666666666666 0.02889
54 0.6141666666666666 0.6622233333333334 0.020556666666666668 0.03
54 0.69861 0.6627766666666667 0.019443333333333333 0.03111
54 0.7844433333333333 0.66389 0.01889 0.03111
54 0.10833333333333334 0.7055566666666667 0.016666666666666666 0.027776666666666665
0 0.13666666666666666 0.7058333333333333 0.017776666666666666 0.029443333333333332
1 0.13111 0.6622233333333334 0.017776666666666666 0.02889
3 0.21833333333333332 0.6608333333333334 0.01889 0.028333333333333332
4 0.30416666666666664 0.6627766666666667 0.018333333333333333 0.03111
2 0.3894433333333333 0.66111 0.02 0.03222333333333333
5 0.47333333333333333 0.66111 0.017776666666666666 0.03111
6 0.5572233333333334 0.6616666666666666 0.016666666666666666 0.03
7 0.6422233333333334 0.6619433333333333 0.017776666666666666 0.029443333333333332
8 0.7275 0.6630566666666667 0.017223333333333334 0.029443333333333332
9 0.8136099999999999 0.6641666666666667 0.019443333333333333 0.03166666666666667
0 0.12444333333333332 0.5780566666666667 0.02111 0.03277666666666667
1 0.21194333333333334 0.5755566666666667 0.019443333333333333 0.02889
2 0.30055666666666664 0.5755566666666667 0.02111 0.03111
3 0.35889000000000004 0.57389 0.01889 0.03
4 0.4444433333333333 0.575 0.01889 0.03111
5 0.53 0.5747233333333334 0.017776666666666666 0.03166666666666667
6 0.6158333333333333 0.5747233333333334 0.019443333333333333 0.030556666666666666
7 0.7025 0.5769433333333334 0.019443333333333333 0.03166666666666667
8 0.7886099999999999 0.5777766666666666 0.021666666666666667 0.03111
9 0.8747233333333334 0.5805566666666667 0.018333333333333333 0.03333333333333333
37 0.16277666666666665 0.3405566666666667 0.02111 0.03333333333333333
38 0.2275 0.3394433333333334 0.02389 0.03333333333333333