54 0.23876953125 0.048828125 0.06396484375 0.0869140625
2 0.31982421875 0.05029296875 0.06396484375 0.0869140625
54 0.46923828125 0.048828125 0.06396484375 0.0869140625
5 0.54541015625 0.04736328125 0.06396484375 0.0869140625
54 0.69482421875 0.048828125 0.06396484375 0.0869140625
6 0.77197265625 0.044921875 0.06396484375 0.0869140625
54 0.912109375 0.052734375 0.06396484375 0.0869140625
53 0.0615234375 0.5283203125 0.06103515625 0.0986328125
46 0.142578125 0.52978515625 0.06103515625 0.0986328125
50 0.13720703125 0.669921875 0.06103515625 0.0986328125
37 0.22119140625 0.66455078125 0.06103515625 0.0986328125
65 0.302734375 0.666015625 0.06103515625 0.0986328125
55 0.38671875 0.6630859375 0.06103515625 0.0986328125
61 0.306640625 0.52978515625 0.06103515625 0.0986328125
52 0.38818359375 0.52587890625 0.06103515625 0.0986328125
37 0.46923828125 0.52978515625 0.06103515625 0.0986328125
46 0.5517578125 0.53271484375 0.06103515625 0.0986328125
37 0.6318359375 0.5283203125 0.06103515625 0.0986328125
59 0.79052734375 0.52197265625 0.06103515625 0.0986328125
37 0.8759765625 0.5244140625 0.06103515625 0.0986328125