38 0.0771484375 0.05224609375 0.05029296875 0.06884765625
39 0.18505859375 0.0498046875 0.0419921875 0.0703125
41 0.29541015625 0.048828125 0.04150390625 0.06689453125
43 0.40478515625 0.0458984375 0.03955078125 0.06884765625
45 0.51708984375 0.04443359375 0.041015625 0.0654296875
46 0.626953125 0.044921875 0.0380859375 0.06396484375
47 0.73876953125 0.0439453125 0.037109375 0.06298828125
48 0.84912109375 0.0439453125 0.0390625 0.06396484375
49 0.9599609375 0.04736328125 0.03955078125 0.0703125
53 0.08935546875 0.14501953125 0.0419921875 0.0654296875
46 0.1435546875 0.14404296875 0.0390625 0.06591796875
55 0.25146484375 0.14306640625 0.04345703125 0.0693359375
56 0.35498046875 0.1396484375 0.0419921875 0.06787109375
57 0.46337890625 0.1416015625 0.04052734375 0.0693359375
58 0.56787109375 0.140625 0.0380859375 0.0634765625
59 0.67578125 0.14208984375 0.0380859375 0.0625
60 0.78125 0.14111328125 0.0390625 0.06640625
61 0.88916015625 0.140625 0.0380859375 0.0634765625
53 0.06884765625 0.3095703125 0.03759765625 0.05908203125
61 0.11962890625 0.30810546875 0.04248046875 0.060546875
52 0.16650390625 0.3076171875 0.03369140625 0.0615234375
38 0.21826171875 0.3076171875 0.03857421875 0.05908203125
43 0.26708984375 0.3076171875 0.03857421875 0.05712890625
58 0.31689453125 0.30810546875 0.03662109375 0.05859375
59 0.36767578125 0.30810546875 0.03515625 0.05859375
54 0.0556640625 0.4560546875 0.0302734375 0.0498046875
54 0.19140625 0.455078125 0.0283203125 0.0546875
54 0.2841796875 0.45849609375 0.03125 0.05322265625
54 0.421875 0.46142578125 0.0341796875 0.05322265625
54 0.56103515625 0.46484375 0.033203125 0.05322265625
54 0.70458984375 0.4658203125 0.03173828125 0.05126953125
54 0.85009765625 0.46826171875 0.03271484375 0.05078125
54 0.0751953125 0.58837890625 0.0283203125 0.04736328125
54 0.20458984375 0.59228515625 0.03173828125 0.04931640625
54 0.3369140625 0.595703125 0.029296875 0.048828125
54 0.46826171875 0.59912109375 0.029296875 0.05126953125
54 0.603515625 0.60498046875 0.0283203125 0.04638671875
54 0.7451171875 0.6083984375 0.03076171875 0.0498046875
54 0.88720703125 0.61279296875 0.0341796875 0.048828125
1 0.09423828125 0.45556640625 0.029296875 0.0498046875
2 0.2373046875 0.4560546875 0.033203125 0.0546875
3 0.32958984375 0.45703125 0.03125 0.0517578125
4 0.46630859375 0.46044921875 0.033203125 0.052734375
5 0.60791015625 0.4658203125 0.02978515625 0.0546875
6 0.7529296875 0.4658203125 0.0341796875 0.05126953125
7 0.90185546875 0.46875 0.029296875 0.0537109375
3 0.11572265625 0.587890625 0.0302734375 0.04638671875
4 0.24755859375 0.59130859375 0.03125 0.05029296875
2 0.37841796875 0.595703125 0.02978515625 0.046875
5 0.51220703125 0.59814453125 0.033203125 0.04931640625
6 0.650390625 0.60546875 0.03076171875 0.052734375
7 0.7900390625 0.60791015625 0.0341796875 0.046875
8 0.93310546875 0.61376953125 0.033203125 0.052734375
46 0.03564453125 0.859375 0.0283203125 0.05078125
37 0.07666015625 0.8603515625 0.0283203125 0.05078125
53 0.1181640625 0.86279296875 0.0283203125 0.05078125
41 0.16064453125 0.86376953125 0.0283203125 0.05078125
37 0.20263671875 0.8662109375 0.0283203125 0.05078125
53 0.248046875 0.8662109375 0.02880859375 0.04736328125
46 0.29052734375 0.86767578125 0.02880859375 0.04736328125
61 0.376953125 0.87060546875 0.02880859375 0.04736328125
52 0.42138671875 0.87060546875 0.02880859375 0.04736328125
37 0.4638671875 0.87060546875 0.02880859375 0.04736328125
46 0.509765625 0.87353515625 0.02880859375 0.04736328125
37 0.55126953125 0.87451171875 0.02880859375 0.04736328125
59 0.64111328125 0.87939453125 0.02880859375 0.04736328125
37 0.685546875 0.87890625 0.02880859375 0.04736328125
48 0.7744140625 0.884765625 0.02880859375 0.04736328125
48 0.7744140625 0.884765625 0.02880859375 0.04736328125
53 0.81982421875 0.884765625 0.02880859375 0.04736328125
65 0.86474609375 0.88623046875 0.02880859375 0.04736328125
55 0.91064453125 0.888671875 0.02880859375 0.04736328125
52 0.03466796875 0.92724609375 0.02880859375 0.04736328125
61 0.0771484375 0.9287109375 0.02880859375 0.04736328125
59 0.11865234375 0.9287109375 0.02880859375 0.04736328125
60 0.16162109375 0.9326171875 0.03271484375 0.0498046875
37 0.203125 0.9326171875 0.03271484375 0.0498046875
50 0.28955078125 0.93603515625 0.03271484375 0.0498046875
37 0.3349609375 0.93603515625 0.03271484375 0.0498046875
65 0.376953125 0.939453125 0.03271484375 0.0498046875
55 0.4189453125 0.9404296875 0.03271484375 0.0498046875