58 0.09 0.08444333333333334 0.044443333333333335 0.06888999999999999
59 0.20722333333333331 0.08166666666666667 0.043333333333333335 0.06555666666666667
60 0.32166666666666666 0.07666666666666666 0.03444333333333333 0.06222333333333333
61 0.4344433333333333 0.07333333333333333 0.044443333333333335 0.06666666666666667
62 0.5444433333333333 0.07277666666666667 0.03777666666666667 0.06333333333333334
63 0.6583333333333333 0.06833333333333333 0.03666666666666667 0.06555666666666667
54 0.13889 0.44610999999999995 0.03777666666666667 0.061110000000000005
54 0.29611000000000004 0.43722333333333335 0.03889 0.05889
54 0.45110999999999996 0.43222333333333335 0.03333333333333333 0.055556666666666664
54 0.6016666666666667 0.42722333333333334 0.03444333333333333 0.056666666666666664
54 0.7555566666666667 0.41833333333333333 0.03555666666666667 0.056666666666666664
54 0.05777666666666667 0.6094433333333333 0.03333333333333333 0.05444333333333334
54 0.2077766666666667 0.5983333333333334 0.03333333333333333 0.05444333333333334
54 0.35889000000000004 0.5894433333333333 0.03111 0.05
54 0.50611 0.5822233333333333 0.03222333333333333 0.05333333333333334
54 0.65611 0.5766666666666667 0.03444333333333333 0.05333333333333334
5 0.18944333333333335 0.44333333333333336 0.03889 0.055556666666666664
6 0.34611 0.43389 0.03666666666666667 0.056666666666666664
7 0.5011099999999999 0.43 0.03555666666666667 0.055556666666666664
8 0.6527766666666667 0.42389000000000004 0.03666666666666667 0.05889
9 0.8077766666666666 0.41611 0.03777666666666667 0.056666666666666664
5 0.105 0.6072233333333333 0.03666666666666667 0.05444333333333334
6 0.25777666666666665 0.5977766666666666 0.03555666666666667 0.05777666666666667
7 0.4066666666666667 0.5872233333333333 0.03111 0.05444333333333334
8 0.55389 0.5805566666666667 0.03222333333333333 0.05444333333333334
9 0.7027766666666666 0.5744433333333333 0.03444333333333333 0.05333333333333334