60 0.27734375 0.081787109375 0.04345703125 0.0751953125
40 0.0869140625 0.088134765625 0.04345703125 0.0751953125
22 0.14501953125 0.08642578125 0.04345703125 0.0751953125
43 0.2080078125 0.08349609375 0.04345703125 0.0751953125
60 0.3427734375 0.080810546875 0.04345703125 0.0751953125
43 0.41162109375 0.07763671875 0.04345703125 0.0751953125
58 0.475830078125 0.07568359375 0.04345703125 0.0751953125
59 0.548095703125 0.073974609375 0.04345703125 0.0751953125
53 0.689697265625 0.0673828125 0.046875 0.07666015625
55 0.760986328125 0.066650390625 0.046875 0.07666015625
59 0.907470703125 0.066162109375 0.046875 0.07666015625
37 0.08935546875 0.305419921875 0.046875 0.07666015625
38 0.150390625 0.305908203125 0.046875 0.07666015625
39 0.2138671875 0.302978515625 0.046875 0.07666015625
41 0.2783203125 0.303466796875 0.046875 0.07666015625
43 0.3447265625 0.303466796875 0.046875 0.07666015625
45 0.41064453125 0.302734375 0.046875 0.07666015625
46 0.477783203125 0.2998046875 0.046875 0.07666015625
47 0.548095703125 0.296630859375 0.046875 0.07666015625
48 0.615966796875 0.295166015625 0.046875 0.07666015625
49 0.688232421875 0.29248046875 0.046875 0.07666015625
50 0.757080078125 0.298583984375 0.046875 0.07666015625
51 0.831298828125 0.298828125 0.046875 0.07666015625
52 0.903564453125 0.298095703125 0.046875 0.07666015625
62 0.09130859375 0.415283203125 0.046875 0.07666015625
63 0.1533203125 0.414794921875 0.046875 0.07666015625
64 0.215576171875 0.411865234375 0.046875 0.07666015625
65 0.279052734375 0.409912109375 0.046875 0.07666015625
66 0.3466796875 0.416748046875 0.046875 0.07666015625
40 0.4814453125 0.4140625 0.046875 0.07666015625
40 0.5478515625 0.41357421875 0.046875 0.07666015625
40 0.61669921875 0.416259765625 0.046875 0.07666015625
54 0.76025390625 0.417724609375 0.046875 0.07666015625
54 0.9013671875 0.4169921875 0.046875 0.07666015625
40 0.089599609375 0.517333984375 0.046875 0.07666015625
33 0.156494140625 0.514892578125 0.046875 0.07666015625
48 0.217529296875 0.517333984375 0.046875 0.07666015625
60 0.285400390625 0.5166015625 0.046875 0.07666015625
47 0.348388671875 0.514404296875 0.046875 0.07666015625
59 0.480712890625 0.51611328125 0.046875 0.07666015625
56 0.545166015625 0.51806640625 0.046875 0.07666015625
37 0.612060546875 0.516357421875 0.046875 0.07666015625
39 0.685302734375 0.516357421875 0.046875 0.07666015625
43 0.757568359375 0.5166015625 0.046875 0.07666015625
37 0.095703125 0.617431640625 0.046875 0.07666015625
38 0.158203125 0.621337890625 0.046875 0.07666015625
37 0.28466796875 0.61865234375 0.046875 0.07666015625
38 0.414794921875 0.62255859375 0.046875 0.07666015625
39 0.547119140625 0.62451171875 0.046875 0.07666015625
41 0.684814453125 0.628662109375 0.046875 0.07666015625
43 0.821533203125 0.631591796875 0.046875 0.07666015625
45 0.965087890625 0.63427734375 0.046875 0.07666015625
53 0.101806640625 0.719970703125 0.046875 0.07666015625
42 0.22314453125 0.724853515625 0.046875 0.07666015625
44 0.28662109375 0.7265625 0.046875 0.07666015625
53 0.41552734375 0.7294921875 0.046875 0.07666015625
46 0.482421875 0.728515625 0.046875 0.07666015625
55 0.6123046875 0.732666015625 0.046875 0.07666015625
56 0.750244140625 0.73779296875 0.046875 0.07666015625
57 0.886962890625 0.743896484375 0.046875 0.07666015625
65 0.107177734375 0.819580078125 0.046875 0.07666015625
66 0.227294921875 0.819580078125 0.046875 0.07666015625
40 0.115966796875 0.907958984375 0.04296875 0.06201171875
53 0.172607421875 0.90625 0.04296875 0.06201171875
48 0.234619140625 0.907958984375 0.04296875 0.06201171875
53 0.35400390625 0.917236328125 0.04296875 0.06201171875
61 0.41748046875 0.91796875 0.04296875 0.06201171875
52 0.48193359375 0.926025390625 0.04296875 0.06201171875
38 0.5439453125 0.92529296875 0.04296875 0.06201171875
43 0.612060546875 0.929931640625 0.04296875 0.06201171875
58 0.676513671875 0.93505859375 0.04296875 0.06201171875
59 0.744384765625 0.942138671875 0.04736328125 0.0712890625