40 0.04449333333333333 0.3072933333333333 0.024916666666666667 0.03559333333333333
22 0.07949333333333333 0.30640333333333336 0.026103333333333333 0.038560000000000004
14 0.11212000000000001 0.30462333333333336 0.023729999999999998 0.037373333333333335
30 0.14534333333333332 0.30492 0.024916666666666667 0.03796666666666667
30 0.17856333333333335 0.30580999999999997 0.023729999999999998 0.039746666666666666
14 0.21178333333333335 0.3055133333333333 0.023729999999999998 0.04034
28 0.2453 0.30492 0.021949999999999997 0.03678
29 0.2791166666666667 0.30403 0.023136666666666666 0.037373333333333335
53 0.34526 0.3043266666666667 0.021356666666666663 0.03915333333333333
55 0.3790733333333333 0.30403 0.021356666666666663 0.039746666666666666
59 0.44551666666666667 0.3043266666666667 0.022543333333333332 0.03796666666666667
56 0.47844 0.30403 0.02076333333333333 0.038560000000000004
37 0.51285 0.30521666666666664 0.024323333333333332 0.038560000000000004
39 0.5442899999999999 0.30521666666666664 0.021949999999999997 0.039746666666666666
43 0.5769166666666666 0.30492 0.02076333333333333 0.03678
37 0.05012666666666667 0.4149666666666667 0.023136666666666666 0.038560000000000004
38 0.08394333333333334 0.41467 0.024323333333333332 0.03796666666666667
39 0.11746 0.4143733333333333 0.022543333333333332 0.038560000000000004
41 0.14919666666666667 0.41318666666666665 0.023136666666666666 0.036186666666666666
43 0.18271666666666667 0.41407666666666665 0.021356666666666663 0.03678
45 0.21653 0.41348333333333337 0.022543333333333332 0.03559333333333333
46 0.24975 0.41348333333333337 0.022543333333333332 0.03678
47 0.28386 0.41348333333333337 0.021949999999999997 0.03678
48 0.31708333333333333 0.41289000000000003 0.021949999999999997 0.03678
49 0.3500066666666667 0.41378 0.02017 0.035
50 0.38411666666666666 0.41289000000000003 0.023136666666666666 0.03678
51 0.4161533333333333 0.4122966666666667 0.023136666666666666 0.03559333333333333
52 0.447 0.4122966666666667 0.021949999999999997 0.03440666666666667
53 0.4790333333333333 0.4117033333333333 0.019576666666666666 0.03559333333333333
42 0.5425099999999999 0.41022000000000003 0.02076333333333333 0.033813333333333334
44 0.57573 0.4114066666666667 0.024323333333333332 0.035
53 0.6395033333333333 0.41081333333333336 0.023729999999999998 0.035
46 0.6715366666666667 0.41051666666666664 0.018983333333333335 0.03559333333333333
55 0.7356066666666667 0.41022000000000003 0.023729999999999998 0.035
56 0.7691233333333333 0.40933 0.024323333333333332 0.03440666666666667
57 0.8014566666666666 0.41051666666666664 0.022543333333333332 0.03796666666666667
58 0.8340833333333333 0.41022000000000003 0.023729999999999998 0.036186666666666666
59 0.8646333333333334 0.4087366666666667 0.02076333333333333 0.03559333333333333
60 0.8972633333333333 0.4090333333333333 0.024323333333333332 0.037373333333333335
61 0.92811 0.40755 0.021949999999999997 0.03322
62 0.05398333333333333 0.4677633333333333 0.024916666666666667 0.033813333333333334
63 0.08839000000000001 0.4668733333333333 0.018983333333333335 0.03322
64 0.12102 0.4665766666666667 0.023729999999999998 0.035
65 0.15335000000000001 0.4665766666666667 0.023136666666666666 0.035
66 0.18686666666666668 0.4665766666666667 0.022543333333333332 0.032626666666666665
40 0.2530133333333333 0.4665766666666667 0.023136666666666666 0.032626666666666665
40 0.28564 0.46598333333333336 0.021949999999999997 0.031439999999999996
40 0.31945666666666667 0.4674666666666667 0.023136666666666666 0.029660000000000002
54 0.38471000000000005 0.4639066666666667 0.019576666666666666 0.03322
54 0.44967 0.46360999999999997 0.022543333333333332 0.035
54 0.51107 0.4642033333333333 0.02076333333333333 0.035
40 0.05932333333333333 0.5178900000000001 0.021356666666666663 0.03559333333333333
33 0.09046666666666665 0.5164066666666667 0.021949999999999997 0.036186666666666666
19 0.12250333333333333 0.5172966666666667 0.023136666666666666 0.03559333333333333
30 0.15542666666666666 0.5167033333333333 0.021356666666666663 0.03559333333333333
18 0.18805333333333332 0.5158133333333333 0.022543333333333332 0.035
59 0.25598000000000004 0.5155166666666666 0.02076333333333333 0.03678
56 0.2877166666666667 0.51522 0.021356666666666663 0.035
37 0.32123333333333337 0.5158133333333333 0.023136666666666666 0.035
39 0.35327 0.51522 0.021949999999999997 0.036186666666666666
43 0.38500666666666666 0.5140333333333333 0.018983333333333335 0.033813333333333334
37 0.05902666666666667 0.5692066666666666 0.023136666666666666 0.033813333333333334
38 0.09313666666666667 0.5686133333333333 0.021356666666666663 0.036186666666666666
37 0.15839333333333333 0.5650533333333334 0.023729999999999998 0.032626666666666665
38 0.22691 0.56624 0.024323333333333332 0.031439999999999996
39 0.28979333333333335 0.5659433333333334 0.02076333333333333 0.03440666666666667
41 0.3538633333333333 0.56535 0.02076333333333333 0.03678
43 0.41645 0.5641633333333333 0.02017 0.03559333333333333
45 0.48081333333333337 0.5623833333333333 0.019576666666666666 0.03559333333333333
46 0.5425099999999999 0.5614933333333333 0.01839 0.035
47 0.60658 0.5609000000000001 0.019576666666666666 0.035
48 0.6697566666666667 0.56001 0.022543333333333332 0.03322
49 0.73353 0.5611966666666667 0.02076333333333333 0.03796666666666667
50 0.79582 0.5603066666666667 0.023136666666666666 0.035
51 0.8610766666666667 0.5597133333333334 0.02551 0.038560000000000004
52 0.9215833333333333 0.5606033333333333 0.023136666666666666 0.03559333333333333
53 0.06555333333333334 0.6175533333333334 0.026696666666666667 0.030846666666666668
42 0.12873 0.6181466666666667 0.023729999999999998 0.03203333333333333
44 0.16195333333333334 0.6175533333333334 0.022543333333333332 0.03440666666666667
53 0.22691 0.6172566666666667 0.023136666666666666 0.035
46 0.25954 0.6166633333333333 0.02076333333333333 0.033813333333333334
55 0.32449666666666666 0.61429 0.02017 0.033813333333333334
56 0.3856 0.6128066666666667 0.022543333333333332 0.03559333333333333
57 0.4490766666666667 0.6110266666666666 0.021356666666666663 0.03559333333333333
58 0.5122566666666667 0.6104366666666666 0.02076333333333333 0.03322
59 0.5742466666666667 0.6104366666666666 0.022543333333333332 0.03440666666666667
60 0.63624 0.6104366666666666 0.021949999999999997 0.03322
61 0.69942 0.6104366666666666 0.024916666666666667 0.03678
62 0.7611166666666667 0.6104366666666666 0.02017 0.03203333333333333
63 0.8242933333333333 0.6098433333333333 0.019576666666666666 0.03440666666666667
65 0.06911 0.66946 0.026696666666666667 0.035
66 0.13436666666666666 0.6685733333333334 0.021949999999999997 0.03440666666666667
53 0.20051333333333332 0.7103933333333333 0.022543333333333332 0.032626666666666665
61 0.23254666666666665 0.7109866666666667 0.023729999999999998 0.036186666666666666
52 0.2633933333333333 0.7083166666666666 0.022543333333333332 0.03203333333333333
38 0.2951333333333333 0.7098 0.023136666666666666 0.032626666666666665
43 0.32746333333333333 0.70891 0.018983333333333335 0.03440666666666667
58 0.35801666666666665 0.70891 0.023136666666666666 0.03440666666666667
59 0.38856666666666667 0.7062433333333333 0.017796666666666665 0.033813333333333334
54 0.08424 0.81065 0.02017 0.032626666666666665
54 0.17767333333333332 0.80531 0.019576666666666666 0.032626666666666665
54 0.26814 0.8038299999999999 0.018983333333333335 0.03440666666666667
54 0.33102333333333334 0.8035333333333333 0.018983333333333335 0.032626666666666665
54 0.4206 0.8038299999999999 0.02017 0.03322
54 0.5131466666666666 0.8032366666666667 0.018983333333333335 0.03440666666666667
54 0.60569 0.8038299999999999 0.018983333333333335 0.029660000000000002
54 0.6958599999999999 0.8029400000000001 0.021356666666666663 0.030253333333333333
54 0.78959 0.8041266666666667 0.023729999999999998 0.035
54 0.88184 0.8041266666666667 0.02076333333333333 0.035
54 0.09313666666666667 0.8963733333333332 0.018983333333333335 0.03203333333333333
54 0.18330999999999997 0.8934066666666666 0.017796666666666665 0.024916666666666667
54 0.2717 0.8960766666666666 0.021356666666666663 0.032626666666666665
54 0.36365000000000003 0.8960766666666666 0.021356666666666663 0.033813333333333334
54 0.45352666666666663 0.8951866666666667 0.017203333333333334 0.03203333333333333
54 0.5442899999999999 0.8960766666666666 0.019576666666666666 0.033813333333333334
54 0.6347566666666666 0.8960766666666666 0.02017 0.032626666666666665
54 0.7278933333333333 0.8981533333333334 0.024916666666666667 0.03440666666666667
54 0.8180666666666666 0.8960766666666666 0.02017 0.031439999999999996
54 0.0964 0.9408633333333334 0.019576666666666666 0.03203333333333333
0 0.11419666666666665 0.8091666666666667 0.021949999999999997 0.03678
1 0.20763 0.8047166666666667 0.021356666666666663 0.033813333333333334
2 0.29928666666666665 0.8035333333333333 0.019576666666666666 0.033813333333333334
3 0.35979333333333335 0.80442 0.02076333333333333 0.03440666666666667
4 0.45085666666666663 0.8038299999999999 0.021356666666666663 0.03678
5 0.5434 0.8038299999999999 0.021356666666666663 0.03559333333333333
6 0.63446 0.8029400000000001 0.021949999999999997 0.033813333333333334
7 0.72819 0.8038299999999999 0.019576666666666666 0.03322
8 0.8189566666666667 0.80442 0.02076333333333333 0.03678
9 0.9117966666666666 0.8041266666666667 0.02017 0.035
1 0.12072333333333334 0.89578 0.02076333333333333 0.03322
3 0.21178333333333335 0.89578 0.021356666666666663 0.03322
4 0.3007666666666666 0.8960766666666666 0.018983333333333335 0.035
2 0.39272 0.8951866666666667 0.022543333333333332 0.03440666666666667
5 0.482 0.894 0.021949999999999997 0.03203333333333333
6 0.5736533333333333 0.89578 0.018983333333333335 0.03559333333333333
7 0.66442 0.8954833333333333 0.021356666666666663 0.033813333333333334
8 0.7587433333333333 0.89845 0.021356666666666663 0.033813333333333334
9 0.8486166666666667 0.8954833333333333 0.021949999999999997 0.02907
0 0.12398666666666666 0.94116 0.017796666666666665 0.033813333333333334