54 0.06494140625 0.2958984375 0.05322265625 0.08154296875
54 0.1318359375 0.52392578125 0.05322265625 0.0849609375
54 0.28857421875 0.28662109375 0.05322265625 0.07958984375
54 0.51318359375 0.27392578125 0.05322265625 0.08154296875
3 0.140625 0.294921875 0.05126953125 0.07958984375
4 0.365234375 0.28662109375 0.05322265625 0.0830078125
5 0.58642578125 0.27099609375 0.05322265625 0.08154296875
54 0.73828125 0.27099609375 0.05322265625 0.08154296875
6 0.80810546875 0.2626953125 0.05322265625 0.08154296875
54 0.9599609375 0.2626953125 0.05322265625 0.08154296875
54 0.37158203125 0.5185546875 0.05322265625 0.07958984375
54 0.59814453125 0.50830078125 0.05322265625 0.07958984375
54 0.830078125 0.49853515625 0.05322265625 0.07958984375
2 0.21240234375 0.521484375 0.05126953125 0.07958984375
5 0.4443359375 0.51513671875 0.05126953125 0.07958984375
6 0.6748046875 0.5009765625 0.05322265625 0.08154296875
7 0.90673828125 0.49560546875 0.05322265625 0.08154296875
58 0.1435546875 0.06982421875 0.0498046875 0.0830078125
59 0.216796875 0.06689453125 0.0498046875 0.0830078125
43 0.06982421875 0.06689453125 0.0498046875 0.0830078125