60 0.15833333333333333 0.13541666666666666 0.045 0.07583333333333334
60 0.2225 0.13458333333333333 0.045 0.07583333333333334
51 0.0325 0.13958333333333334 0.045 0.07583333333333334
43 0.095 0.13458333333333333 0.045 0.07583333333333334
43 0.2866666666666667 0.12958333333333333 0.045 0.07583333333333334
58 0.3525 0.13125 0.045 0.07583333333333334
59 0.42333333333333334 0.13041666666666665 0.045 0.07583333333333334
53 0.56 0.12708333333333333 0.045 0.07583333333333334
55 0.6291666666666667 0.12791666666666668 0.045 0.07583333333333334
59 0.77 0.12875 0.045 0.07583333333333334
56 0.8408333333333333 0.12625 0.045 0.07583333333333334
37 0.9066666666666666 0.12708333333333333 0.045 0.07583333333333334
38 0.043333333333333335 0.35208333333333336 0.045 0.07583333333333334
39 0.10416666666666667 0.35041666666666665 0.045 0.07583333333333334
41 0.16666666666666666 0.35041666666666665 0.045 0.07583333333333334
43 0.22666666666666666 0.35125 0.045 0.07583333333333334
45 0.29333333333333333 0.35125 0.045 0.07583333333333334
46 0.35833333333333334 0.35041666666666665 0.045 0.07583333333333334
47 0.42333333333333334 0.34958333333333336 0.045 0.07583333333333334
48 0.48833333333333334 0.34958333333333336 0.045 0.07583333333333334
49 0.555 0.35041666666666665 0.045 0.07583333333333334
50 0.6216666666666667 0.35291666666666666 0.045 0.07583333333333334
51 0.6908333333333333 0.35291666666666666 0.045 0.07583333333333334
52 0.7575 0.3545833333333333 0.045 0.07583333333333334
53 0.8291666666666667 0.35291666666666666 0.045 0.07583333333333334
63 0.0475 0.4554166666666667 0.045 0.07583333333333334
64 0.10833333333333334 0.45458333333333334 0.045 0.07583333333333334
65 0.17 0.45458333333333334 0.045 0.07583333333333334
66 0.2325 0.45375 0.045 0.07583333333333334
40 0.3616666666666667 0.45708333333333334 0.045 0.07583333333333334
40 0.4266666666666667 0.4579166666666667 0.045 0.07583333333333334
40 0.49083333333333334 0.45875 0.045 0.07583333333333334
54 0.6208333333333333 0.46291666666666664 0.045 0.07583333333333334
54 0.7525 0.46208333333333335 0.045 0.07583333333333334
54 0.8891666666666667 0.46458333333333335 0.045 0.07583333333333334
63 0.05583333333333333 0.5479166666666667 0.045 0.07583333333333334
48 0.11166666666666666 0.5479166666666667 0.045 0.07583333333333334
60 0.17333333333333334 0.5495833333333333 0.045 0.07583333333333334
47 0.235 0.55125 0.045 0.07583333333333334
59 0.36375 0.555 0.04583333333333333 0.06833333333333333
56 0.42541666666666667 0.5566666666666666 0.0425 0.07
37 0.48833333333333334 0.5579166666666666 0.041666666666666664 0.06916666666666667
39 0.5525 0.55625 0.041666666666666664 0.06916666666666667
43 0.62 0.5579166666666666 0.041666666666666664 0.06916666666666667
38 0.06 0.65125 0.045 0.07583333333333334
37 0.1775 0.6529166666666667 0.045 0.07583333333333334
38 0.3025 0.6529166666666667 0.045 0.07583333333333334
39 0.4275 0.6554166666666666 0.045 0.07583333333333334
41 0.5508333333333333 0.65625 0.045 0.07583333333333334
43 0.68 0.6595833333333333 0.045 0.07583333333333334
45 0.8116666666666666 0.6629166666666667 0.045 0.07583333333333334
46 0.94 0.6670833333333334 0.045 0.07583333333333334
42 0.12416666666666666 0.73875 0.045 0.06583333333333333
44 0.185 0.74125 0.045 0.06583333333333333
53 0.30416666666666664 0.7429166666666667 0.045 0.06583333333333333
46 0.3675 0.74625 0.045 0.06583333333333333
55 0.4866666666666667 0.7495833333333334 0.045 0.06583333333333333
56 0.6125 0.7545833333333334 0.045 0.06583333333333333
57 0.7391666666666666 0.7620833333333333 0.045 0.06583333333333333
58 0.8641666666666666 0.7654166666666666 0.045 0.06583333333333333
66 0.13583333333333333 0.8254166666666667 0.045 0.06583333333333333
40 0.034166666666666665 0.9016666666666666 0.045 0.058333333333333334
24 0.0875 0.9008333333333334 0.045 0.058333333333333334
48 0.14166666666666666 0.9 0.045 0.058333333333333334
53 0.255 0.9129166666666667 0.041666666666666664 0.06416666666666666
61 0.31166666666666665 0.91625 0.041666666666666664 0.06416666666666666
52 0.37083333333333335 0.9204166666666667 0.041666666666666664 0.06416666666666666
38 0.42583333333333334 0.92125 0.041666666666666664 0.06416666666666666
43 0.48833333333333334 0.9254166666666667 0.041666666666666664 0.06416666666666666
58 0.5475 0.9245833333333333 0.041666666666666664 0.06416666666666666
59 0.605 0.9279166666666666 0.041666666666666664 0.06416666666666666