54 0.06383333333333334 0.36418999999999996 0.07766666666666666 0.12104666666666666
6 0.1625 0.36285666666666666 0.07766666666666666 0.12104666666666666
54 0.37316666666666665 0.35752666666666666 0.07766666666666666 0.12104666666666666
7 0.4691666666666667 0.3561933333333333 0.07766666666666666 0.12104666666666666
54 0.6611666666666667 0.35352666666666666 0.07766666666666666 0.12104666666666666
8 0.7571666666666667 0.3521933333333333 0.07766666666666666 0.12104666666666666
54 0.9371666666666667 0.35085999999999995 0.07766666666666666 0.12104666666666666
54 0.7445 0.6393466666666666 0.079 0.10905333333333334
9 0.8338333333333333 0.6366833333333333 0.079 0.10905333333333334
54 0.47383333333333333 0.6526733333333333 0.079 0.10905333333333334
8 0.5705 0.6433466666666666 0.07233333333333333 0.10905333333333334
54 0.1905 0.6686633333333334 0.07233333333333333 0.10905333333333334
7 0.28783333333333333 0.6633333333333333 0.07233333333333333 0.10905333333333334