37 0.064208984375 0.144775390625 0.01953125 0.03125
38 0.095947265625 0.143798828125 0.017578125 0.02880859375
39 0.129150390625 0.143310546875 0.017578125 0.02783203125
41 0.157470703125 0.14208984375 0.01904296875 0.02734375
43 0.188232421875 0.14453125 0.01904296875 0.02783203125
45 0.220458984375 0.142333984375 0.01953125 0.03173828125
46 0.251708984375 0.14404296875 0.02197265625 0.03173828125
47 0.282958984375 0.14306640625 0.0205078125 0.03466796875
48 0.31640625 0.143310546875 0.02197265625 0.033203125
49 0.34423828125 0.143310546875 0.02294921875 0.033203125
50 0.37646484375 0.14404296875 0.0205078125 0.03173828125
51 0.4091796875 0.14208984375 0.02197265625 0.03564453125
52 0.44140625 0.141845703125 0.02197265625 0.033203125
53 0.470703125 0.143798828125 0.0205078125 0.0341796875
42 0.53564453125 0.1416015625 0.01904296875 0.03173828125
44 0.56494140625 0.14208984375 0.021484375 0.0361328125
53 0.62841796875 0.142578125 0.02197265625 0.03466796875
46 0.66064453125 0.1416015625 0.01953125 0.0341796875
55 0.7236328125 0.141845703125 0.02197265625 0.03271484375
56 0.75634765625 0.14111328125 0.0205078125 0.0341796875
57 0.78857421875 0.14013671875 0.01953125 0.03564453125
58 0.81884765625 0.140625 0.0244140625 0.0361328125
59 0.8525390625 0.139892578125 0.02294921875 0.033203125
60 0.88525390625 0.139892578125 0.0205078125 0.03173828125
61 0.915771484375 0.1416015625 0.01953125 0.03125
62 0.063720703125 0.1953125 0.021484375 0.03173828125
63 0.094970703125 0.195068359375 0.021484375 0.02978515625
64 0.126708984375 0.193359375 0.0185546875 0.03173828125
65 0.156005859375 0.193359375 0.01953125 0.03271484375
66 0.187744140625 0.1943359375 0.01806640625 0.03173828125
54 0.377197265625 0.19384765625 0.01904296875 0.03076171875
54 0.439697265625 0.19189453125 0.01904296875 0.03076171875
54 0.502197265625 0.19384765625 0.01904296875 0.03076171875
40 0.250244140625 0.193359375 0.01904296875 0.03076171875
40 0.281982421875 0.19287109375 0.01904296875 0.03076171875
40 0.315185546875 0.19384765625 0.01904296875 0.03076171875
40 0.061279296875 0.24169921875 0.01904296875 0.03076171875
33 0.093505859375 0.241943359375 0.0205078125 0.03076171875
19 0.123291015625 0.24072265625 0.0205078125 0.0302734375
30 0.154541015625 0.240966796875 0.0224609375 0.033203125
18 0.186279296875 0.24072265625 0.02001953125 0.03271484375
59 0.249267578125 0.2412109375 0.0205078125 0.033203125
56 0.281005859375 0.240478515625 0.0205078125 0.02978515625
37 0.310791015625 0.240234375 0.02099609375 0.0302734375
39 0.344482421875 0.238525390625 0.01806640625 0.0283203125
43 0.375244140625 0.23828125 0.01806640625 0.029296875
37 0.05810546875 0.291748046875 0.01708984375 0.02685546875
38 0.08984375 0.288330078125 0.0205078125 0.02783203125
37 0.15185546875 0.288818359375 0.01953125 0.0263671875
38 0.21630859375 0.290283203125 0.02099609375 0.03125
39 0.279296875 0.288330078125 0.02001953125 0.02880859375
41 0.3427734375 0.289794921875 0.01904296875 0.02978515625
43 0.40576171875 0.288330078125 0.0205078125 0.029296875
45 0.4697265625 0.289794921875 0.01904296875 0.03369140625
46 0.53369140625 0.289306640625 0.01904296875 0.02978515625
47 0.59716796875 0.288330078125 0.01806640625 0.029296875
48 0.66259765625 0.2880859375 0.0205078125 0.03173828125
49 0.72705078125 0.289794921875 0.0185546875 0.0341796875
50 0.7919921875 0.28955078125 0.0205078125 0.03125
51 0.856201171875 0.289794921875 0.0224609375 0.03466796875
52 0.920654296875 0.2900390625 0.025390625 0.03515625
63 0.825439453125 0.342529296875 0.0205078125 0.03125
62 0.758544921875 0.34228515625 0.021484375 0.0341796875
61 0.694091796875 0.34326171875 0.02294921875 0.03369140625
60 0.628662109375 0.3427734375 0.0205078125 0.03271484375
59 0.565673828125 0.34326171875 0.02099609375 0.03125
58 0.500732421875 0.34326171875 0.021484375 0.0322265625
53 0.057373046875 0.343017578125 0.02392578125 0.03173828125
42 0.122314453125 0.34228515625 0.0205078125 0.033203125
44 0.151611328125 0.343994140625 0.0205078125 0.03564453125
53 0.215087890625 0.343017578125 0.0185546875 0.03369140625
46 0.246337890625 0.341796875 0.0205078125 0.03466796875
55 0.310302734375 0.343017578125 0.01806640625 0.03271484375
56 0.374267578125 0.34326171875 0.0185546875 0.03466796875
57 0.438232421875 0.34375 0.02099609375 0.033203125
65 0.055908203125 0.393310546875 0.0205078125 0.03173828125
66 0.118896484375 0.3935546875 0.02099609375 0.03369140625
53 0.180908203125 0.443115234375 0.0205078125 0.03564453125
61 0.213134765625 0.4423828125 0.02099609375 0.03662109375
52 0.244384765625 0.44189453125 0.02001953125 0.0361328125
38 0.277099609375 0.442138671875 0.02099609375 0.03466796875
43 0.310791015625 0.443115234375 0.02099609375 0.03759765625
58 0.341552734375 0.443115234375 0.02001953125 0.03564453125
59 0.374755859375 0.44384765625 0.02001953125 0.03369140625
54 0.0517578125 0.547607421875 0.0205078125 0.033203125
54 0.14697265625 0.54833984375 0.0205078125 0.033203125
54 0.24365234375 0.547119140625 0.0205078125 0.033203125
54 0.30908203125 0.548095703125 0.0205078125 0.033203125
54 0.4052734375 0.547119140625 0.0205078125 0.033203125
54 0.500732421875 0.54833984375 0.0205078125 0.033203125
54 0.049560546875 0.6494140625 0.0205078125 0.033203125
54 0.142333984375 0.648681640625 0.021484375 0.033203125
54 0.240478515625 0.650146484375 0.021484375 0.033203125
54 0.339599609375 0.64892578125 0.021484375 0.033203125
54 0.437255859375 0.649169921875 0.021484375 0.033203125
54 0.532958984375 0.649169921875 0.021484375 0.033203125
54 0.047607421875 0.7021484375 0.021484375 0.033203125
54 0.597900390625 0.546630859375 0.021484375 0.033203125
54 0.695068359375 0.5478515625 0.021484375 0.033203125
54 0.795166015625 0.5498046875 0.021484375 0.033203125
54 0.894287109375 0.549560546875 0.021484375 0.033203125
54 0.632568359375 0.64990234375 0.021484375 0.033203125
54 0.731689453125 0.650634765625 0.021484375 0.033203125
54 0.829833984375 0.652099609375 0.021484375 0.033203125
0 0.08349609375 0.54736328125 0.0224609375 0.03369140625
1 0.17919921875 0.545654296875 0.02197265625 0.0341796875
2 0.27587890625 0.54638671875 0.0224609375 0.03515625
3 0.341796875 0.54736328125 0.021484375 0.0322265625
4 0.4365234375 0.547119140625 0.02099609375 0.03369140625
1 0.078857421875 0.64697265625 0.02099609375 0.03125
3 0.176025390625 0.6484375 0.021484375 0.0322265625
4 0.273681640625 0.650146484375 0.02099609375 0.033203125
2 0.37109375 0.647216796875 0.02001953125 0.03369140625
5 0.468505859375 0.64892578125 0.0205078125 0.03515625
0 0.080810546875 0.701171875 0.021484375 0.03564453125
5 0.532958984375 0.545654296875 0.01953125 0.03369140625
6 0.630126953125 0.54736328125 0.02099609375 0.03369140625
7 0.727783203125 0.546630859375 0.02001953125 0.03173828125
8 0.827392578125 0.548583984375 0.02099609375 0.03369140625
9 0.925537109375 0.548828125 0.02001953125 0.03076171875
6 0.566650390625 0.648681640625 0.01904296875 0.03076171875
7 0.664794921875 0.648681640625 0.02099609375 0.03369140625
8 0.763427734375 0.650390625 0.0205078125 0.03369140625
9 0.862548828125 0.65087890625 0.02099609375 0.03515625
53 0.268798828125 0.860595703125 0.02197265625 0.0361328125
46 0.302001953125 0.86181640625 0.01953125 0.033203125
61 0.368408203125 0.863525390625 0.0224609375 0.03759765625
52 0.401611328125 0.863037109375 0.02197265625 0.03564453125
37 0.433837890625 0.864013671875 0.0205078125 0.03564453125
46 0.468017578125 0.86376953125 0.0205078125 0.03759765625
37 0.500732421875 0.863525390625 0.02099609375 0.0361328125
59 0.566650390625 0.864013671875 0.0224609375 0.03369140625
37 0.600830078125 0.863525390625 0.01953125 0.0302734375
48 0.66845703125 0.866455078125 0.0205078125 0.0380859375
53 0.701171875 0.864990234375 0.02197265625 0.037109375
65 0.73388671875 0.865966796875 0.02294921875 0.03662109375
55 0.76708984375 0.86572265625 0.0224609375 0.0361328125
50 0.3017578125 0.91748046875 0.021484375 0.03515625
37 0.33544921875 0.9169921875 0.0224609375 0.0341796875
65 0.36767578125 0.918212890625 0.0234375 0.037109375
55 0.40087890625 0.917724609375 0.02099609375 0.0361328125
52 0.042724609375 0.85791015625 0.02197265625 0.0361328125
37 0.074462890625 0.857177734375 0.02197265625 0.0361328125
46 0.107177734375 0.859130859375 0.02197265625 0.0361328125
37 0.137451171875 0.858154296875 0.02197265625 0.0361328125
53 0.171630859375 0.8603515625 0.02197265625 0.0361328125
41 0.205322265625 0.860107421875 0.02197265625 0.0361328125
37 0.236083984375 0.860107421875 0.02197265625 0.0361328125
50 0.042236328125 0.9111328125 0.02197265625 0.0361328125
61 0.074462890625 0.913818359375 0.02197265625 0.0361328125
52 0.105712890625 0.912841796875 0.02197265625 0.0361328125
61 0.138427734375 0.912841796875 0.02197265625 0.0361328125
59 0.170166015625 0.91357421875 0.02197265625 0.0361328125
60 0.203125 0.914306640625 0.02197265625 0.0361328125
37 0.23388671875 0.914794921875 0.02197265625 0.0361328125