53 0.15722333333333333 0.20833333333333334 0.04777666666666667 0.07222333333333333
61 0.22444333333333336 0.20944333333333334 0.055556666666666664 0.07444333333333333
52 0.29555666666666663 0.20944333333333334 0.04666666666666667 0.07222333333333333
38 0.3644433333333333 0.20889 0.044443333333333335 0.07111
43 0.43389 0.20944333333333334 0.04555666666666666 0.07444333333333333
58 0.5038900000000001 0.21444333333333335 0.04777666666666667 0.07777666666666667
59 0.5766666666666667 0.21389 0.04666666666666667 0.07222333333333333
54 0.07555666666666666 0.43166666666666664 0.048889999999999996 0.06777666666666667
54 0.2827766666666667 0.43389 0.04777666666666667 0.07889
54 0.4244433333333333 0.4394433333333333 0.05111 0.07666666666666666
54 0.64 0.44610999999999995 0.04666666666666667 0.07444333333333333
54 0.8583333333333333 0.45 0.05 0.07777666666666667
54 0.061110000000000005 0.65611 0.048889999999999996 0.07444333333333333
54 0.2722233333333333 0.6622233333333334 0.04666666666666667 0.07555666666666666
54 0.49111 0.6677766666666667 0.04666666666666667 0.08222333333333333
54 0.7105566666666667 0.67611 0.04777666666666667 0.07889
54 0.9272233333333334 0.68389 0.043333333333333335 0.07666666666666666
1 0.14555666666666667 0.43111 0.04666666666666667 0.07333333333333333
2 0.35611 0.43833333333333335 0.05 0.07889
3 0.49777666666666665 0.44111 0.04666666666666667 0.07555666666666666
4 0.7116666666666667 0.44389 0.05 0.07444333333333333
5 0.9266666666666666 0.4494433333333333 0.05111 0.08111
3 0.13444333333333333 0.65389 0.05111 0.07666666666666666
4 0.3466666666666667 0.6594433333333333 0.04666666666666667 0.07444333333333333
2 0.5616666666666666 0.6655566666666667 0.05 0.07777666666666667
5 0.7844433333333333 0.675 0.05333333333333334 0.08333333333333333