45 0.039794921875 0.096435546875 0.02978515625 0.041015625
46 0.080810546875 0.0966796875 0.02978515625 0.041015625
47 0.123779296875 0.094970703125 0.02978515625 0.041015625
48 0.166259765625 0.09716796875 0.02978515625 0.041015625
49 0.211669921875 0.097900390625 0.02978515625 0.041015625
50 0.25439453125 0.10009765625 0.02978515625 0.041015625
51 0.30029296875 0.100830078125 0.02978515625 0.041015625
52 0.3427734375 0.10107421875 0.02978515625 0.041015625
53 0.38818359375 0.10302734375 0.02978515625 0.041015625
42 0.4755859375 0.1044921875 0.02978515625 0.041015625
44 0.522705078125 0.105224609375 0.02978515625 0.041015625
53 0.610595703125 0.10986328125 0.03125 0.04443359375
46 0.656005859375 0.109619140625 0.03125 0.04541015625
55 0.745361328125 0.113525390625 0.03125 0.046875
56 0.790771484375 0.1123046875 0.03369140625 0.04833984375
57 0.835693359375 0.11572265625 0.03173828125 0.048828125
58 0.881591796875 0.117431640625 0.03271484375 0.04833984375
59 0.927001953125 0.11767578125 0.03125 0.044921875
60 0.96826171875 0.120361328125 0.033203125 0.0517578125
54 0.252197265625 0.171875 0.03076171875 0.04345703125
54 0.339111328125 0.1728515625 0.03076171875 0.04345703125
54 0.427490234375 0.176513671875 0.03076171875 0.04345703125
40 0.076171875 0.166748046875 0.03076171875 0.04345703125
40 0.12109375 0.167724609375 0.03076171875 0.04345703125
40 0.162841796875 0.16845703125 0.03076171875 0.04345703125
59 0.073974609375 0.233642578125 0.02978515625 0.04638671875
56 0.117431640625 0.23486328125 0.03125 0.044921875
37 0.159912109375 0.235107421875 0.03125 0.044921875
39 0.204833984375 0.236083984375 0.03173828125 0.04345703125
43 0.248779296875 0.23681640625 0.03173828125 0.0478515625
39 0.111572265625 0.3046875 0.03125 0.044921875
41 0.20068359375 0.31005859375 0.03125 0.044921875
43 0.2890625 0.312744140625 0.03125 0.044921875
45 0.38037109375 0.312255859375 0.03125 0.044921875
46 0.471435546875 0.31689453125 0.029296875 0.048828125
47 0.559814453125 0.31884765625 0.029296875 0.04345703125
48 0.651611328125 0.322509765625 0.029296875 0.04248046875
49 0.743896484375 0.324951171875 0.03076171875 0.05078125
50 0.830810546875 0.327880859375 0.03369140625 0.05224609375
51 0.9228515625 0.33203125 0.03369140625 0.044921875
46 0.066162109375 0.378173828125 0.029296875 0.05078125
55 0.154541015625 0.381103515625 0.03271484375 0.05078125
56 0.242919921875 0.380615234375 0.033203125 0.04833984375
57 0.333251953125 0.3857421875 0.02978515625 0.048828125
58 0.423095703125 0.38916015625 0.029296875 0.048828125
59 0.514892578125 0.391357421875 0.03271484375 0.04541015625
60 0.600830078125 0.395263671875 0.02978515625 0.048828125
61 0.693603515625 0.39990234375 0.03515625 0.0517578125
62 0.783447265625 0.400390625 0.03173828125 0.048828125
63 0.876220703125 0.404541015625 0.03515625 0.05029296875
61 0.060546875 0.5185546875 0.03076171875 0.046875
38 0.1044921875 0.51953125 0.03076171875 0.04638671875
43 0.14990234375 0.521240234375 0.029296875 0.046875
58 0.19482421875 0.52392578125 0.03125 0.05224609375
59 0.24169921875 0.524169921875 0.03271484375 0.048828125
54 0.05859375 0.6650390625 0.03076171875 0.044921875
54 0.14697265625 0.668701171875 0.03076171875 0.044921875
54 0.279296875 0.6728515625 0.03076171875 0.044921875
54 0.415283203125 0.6787109375 0.03076171875 0.044921875
54 0.550048828125 0.681884765625 0.03076171875 0.044921875
54 0.688720703125 0.688720703125 0.03076171875 0.044921875
54 0.826904296875 0.693115234375 0.03076171875 0.044921875
54 0.961181640625 0.699951171875 0.03076171875 0.044921875
54 0.052490234375 0.80712890625 0.03076171875 0.044921875
54 0.18408203125 0.812744140625 0.03076171875 0.044921875
54 0.3193359375 0.816650390625 0.03076171875 0.048828125
54 0.456298828125 0.824462890625 0.03076171875 0.048828125
54 0.592529296875 0.8271484375 0.03076171875 0.048828125
54 0.73095703125 0.8330078125 0.03076171875 0.048828125
54 0.86865234375 0.83740234375 0.03076171875 0.048828125
2 0.099609375 0.665771484375 0.03076171875 0.048828125
3 0.191650390625 0.67236328125 0.03076171875 0.048828125
4 0.324951171875 0.673583984375 0.03076171875 0.048828125
5 0.459716796875 0.677490234375 0.03076171875 0.048828125
6 0.596435546875 0.682861328125 0.03076171875 0.048828125
7 0.732666015625 0.68798828125 0.03076171875 0.048828125
8 0.868408203125 0.69677734375 0.03076171875 0.048828125
4 0.096923828125 0.810791015625 0.03076171875 0.048828125
2 0.23046875 0.814697265625 0.03076171875 0.048828125
5 0.3662109375 0.81689453125 0.03076171875 0.048828125
6 0.501220703125 0.82568359375 0.03076171875 0.048828125
7 0.638427734375 0.828125 0.03076171875 0.048828125
8 0.7744140625 0.834228515625 0.03076171875 0.048828125
9 0.912109375 0.837646484375 0.03076171875 0.048828125