54 0.23974609375 0.13134765625 0.0498046875 0.07275390625
54 0.240478515625 0.22314453125 0.0498046875 0.07275390625
0 0.292724609375 0.2216796875 0.0498046875 0.07275390625
1 0.29541015625 0.131103515625 0.0498046875 0.07275390625
54 0.40283203125 0.126708984375 0.0537109375 0.07373046875
3 0.4619140625 0.126953125 0.0537109375 0.07373046875
54 0.5732421875 0.124755859375 0.0537109375 0.07373046875
4 0.640625 0.120361328125 0.0537109375 0.07373046875
54 0.75732421875 0.121337890625 0.0537109375 0.07373046875
2 0.8232421875 0.119384765625 0.0537109375 0.07373046875
54 0.9482421875 0.118408203125 0.0537109375 0.07373046875
61 0.8046875 0.506591796875 0.0537109375 0.07373046875
52 0.8671875 0.507080078125 0.0537109375 0.07373046875
37 0.93115234375 0.508056640625 0.0498046875 0.06787109375
65 0.801513671875 0.60009765625 0.05029296875 0.07275390625
37 0.744384765625 0.599853515625 0.05029296875 0.07275390625
50 0.685791015625 0.598388671875 0.05029296875 0.07275390625
46 0.68798828125 0.505126953125 0.05029296875 0.07275390625
53 0.6279296875 0.501953125 0.05029296875 0.07275390625
37 0.57080078125 0.592529296875 0.05029296875 0.07275390625
60 0.5126953125 0.589111328125 0.0458984375 0.06982421875
37 0.5771484375 0.501708984375 0.05029296875 0.07275390625
59 0.458984375 0.587890625 0.0458984375 0.06982421875
41 0.51611328125 0.498291015625 0.0458984375 0.06982421875
53 0.457275390625 0.49365234375 0.0458984375 0.06982421875
37 0.40576171875 0.496826171875 0.0458984375 0.06982421875
46 0.349853515625 0.494384765625 0.0458984375 0.06982421875
37 0.295166015625 0.49072265625 0.0458984375 0.06982421875
52 0.244384765625 0.48974609375 0.0458984375 0.06982421875
50 0.237060546875 0.579833984375 0.0458984375 0.06982421875
61 0.29052734375 0.58154296875 0.0458984375 0.06982421875
52 0.34814453125 0.583251953125 0.0458984375 0.06982421875
61 0.400390625 0.5869140625 0.0458984375 0.06982421875
54 0.862548828125 0.60205078125 0.05029296875 0.07275390625