60 0.20154 0.34888 0.043116666666666664 0.06985333333333334
61 0.3185733333333333 0.34811 0.043116666666666664 0.06985333333333334
48 0.2515866666666667 0.24641000000000002 0.043116666666666664 0.06985333333333334
49 0.37093 0.24717999999999998 0.043116666666666664 0.06985333333333334
50 0.48950333333333335 0.24564 0.043116666666666664 0.06985333333333334
51 0.6142366666666667 0.24409999999999998 0.043116666666666664 0.06985333333333334
47 0.12992666666666666 0.2525733333333333 0.043116666666666664 0.06985333333333334
59 0.08295999999999999 0.35581333333333337 0.043116666666666664 0.06985333333333334
62 0.43753333333333333 0.3469533333333333 0.04850666666666667 0.06908333333333333
63 0.5561066666666666 0.34309999999999996 0.04850666666666667 0.06908333333333333
52 0.73782 0.2414 0.04850666666666667 0.06908333333333333
54 0.17295000000000002 0.7085366666666667 0.03932666666666667 0.06172
6 0.22495666666666667 0.7078966666666667 0.03932666666666667 0.06172
54 0.07471666666666667 0.88071 0.03932666666666667 0.06172
54 0.33859666666666666 0.7078933333333333 0.03932666666666667 0.06172
54 0.23587 0.8819933333333333 0.03932666666666667 0.06172
54 0.39959 0.8800666666666666 0.03932666666666667 0.06172
7 0.28851666666666664 0.8768533333333333 0.03932666666666667 0.06172
6 0.12479666666666667 0.8774966666666666 0.03932666666666667 0.06172
7 0.39317 0.7078933333333333 0.03932666666666667 0.06172
54 0.5074533333333333 0.7078933333333333 0.03932666666666667 0.06172
54 0.56588 0.8768533333333333 0.03932666666666667 0.06172
54 0.67567 0.7053233333333333 0.03932666666666667 0.06172
8 0.5581766666666667 0.7033966666666667 0.03932666666666667 0.06172
8 0.45416666666666666 0.88071 0.03932666666666667 0.06172
9 0.6204566666666667 0.8787833333333332 0.03932666666666667 0.06172
9 0.7334566666666666 0.7033966666666667 0.03932666666666667 0.06172