54 0.08642578125 0.58056640625 0.04345703125 0.06103515625
54 0.26171875 0.578125 0.04345703125 0.06103515625
54 0.4404296875 0.57958984375 0.04345703125 0.06103515625
54 0.61962890625 0.576171875 0.04345703125 0.06298828125
54 0.80517578125 0.57177734375 0.04345703125 0.0654296875
54 0.97998046875 0.5693359375 0.0400390625 0.0654296875
54 0.8671875 0.75634765625 0.04345703125 0.0654296875
54 0.6826171875 0.7607421875 0.04345703125 0.0654296875
54 0.50732421875 0.7607421875 0.04345703125 0.0654296875
54 0.3271484375 0.75830078125 0.04345703125 0.0654296875
54 0.158203125 0.763671875 0.04345703125 0.0654296875
4 0.140625 0.58056640625 0.04345703125 0.06103515625
5 0.3193359375 0.5771484375 0.04345703125 0.06103515625
6 0.4970703125 0.57373046875 0.04345703125 0.06103515625
7 0.681640625 0.57275390625 0.04345703125 0.06103515625
8 0.86865234375 0.568359375 0.04345703125 0.06103515625
5 0.212890625 0.7626953125 0.04345703125 0.06103515625
6 0.38720703125 0.75830078125 0.04345703125 0.06103515625
7 0.56396484375 0.75830078125 0.04345703125 0.06103515625
8 0.74365234375 0.75830078125 0.04345703125 0.06103515625
9 0.923828125 0.75146484375 0.04345703125 0.06103515625
46 0.2978515625 0.0830078125 0.04345703125 0.06103515625
47 0.419921875 0.078125 0.04345703125 0.06103515625
48 0.54443359375 0.0751953125 0.04345703125 0.06103515625
49 0.6689453125 0.0751953125 0.04345703125 0.06103515625
50 0.79443359375 0.076171875 0.04345703125 0.06103515625
51 0.9111328125 0.0771484375 0.04345703125 0.06103515625
57 0.122802734375 0.19384765625 0.04345703125 0.06103515625
58 0.2392578125 0.18603515625 0.04345703125 0.06103515625
59 0.359375 0.18408203125 0.04345703125 0.06103515625
60 0.4873046875 0.181640625 0.04345703125 0.06103515625
61 0.61328125 0.17919921875 0.044921875 0.07177734375
62 0.734375 0.1806640625 0.044921875 0.07177734375
63 0.85546875 0.1826171875 0.044921875 0.07177734375
43 0.05712890625 0.09716796875 0.044921875 0.07177734375
45 0.17724609375 0.09375 0.044921875 0.07177734375