57 0.335205078125 0.70361328125 0.0556640625 0.0791015625
58 0.463623046875 0.70361328125 0.0556640625 0.0791015625
59 0.596923828125 0.7021484375 0.0556640625 0.0791015625
60 0.724853515625 0.69921875 0.0556640625 0.0791015625
61 0.852783203125 0.70068359375 0.0556640625 0.0791015625
59 0.208740234375 0.90087890625 0.0556640625 0.0791015625
58 0.146240234375 0.89794921875 0.0556640625 0.0791015625
43 0.086181640625 0.89404296875 0.0556640625 0.0791015625
38 0.026123046875 0.89404296875 0.05224609375 0.0791015625
55 0.076416015625 0.70068359375 0.0556640625 0.0791015625
56 0.203369140625 0.69921875 0.0556640625 0.0791015625
41 0.134765625 0.59521484375 0.0556640625 0.0791015625
43 0.26513671875 0.5966796875 0.0556640625 0.0791015625
45 0.39599609375 0.5927734375 0.0556640625 0.0791015625
46 0.5283203125 0.5927734375 0.0556640625 0.0791015625
47 0.6630859375 0.59130859375 0.0556640625 0.0791015625
48 0.79248046875 0.59130859375 0.0556640625 0.0791015625
49 0.921875 0.59130859375 0.0556640625 0.0791015625
37 0.08056640625 0.49267578125 0.0556640625 0.0791015625
39 0.13525390625 0.49267578125 0.0556640625 0.0791015625
43 0.20166015625 0.48876953125 0.0556640625 0.0791015625
40 0.070556640625 0.3916015625 0.0556640625 0.0791015625
54 0.464111328125 0.38623046875 0.0556640625 0.0791015625
54 0.207763671875 0.388671875 0.0556640625 0.0791015625
54 0.331787109375 0.3876953125 0.0556640625 0.0791015625
48 0.078857421875 0.2890625 0.0556640625 0.0791015625
49 0.138916015625 0.2822265625 0.0556640625 0.0791015625
50 0.205810546875 0.28369140625 0.0556640625 0.0791015625
51 0.269775390625 0.2822265625 0.0556640625 0.0791015625
52 0.332275390625 0.28076171875 0.0556640625 0.0791015625
53 0.396240234375 0.28076171875 0.0556640625 0.0791015625
53 0.14013671875 0.078125 0.0556640625 0.0791015625
59 0.029296875 0.0888671875 0.0556640625 0.0791015625
55 0.20556640625 0.0771484375 0.0556640625 0.0791015625
59 0.3349609375 0.0703125 0.0556640625 0.0791015625
56 0.3974609375 0.0673828125 0.0556640625 0.0791015625
37 0.462890625 0.06494140625 0.0556640625 0.0791015625
39 0.527099609375 0.06201171875 0.0556640625 0.0791015625
43 0.593994140625 0.05419921875 0.0556640625 0.0791015625
42 0.528564453125 0.27685546875 0.0556640625 0.0791015625
44 0.596435546875 0.275390625 0.0556640625 0.0791015625
53 0.728759765625 0.275390625 0.0556640625 0.0791015625
46 0.796630859375 0.275390625 0.0556640625 0.0791015625
55 0.926025390625 0.27294921875 0.0556640625 0.0791015625