54 0.058349609375 0.2099609375 0.0380859375 0.06982421875
2 0.105712890625 0.206787109375 0.0380859375 0.06982421875
54 0.22802734375 0.2021484375 0.044921875 0.068359375
5 0.28466796875 0.19580078125 0.04638671875 0.07080078125
54 0.40576171875 0.194091796875 0.04345703125 0.07373046875
6 0.4658203125 0.188720703125 0.0458984375 0.07421875
54 0.589111328125 0.187744140625 0.04736328125 0.07421875
7 0.649658203125 0.17822265625 0.04736328125 0.07421875
54 0.776611328125 0.175537109375 0.04736328125 0.07421875
8 0.836669921875 0.1748046875 0.04736328125 0.07421875
54 0.96044921875 0.1708984375 0.0498046875 0.072265625
65 0.154541015625 0.662841796875 0.046875 0.06591796875
46 0.039306640625 0.5791015625 0.04296875 0.0654296875
55 0.211669921875 0.66064453125 0.046875 0.06591796875
37 0.10302734375 0.66650390625 0.046875 0.06591796875
50 0.048828125 0.666748046875 0.046875 0.06591796875
61 0.149658203125 0.574462890625 0.04296875 0.0654296875
52 0.201904296875 0.57275390625 0.04296875 0.0654296875
37 0.258056640625 0.572998046875 0.04296875 0.0654296875
46 0.316162109375 0.571533203125 0.04296875 0.0654296875
37 0.371826171875 0.5693359375 0.04296875 0.0654296875
59 0.482421875 0.564453125 0.04296875 0.0654296875
37 0.5390625 0.56396484375 0.04296875 0.0654296875
48 0.65185546875 0.561767578125 0.04296875 0.0654296875
53 0.7099609375 0.55908203125 0.04296875 0.0654296875
65 0.76806640625 0.558349609375 0.04296875 0.0654296875
55 0.8251953125 0.559326171875 0.04296875 0.0654296875