54 0.147705078125 0.130615234375 0.0400390625 0.064453125
54 0.321533203125 0.132568359375 0.0390625 0.064453125
54 0.497314453125 0.13720703125 0.04150390625 0.072265625
54 0.674072265625 0.138671875 0.044921875 0.076171875
54 0.859619140625 0.147216796875 0.04052734375 0.07373046875
4 0.205322265625 0.131103515625 0.0400390625 0.06787109375
2 0.379150390625 0.130615234375 0.04345703125 0.06787109375
5 0.555908203125 0.138671875 0.0439453125 0.07373046875
6 0.735595703125 0.141845703125 0.044921875 0.07421875
7 0.916748046875 0.1513671875 0.04736328125 0.0751953125
53 0.03857421875 0.497314453125 0.0390625 0.06689453125
41 0.0908203125 0.495849609375 0.041015625 0.0634765625
37 0.14501953125 0.49755859375 0.041015625 0.0634765625
53 0.20361328125 0.501220703125 0.0400390625 0.06787109375
46 0.26025390625 0.500244140625 0.0400390625 0.064453125
61 0.373291015625 0.509521484375 0.0400390625 0.06787109375
52 0.428955078125 0.509521484375 0.0380859375 0.06591796875
37 0.486572265625 0.512451171875 0.04443359375 0.06640625
46 0.543701171875 0.517822265625 0.04150390625 0.072265625
37 0.602783203125 0.517822265625 0.04150390625 0.072265625
59 0.7138671875 0.523193359375 0.0380859375 0.06591796875
37 0.770263671875 0.521728515625 0.03662109375 0.0634765625
59 0.03759765625 0.581787109375 0.0390625 0.06689453125
60 0.093505859375 0.590087890625 0.04248046875 0.06787109375
37 0.147705078125 0.589111328125 0.04248046875 0.0615234375
50 0.259521484375 0.593994140625 0.04345703125 0.0634765625
37 0.317626953125 0.594482421875 0.0400390625 0.064453125
65 0.370361328125 0.598876953125 0.0390625 0.06689453125
55 0.426513671875 0.602294921875 0.04296875 0.0712890625
48 0.890380859375 0.53271484375 0.046875 0.072265625
53 0.947021484375 0.53173828125 0.046875 0.072265625