40 0.18212890625 0.331298828125 0.046875 0.08056640625
51 0.25390625 0.330810546875 0.05029296875 0.0830078125
43 0.31884765625 0.334716796875 0.048828125 0.083984375
60 0.389404296875 0.34033203125 0.0478515625 0.0927734375
60 0.458740234375 0.341064453125 0.046875 0.08203125
43 0.532470703125 0.345703125 0.05126953125 0.0927734375
58 0.605224609375 0.345703125 0.0478515625 0.091796875
59 0.682861328125 0.345947265625 0.05224609375 0.07861328125
53 0.833251953125 0.35009765625 0.05126953125 0.0908203125
55 0.909423828125 0.348876953125 0.05029296875 0.083984375
37 0.183349609375 0.547607421875 0.03759765625 0.064453125
38 0.2509765625 0.5556640625 0.0458984375 0.07421875
39 0.31982421875 0.556884765625 0.041015625 0.07470703125
41 0.388427734375 0.5654296875 0.046875 0.08056640625
43 0.456298828125 0.565673828125 0.046875 0.08203125
45 0.527099609375 0.5703125 0.05126953125 0.08642578125
46 0.598876953125 0.572509765625 0.0478515625 0.08740234375
47 0.66748046875 0.58251953125 0.046875 0.0849609375
48 0.7470703125 0.58544921875 0.05029296875 0.08056640625
49 0.818603515625 0.591552734375 0.05029296875 0.08642578125
50 0.892333984375 0.59326171875 0.0556640625 0.0849609375
51 0.964599609375 0.596435546875 0.048828125 0.07861328125
62 0.190673828125 0.65771484375 0.0458984375 0.07177734375
63 0.25341796875 0.66552734375 0.04248046875 0.0712890625
64 0.31787109375 0.668212890625 0.0400390625 0.0771484375
65 0.38427734375 0.67529296875 0.04345703125 0.08251953125
66 0.454345703125 0.678466796875 0.0478515625 0.07861328125
40 0.58935546875 0.689453125 0.048828125 0.07421875
40 0.663330078125 0.7021484375 0.04638671875 0.068359375
40 0.737060546875 0.706298828125 0.0498046875 0.06640625
54 0.884033203125 0.707763671875 0.05126953125 0.07177734375
40 0.190673828125 0.76708984375 0.0419921875 0.0634765625
33 0.255615234375 0.7666015625 0.041015625 0.078125
19 0.318603515625 0.769287109375 0.04443359375 0.07763671875
30 0.386962890625 0.77294921875 0.04345703125 0.0712890625
18 0.44873046875 0.779296875 0.04248046875 0.0791015625
59 0.588623046875 0.79345703125 0.05029296875 0.07958984375
56 0.660888671875 0.794677734375 0.0478515625 0.07958984375
37 0.732421875 0.8037109375 0.048828125 0.0830078125
39 0.806640625 0.8056640625 0.05224609375 0.0830078125
43 0.87548828125 0.807861328125 0.0458984375 0.08056640625