40 0.10595703125 0.146484375 0.021484375 0.03466796875
22 0.1357421875 0.1435546875 0.021484375 0.03466796875
43 0.166015625 0.142578125 0.02294921875 0.03564453125
60 0.19775390625 0.140625 0.02197265625 0.03515625
60 0.22802734375 0.13916015625 0.0205078125 0.03466796875
43 0.25634765625 0.138671875 0.021484375 0.03369140625
58 0.2880859375 0.13916015625 0.0224609375 0.03564453125
59 0.31982421875 0.13818359375 0.021484375 0.037109375
53 0.37890625 0.1357421875 0.02294921875 0.03515625
55 0.41064453125 0.13427734375 0.0244140625 0.03662109375
59 0.47119140625 0.1357421875 0.02294921875 0.03759765625
56 0.5009765625 0.13330078125 0.02294921875 0.03857421875
37 0.53125 0.1337890625 0.02099609375 0.03759765625
39 0.56201171875 0.1318359375 0.0234375 0.03662109375
43 0.5927734375 0.1318359375 0.02294921875 0.03759765625
37 0.11328125 0.2451171875 0.0205078125 0.03369140625
38 0.142578125 0.24560546875 0.02099609375 0.03369140625
39 0.1728515625 0.24462890625 0.02197265625 0.03369140625
41 0.20361328125 0.24267578125 0.0224609375 0.0341796875
43 0.23388671875 0.2412109375 0.02099609375 0.03369140625
45 0.26416015625 0.240234375 0.021484375 0.0341796875
46 0.294921875 0.24072265625 0.0224609375 0.0341796875
47 0.32421875 0.23876953125 0.02294921875 0.033203125
48 0.35595703125 0.23828125 0.0234375 0.03125
49 0.384765625 0.23779296875 0.0224609375 0.03076171875
50 0.41259765625 0.23828125 0.02099609375 0.03369140625
51 0.4443359375 0.2373046875 0.021484375 0.0341796875
52 0.474609375 0.2373046875 0.02294921875 0.03515625
53 0.50537109375 0.23681640625 0.0234375 0.03662109375
42 0.56298828125 0.236328125 0.02099609375 0.03662109375
44 0.59228515625 0.2333984375 0.0234375 0.037109375
53 0.65185546875 0.23095703125 0.0224609375 0.03466796875
46 0.68115234375 0.23095703125 0.02197265625 0.03466796875
55 0.74072265625 0.22900390625 0.02294921875 0.03662109375
56 0.771484375 0.22705078125 0.0224609375 0.0341796875
57 0.80224609375 0.2255859375 0.02197265625 0.03466796875
58 0.83203125 0.224609375 0.021484375 0.033203125
59 0.8623046875 0.2236328125 0.0234375 0.03466796875
60 0.89208984375 0.22265625 0.02197265625 0.03466796875
61 0.92236328125 0.22216796875 0.02099609375 0.0341796875
62 0.1171875 0.294921875 0.02294921875 0.03369140625
63 0.14892578125 0.2939453125 0.02294921875 0.03466796875
64 0.17822265625 0.29150390625 0.0224609375 0.0341796875
65 0.20654296875 0.29248046875 0.0234375 0.03369140625
66 0.23876953125 0.2919921875 0.0224609375 0.03564453125
40 0.29931640625 0.2890625 0.0224609375 0.03369140625
40 0.32958984375 0.2890625 0.0205078125 0.03466796875
40 0.3583984375 0.2900390625 0.0224609375 0.03662109375
54 0.41845703125 0.28662109375 0.02294921875 0.03515625
54 0.4765625 0.287109375 0.02294921875 0.03466796875
54 0.53564453125 0.28515625 0.0224609375 0.03759765625
40 0.12158203125 0.34326171875 0.02490234375 0.03662109375
33 0.15283203125 0.33984375 0.0244140625 0.03466796875
48 0.18115234375 0.33837890625 0.02197265625 0.03466796875
60 0.2119140625 0.33837890625 0.0224609375 0.0341796875
47 0.24072265625 0.33935546875 0.0224609375 0.03466796875
59 0.302734375 0.33740234375 0.02099609375 0.03515625
56 0.3310546875 0.33642578125 0.025390625 0.03662109375
37 0.36083984375 0.3369140625 0.0205078125 0.03564453125
39 0.39013671875 0.33544921875 0.02099609375 0.0341796875
43 0.419921875 0.33544921875 0.0224609375 0.03515625
37 0.1240234375 0.390625 0.021484375 0.03369140625
38 0.15478515625 0.390625 0.02099609375 0.0341796875
37 0.21337890625 0.388671875 0.021484375 0.03662109375
38 0.27587890625 0.388671875 0.02197265625 0.0380859375
39 0.33349609375 0.3837890625 0.02294921875 0.03173828125
41 0.39306640625 0.3837890625 0.0224609375 0.03515625
43 0.451171875 0.3828125 0.0244140625 0.037109375
45 0.50927734375 0.38037109375 0.021484375 0.03662109375
46 0.56591796875 0.3779296875 0.0224609375 0.0341796875
47 0.623046875 0.37548828125 0.0205078125 0.03662109375
48 0.6787109375 0.37353515625 0.02490234375 0.033203125
49 0.740234375 0.37060546875 0.02294921875 0.03369140625
50 0.79931640625 0.3681640625 0.0224609375 0.03173828125
51 0.85693359375 0.36669921875 0.01904296875 0.0302734375
52 0.9169921875 0.36572265625 0.02734375 0.03564453125
53 0.13134765625 0.4384765625 0.02099609375 0.03564453125
42 0.1884765625 0.43603515625 0.021484375 0.03271484375
44 0.21826171875 0.43408203125 0.0244140625 0.03271484375
53 0.27880859375 0.43408203125 0.02197265625 0.03369140625
46 0.30810546875 0.43310546875 0.02197265625 0.03515625
55 0.36572265625 0.43115234375 0.0224609375 0.03564453125
56 0.423828125 0.42919921875 0.0224609375 0.03466796875
57 0.48046875 0.42626953125 0.02490234375 0.03662109375
58 0.537109375 0.42431640625 0.02197265625 0.03662109375
59 0.59375 0.42236328125 0.02294921875 0.033203125
60 0.6513671875 0.42041015625 0.0224609375 0.03466796875
61 0.7099609375 0.41845703125 0.0234375 0.03466796875
62 0.767578125 0.41796875 0.02197265625 0.03515625
63 0.826171875 0.416015625 0.02490234375 0.03271484375
65 0.13525390625 0.4853515625 0.02490234375 0.03271484375
66 0.1923828125 0.48291015625 0.02587890625 0.03271484375
40 0.1396484375 0.529296875 0.0205078125 0.0341796875
24 0.16650390625 0.52734375 0.0244140625 0.03125
48 0.1962890625 0.52685546875 0.021484375 0.03173828125
53 0.255859375 0.5234375 0.0224609375 0.0302734375
61 0.28515625 0.52294921875 0.0205078125 0.0341796875
52 0.31201171875 0.52197265625 0.02197265625 0.03271484375
38 0.34326171875 0.5205078125 0.0205078125 0.03125
43 0.37060546875 0.5185546875 0.0205078125 0.0302734375
58 0.40087890625 0.51708984375 0.0205078125 0.03271484375
59 0.4287109375 0.5166015625 0.01953125 0.033203125
54 0.1484375 0.61865234375 0.021484375 0.03173828125
54 0.15576171875 0.70458984375 0.0224609375 0.0302734375
54 0.162109375 0.74755859375 0.01953125 0.03173828125
54 0.23486328125 0.6142578125 0.0224609375 0.03125
54 0.24072265625 0.7001953125 0.0205078125 0.03173828125
54 0.31982421875 0.60986328125 0.02197265625 0.03076171875
54 0.3251953125 0.69482421875 0.02197265625 0.03125
54 0.37646484375 0.607421875 0.01953125 0.03125
54 0.40966796875 0.689453125 0.02197265625 0.03076171875
54 0.4609375 0.60302734375 0.0234375 0.0302734375
54 0.49072265625 0.685546875 0.01904296875 0.03076171875
54 0.54296875 0.6005859375 0.0224609375 0.03076171875
54 0.57177734375 0.68115234375 0.021484375 0.03076171875
54 0.6259765625 0.59716796875 0.021484375 0.03125
54 0.6552734375 0.68017578125 0.0205078125 0.03076171875
54 0.71044921875 0.59619140625 0.0224609375 0.0302734375
54 0.73828125 0.6806640625 0.021484375 0.0302734375
54 0.79443359375 0.59521484375 0.02294921875 0.03173828125
54 0.82373046875 0.6787109375 0.02197265625 0.029296875
54 0.880859375 0.59375 0.021484375 0.03125
0 0.17578125 0.6171875 0.0224609375 0.03173828125
0 0.18603515625 0.74560546875 0.02197265625 0.0302734375
1 0.26171875 0.61279296875 0.02197265625 0.033203125
1 0.18017578125 0.7041015625 0.01806640625 0.03173828125
2 0.34521484375 0.609375 0.01806640625 0.03125
3 0.40380859375 0.60595703125 0.01953125 0.03271484375
4 0.486328125 0.60205078125 0.021484375 0.03173828125
5 0.5693359375 0.59765625 0.0224609375 0.03076171875
6 0.65185546875 0.59619140625 0.0224609375 0.03076171875
7 0.73779296875 0.595703125 0.02197265625 0.03271484375
8 0.82275390625 0.595703125 0.02099609375 0.02978515625
9 0.90966796875 0.59423828125 0.0205078125 0.033203125
9 0.8505859375 0.6787109375 0.02099609375 0.0283203125
8 0.765625 0.67919921875 0.02099609375 0.02978515625
7 0.68212890625 0.68017578125 0.01904296875 0.02978515625
6 0.59912109375 0.68017578125 0.0205078125 0.029296875
5 0.51611328125 0.68408203125 0.02099609375 0.03271484375
4 0.35205078125 0.693359375 0.02099609375 0.02978515625
3 0.26708984375 0.69873046875 0.02197265625 0.03125
2 0.43505859375 0.68896484375 0.01904296875 0.03076171875
52 0.17138671875 0.86962890625 0.0234375 0.02978515625
37 0.19775390625 0.86669921875 0.01904296875 0.03125
46 0.22607421875 0.865234375 0.02294921875 0.03173828125
37 0.2529296875 0.86279296875 0.01904296875 0.03125
53 0.28125 0.85693359375 0.02001953125 0.0263671875
41 0.30859375 0.85595703125 0.0224609375 0.02783203125
37 0.33447265625 0.853515625 0.01708984375 0.02880859375
53 0.3623046875 0.85205078125 0.02099609375 0.029296875
46 0.388671875 0.8505859375 0.02099609375 0.02978515625
61 0.44189453125 0.849609375 0.0224609375 0.02978515625
52 0.46875 0.849609375 0.02001953125 0.029296875
37 0.49365234375 0.849609375 0.01611328125 0.02880859375
46 0.5224609375 0.849609375 0.02099609375 0.03125
37 0.548828125 0.8486328125 0.0205078125 0.02880859375
59 0.60400390625 0.849609375 0.02001953125 0.02978515625
37 0.62939453125 0.8486328125 0.01953125 0.02978515625
48 0.68408203125 0.8505859375 0.0205078125 0.03173828125
53 0.71240234375 0.8515625 0.02099609375 0.03173828125
65 0.73974609375 0.8505859375 0.0224609375 0.03125
55 0.76708984375 0.8515625 0.01953125 0.02880859375
50 0.17529296875 0.90576171875 0.02001953125 0.0244140625
61 0.2041015625 0.904296875 0.0224609375 0.0244140625
52 0.23095703125 0.90087890625 0.0205078125 0.02734375
61 0.25830078125 0.8994140625 0.02099609375 0.0244140625
59 0.28466796875 0.8955078125 0.0185546875 0.02880859375
60 0.31201171875 0.89306640625 0.017578125 0.02783203125
37 0.3369140625 0.892578125 0.015625 0.0244140625
50 0.390625 0.89208984375 0.017578125 0.029296875
37 0.41552734375 0.89208984375 0.01904296875 0.0302734375
65 0.44384765625 0.89208984375 0.021484375 0.0322265625
55 0.4697265625 0.89208984375 0.0205078125 0.029296875