54 0.08056640625 0.4619140625 0.06787109375 0.09912109375
54 0.158203125 0.7099609375 0.06787109375 0.09912109375
54 0.31005859375 0.462890625 0.06787109375 0.09912109375
54 0.54052734375 0.4619140625 0.06787109375 0.09912109375
54 0.6220703125 0.70068359375 0.06787109375 0.09912109375
54 0.388671875 0.70068359375 0.06787109375 0.09912109375
6 0.15869140625 0.46630859375 0.06640625 0.09228515625
7 0.388671875 0.4658203125 0.0625 0.09130859375
7 0.23388671875 0.7060546875 0.0625 0.09130859375
8 0.4658203125 0.70068359375 0.0625 0.09130859375
9 0.70068359375 0.69775390625 0.0625 0.09130859375
54 0.77001953125 0.458984375 0.06787109375 0.09912109375
9 0.85009765625 0.45751953125 0.06787109375 0.09912109375
8 0.61279296875 0.46044921875 0.0625 0.09130859375