40 0.088134765625 0.1376953125 0.04541015625 0.068359375
22 0.148193359375 0.13623046875 0.04443359375 0.068359375
14 0.205810546875 0.135498046875 0.04150390625 0.0654296875
30 0.268310546875 0.13330078125 0.03857421875 0.06689453125
30 0.331787109375 0.1328125 0.03857421875 0.068359375
14 0.393798828125 0.130126953125 0.0419921875 0.0654296875
28 0.459716796875 0.129150390625 0.0380859375 0.0673828125
29 0.524169921875 0.1279296875 0.0380859375 0.06787109375
53 0.655517578125 0.12890625 0.041015625 0.06787109375
55 0.723388671875 0.128173828125 0.0419921875 0.06689453125
59 0.856201171875 0.1298828125 0.0439453125 0.0693359375
56 0.924560546875 0.13037109375 0.041015625 0.0703125
37 0.09326171875 0.341796875 0.0380859375 0.06494140625
38 0.15283203125 0.34033203125 0.04052734375 0.06396484375
39 0.212890625 0.339599609375 0.0380859375 0.0625
41 0.2724609375 0.3388671875 0.0390625 0.060546875
43 0.33251953125 0.33984375 0.04052734375 0.0625
45 0.39599609375 0.341064453125 0.0390625 0.0595703125
46 0.458984375 0.342529296875 0.03857421875 0.06103515625
47 0.521484375 0.34130859375 0.0390625 0.0615234375
48 0.58740234375 0.34228515625 0.04296875 0.06103515625
49 0.64990234375 0.345458984375 0.04052734375 0.06591796875
50 0.71484375 0.344970703125 0.0380859375 0.0673828125
51 0.7802734375 0.343994140625 0.04150390625 0.06689453125
51 0.845703125 0.34521484375 0.04345703125 0.0693359375
53 0.90869140625 0.34521484375 0.0419921875 0.06787109375
62 0.09765625 0.43994140625 0.04248046875 0.06591796875
63 0.1533203125 0.43896484375 0.0380859375 0.064453125
64 0.214599609375 0.440673828125 0.04150390625 0.06787109375
65 0.274658203125 0.44189453125 0.0380859375 0.06396484375
66 0.334716796875 0.4443359375 0.04052734375 0.06591796875
40 0.457275390625 0.443603515625 0.041015625 0.06494140625
40 0.515380859375 0.44287109375 0.04443359375 0.06494140625
40 0.579345703125 0.4453125 0.04345703125 0.0673828125
54 0.710693359375 0.448974609375 0.04052734375 0.0634765625
54 0.837158203125 0.44921875 0.04296875 0.0673828125
54 0.964111328125 0.453857421875 0.041015625 0.06591796875
40 0.101318359375 0.53515625 0.04248046875 0.0595703125
33 0.158935546875 0.53564453125 0.0419921875 0.0634765625
19 0.216064453125 0.534912109375 0.03759765625 0.05859375
30 0.275146484375 0.53662109375 0.0380859375 0.0634765625
18 0.336181640625 0.53662109375 0.0390625 0.0654296875
59 0.459228515625 0.539794921875 0.0380859375 0.05908203125
56 0.519287109375 0.53857421875 0.03662109375 0.0595703125
37 0.580810546875 0.54052734375 0.037109375 0.05810546875
39 0.644775390625 0.538818359375 0.03466796875 0.05810546875
43 0.705810546875 0.539306640625 0.0380859375 0.05908203125
37 0.105712890625 0.62548828125 0.03955078125 0.06005859375
38 0.162353515625 0.62744140625 0.0390625 0.06103515625
37 0.280029296875 0.627197265625 0.0390625 0.0556640625
38 0.400634765625 0.632080078125 0.04248046875 0.0634765625
39 0.519287109375 0.6328125 0.0380859375 0.0595703125
41 0.640869140625 0.637451171875 0.0390625 0.06689453125
43 0.763916015625 0.64111328125 0.0390625 0.06494140625
45 0.887451171875 0.640869140625 0.03955078125 0.060546875
53 0.110595703125 0.718017578125 0.0380859375 0.05908203125
42 0.222412109375 0.720947265625 0.03857421875 0.05859375
44 0.281982421875 0.722412109375 0.0390625 0.0576171875
53 0.399169921875 0.725830078125 0.03759765625 0.05859375
46 0.458251953125 0.724853515625 0.0361328125 0.05810546875
55 0.576416015625 0.7294921875 0.0361328125 0.06005859375
56 0.697509765625 0.729736328125 0.0390625 0.0595703125
57 0.81787109375 0.732666015625 0.03759765625 0.05712890625
58 0.93359375 0.73291015625 0.037109375 0.05859375
65 0.114990234375 0.803955078125 0.0400390625 0.052734375
66 0.228271484375 0.808349609375 0.0400390625 0.05615234375
53 0.343994140625 0.8916015625 0.04052734375 0.0537109375
61 0.402099609375 0.893310546875 0.0400390625 0.05517578125
52 0.458251953125 0.893798828125 0.0390625 0.05322265625
38 0.517822265625 0.89599609375 0.03564453125 0.0556640625
43 0.574951171875 0.8974609375 0.03466796875 0.056640625
58 0.63232421875 0.898681640625 0.0341796875 0.05517578125
59 0.68994140625 0.89990234375 0.033203125 0.04638671875
40 0.124755859375 0.886962890625 0.041015625 0.06494140625
24 0.175048828125 0.8896484375 0.0419921875 0.06787109375
48 0.231689453125 0.892822265625 0.0419921875 0.06787109375