40 0.185 0.32555666666666666 0.04555666666666666 0.08
51 0.25666666666666665 0.32666666666666666 0.048889999999999996 0.08222333333333333
43 0.32166666666666666 0.33166666666666667 0.04777666666666667 0.08333333333333333
60 0.39222333333333337 0.3383333333333333 0.04666666666666667 0.09222333333333334
60 0.46166666666666667 0.3405566666666667 0.04555666666666666 0.08111
43 0.535 0.34611 0.05 0.09222333333333334
58 0.6077766666666666 0.3477766666666666 0.04666666666666667 0.09111
59 0.6855566666666667 0.34889000000000003 0.05111 0.07777666666666667
53 0.83611 0.35611 0.05 0.09
55 0.9122233333333334 0.35611 0.048889999999999996 0.08333333333333333
37 0.18277666666666667 0.5422233333333334 0.03666666666666667 0.06444333333333334
38 0.25 0.55111 0.044443333333333335 0.07333333333333333
39 0.31889 0.55389 0.04 0.07444333333333333
41 0.38722333333333336 0.5633333333333334 0.04555666666666666 0.08
43 0.455 0.565 0.04555666666666666 0.08111
45 0.52611 0.5705566666666667 0.05 0.08555666666666667
46 0.5977766666666666 0.5744433333333333 0.04666666666666667 0.08666666666666667
47 0.66611 0.5855566666666667 0.04555666666666666 0.08444333333333334
48 0.7455566666666666 0.59 0.048889999999999996 0.08
49 0.8166666666666667 0.5972233333333333 0.048889999999999996 0.08555666666666667
50 0.8905566666666667 0.6 0.05444333333333334 0.08444333333333334
51 0.9627766666666666 0.6044433333333333 0.04777666666666667 0.07777666666666667
62 0.18777666666666668 0.6522233333333334 0.044443333333333335 0.07111
63 0.25055666666666665 0.66111 0.04111 0.07111
64 0.315 0.665 0.03889 0.07666666666666666
65 0.38110999999999995 0.6733333333333333 0.042223333333333335 0.08222333333333333
66 0.45110999999999996 0.6777766666666667 0.04666666666666667 0.07777666666666667
40 0.58611 0.69111 0.04777666666666667 0.07333333333333333
40 0.6594433333333333 0.705 0.04555666666666666 0.06777666666666667
40 0.7333333333333333 0.7105566666666667 0.048889999999999996 0.06555666666666667
54 0.8805566666666667 0.7144433333333333 0.05 0.07111
40 0.18611000000000003 0.7616666666666667 0.04111 0.06333333333333334
33 0.25111 0.7622233333333334 0.04 0.07777666666666667
19 0.31389 0.76611 0.043333333333333335 0.07666666666666666
30 0.38222333333333336 0.77111 0.042223333333333335 0.07111
18 0.44389 0.7783333333333333 0.04111 0.07889
59 0.5833333333333334 0.795 0.048889999999999996 0.07889
56 0.6555566666666667 0.7972233333333334 0.04666666666666667 0.07889
37 0.7272233333333333 0.8077766666666666 0.04777666666666667 0.08222333333333333
39 0.80111 0.81111 0.05111 0.08222333333333333
43 0.87 0.8144433333333333 0.044443333333333335 0.08