54 0.06145 0.18134999999999998 0.04146 0.058786666666666675
1 0.10735333333333333 0.18134999999999998 0.04146 0.058786666666666675
2 0.2546833333333333 0.18209 0.04146 0.058786666666666675
54 0.07329666666666666 0.33692 0.04146 0.058786666666666675
54 0.22062666666666667 0.33840000000000003 0.04146 0.058786666666666675
54 0.20656 0.17986666666666667 0.04146 0.058786666666666675
54 0.30576666666666663 0.18283 0.04146 0.058786666666666675
3 0.35463000000000006 0.17986666666666667 0.04146 0.058786666666666675
54 0.36055333333333334 0.33988 0.04146 0.058786666666666675
3 0.11920000000000001 0.3391433333333333 0.04146 0.058786666666666675
4 0.26653 0.3376633333333333 0.04146 0.058786666666666675
2 0.40793666666666667 0.33914 0.04146 0.058786666666666675
5 0.5508233333333333 0.33988 0.04146 0.058786666666666675
4 0.5026999999999999 0.18208666666666667 0.04146 0.058786666666666675
54 0.50122 0.33988 0.04146 0.058786666666666675
54 0.45235666666666663 0.18283 0.04146 0.06175
54 0.6026466666666667 0.18653333333333333 0.04146 0.06175
54 0.6441066666666666 0.3421033333333333 0.04146 0.06175
5 0.65373 0.18579333333333334 0.04146 0.06175
54 0.7573799999999999 0.18801666666666667 0.04146 0.06175
54 0.8077233333333333 0.18653666666666668 0.04146 0.06175
54 0.7921766666666668 0.34359 0.04146 0.06175
7 0.844 0.34581333333333336 0.04146 0.06175
54 0.9446866666666667 0.351 0.04146 0.06175
54 0.9076700000000001 0.19098666666666667 0.04146 0.06175
7 0.9587533333333335 0.19172666666666666 0.04146 0.06175
37 0.37350666666666665 0.6835766666666667 0.03701666666666666 0.0497
6 0.6966700000000001 0.34358666666666665 0.04146 0.06175
55 0.4579066666666667 0.68728 0.03701666666666666 0.0497
50 0.32982666666666666 0.6813533333333334 0.03701666666666666 0.0497
65 0.41348666666666667 0.6858000000000001 0.03701666666666666 0.0497
37 0.24690666666666666 0.67913 0.03701666666666666 0.0497
60 0.20026333333333332 0.67987 0.03701666666666666 0.0497
59 0.15991333333333332 0.6769066666666667 0.030353333333333333 0.051179999999999996
61 0.11808333333333333 0.6739433333333333 0.038496666666666665 0.0497
52 0.07292333333333334 0.67913 0.038496666666666665 0.0497
61 0.032203333333333334 0.6769066666666667 0.03553666666666667 0.04673666666666667
53 0.28392666666666666 0.6132966666666667 0.03442666666666667 0.045360000000000004
46 0.3268666666666667 0.6132966666666667 0.03442666666666667 0.045360000000000004
37 0.23950666666666667 0.6140366666666667 0.03442666666666667 0.045360000000000004
41 0.19878666666666667 0.6118133333333333 0.03442666666666667 0.045360000000000004
53 0.15066333333333334 0.6132933333333334 0.03442666666666667 0.045360000000000004
37 0.10698333333333333 0.6140333333333333 0.03442666666666667 0.045360000000000004
37 0.017213333333333334 0.6162566666666667 0.03442666666666667 0.045360000000000004
37 0.062373333333333336 0.6162566666666667 0.03442666666666667 0.045360000000000004
61 0.4112633333333333 0.6220866666666667 0.038496666666666665 0.0497
52 0.4549433333333333 0.6206066666666666 0.038496666666666665 0.0497
37 0.5001099999999999 0.6221866666666667 0.03442666666666667 0.045360000000000004
46 0.54527 0.6199633333333334 0.03442666666666667 0.045360000000000004
37 0.5889533333333333 0.6236666666666667 0.03442666666666667 0.045360000000000004
37 0.7289566666666666 0.6323966666666667 0.03841 0.044636666666666665
59 0.6791866666666666 0.6323966666666667 0.03841 0.044636666666666665
48 0.8193 0.6399733333333334 0.03841 0.044636666666666665
53 0.8671766666666667 0.6437633333333334 0.03895 0.05329666666666666
65 0.9153233333333333 0.6480933333333333 0.03895 0.05329666666666666
55 0.9618466666666666 0.6480933333333333 0.03895 0.05329666666666666