60 0.060302734375 0.15625 0.04248046875 0.06396484375
60 0.122314453125 0.15771484375 0.041015625 0.0634765625
43 0.188232421875 0.1572265625 0.0419921875 0.068359375
58 0.252685546875 0.15966796875 0.04443359375 0.06884765625
59 0.318115234375 0.158447265625 0.04345703125 0.06591796875
53 0.44580078125 0.161376953125 0.0419921875 0.06494140625
55 0.509033203125 0.159912109375 0.04052734375 0.0634765625
59 0.6455078125 0.166015625 0.04443359375 0.0693359375
56 0.7099609375 0.16455078125 0.04248046875 0.0693359375
37 0.77490234375 0.16552734375 0.0380859375 0.0654296875
39 0.8447265625 0.166259765625 0.0390625 0.06298828125
43 0.90771484375 0.166259765625 0.04248046875 0.0712890625
41 0.055908203125 0.363525390625 0.037109375 0.064453125
43 0.118896484375 0.36376953125 0.0390625 0.06103515625
45 0.185791015625 0.367431640625 0.04345703125 0.06494140625
46 0.248779296875 0.36669921875 0.041015625 0.0654296875
47 0.313232421875 0.369140625 0.0380859375 0.06298828125
48 0.38134765625 0.3740234375 0.0419921875 0.06298828125
49 0.44580078125 0.376220703125 0.041015625 0.06689453125
50 0.50830078125 0.376220703125 0.037109375 0.06494140625
51 0.5732421875 0.375732421875 0.03857421875 0.06884765625
52 0.64013671875 0.378173828125 0.04248046875 0.06591796875
53 0.705078125 0.38037109375 0.04052734375 0.064453125
42 0.839111328125 0.38330078125 0.0478515625 0.07080078125
44 0.903564453125 0.38330078125 0.04345703125 0.0703125
65 0.052978515625 0.470947265625 0.0439453125 0.068359375
66 0.115478515625 0.470458984375 0.04248046875 0.0673828125
54 0.5078125 0.484375 0.0419921875 0.0634765625
54 0.63818359375 0.484130859375 0.0419921875 0.06787109375
54 0.768798828125 0.489013671875 0.04541015625 0.0654296875
40 0.250732421875 0.47607421875 0.0419921875 0.0634765625
40 0.314208984375 0.4775390625 0.0419921875 0.0634765625
40 0.3779296875 0.482421875 0.0419921875 0.0634765625
60 0.047607421875 0.57470703125 0.0458984375 0.0693359375
47 0.116943359375 0.574462890625 0.0419921875 0.06787109375
59 0.247802734375 0.57763671875 0.0458984375 0.0654296875
56 0.312744140625 0.578857421875 0.04248046875 0.068359375
37 0.375732421875 0.578125 0.04248046875 0.06689453125
39 0.44091796875 0.580810546875 0.04443359375 0.0693359375
43 0.5078125 0.58203125 0.04052734375 0.06689453125
37 0.04443359375 0.6787109375 0.0390625 0.06689453125
38 0.177490234375 0.679931640625 0.0390625 0.06689453125
39 0.311279296875 0.680419921875 0.0390625 0.06689453125
41 0.440673828125 0.688232421875 0.0390625 0.06689453125
43 0.569091796875 0.6884765625 0.0390625 0.06689453125
45 0.703125 0.693603515625 0.0390625 0.06689453125
46 0.834228515625 0.697998046875 0.0390625 0.06689453125
47 0.967529296875 0.70361328125 0.0390625 0.06689453125
53 0.044677734375 0.78125 0.0390625 0.06689453125
53 0.175537109375 0.78564453125 0.0390625 0.06689453125
46 0.243408203125 0.787353515625 0.0390625 0.06689453125
55 0.373046875 0.792724609375 0.0390625 0.06689453125
56 0.50390625 0.794921875 0.0390625 0.06689453125
57 0.6337890625 0.79638671875 0.0390625 0.06689453125
58 0.76416015625 0.80029296875 0.0390625 0.06689453125
59 0.897705078125 0.805908203125 0.0390625 0.06689453125