40 0.09596 0.07457 0.027926666666666666 0.04931666666666666
22 0.13933666666666666 0.07427333333333333 0.029113333333333335 0.051100000000000007
14 0.18508666666666668 0.07516333333333333 0.03149 0.05407
30 0.23143333333333332 0.07546 0.029113333333333335 0.051100000000000007
30 0.27897 0.07575666666666667 0.027926666666666666 0.04931666666666666
14 0.3268 0.07457 0.029709999999999997 0.051693333333333334
28 0.3734433333333333 0.07754 0.026736666666666666 0.04575333333333333
29 0.42157333333333336 0.07665 0.03030333333333333 0.04634666666666666
53 0.5175333333333333 0.07902666666666668 0.029709999999999997 0.04872333333333333
55 0.5650666666666667 0.07932333333333333 0.032086666666666666 0.04931666666666666
59 0.6645933333333334 0.0817 0.03268 0.05050666666666667
56 0.7127199999999999 0.08021333333333333 0.03149 0.049909999999999996
37 0.76293 0.08259 0.03327333333333333 0.049909999999999996
39 0.81195 0.08110666666666666 0.03030333333333333 0.04931666666666666
43 0.86008 0.08407666666666666 0.029113333333333335 0.05050666666666667
37 0.08823666666666666 0.2246 0.03268 0.045156666666666664
38 0.13369 0.22549333333333335 0.02852 0.04575333333333333
39 0.18033333333333335 0.22727333333333335 0.027926666666666666 0.04456333333333333
41 0.22638333333333333 0.22935333333333333 0.02852 0.04872333333333333
43 0.2730266666666667 0.23054333333333332 0.03268 0.04872333333333333
45 0.32204666666666665 0.23173000000000002 0.027333333333333334 0.04872333333333333
46 0.37017666666666665 0.23470333333333335 0.027333333333333334 0.04872333333333333
47 0.41474 0.23589 0.02852 0.049909999999999996
48 0.46376 0.23618666666666666 0.027926666666666666 0.04812999999999999
49 0.51278 0.23826666666666665 0.026143333333333334 0.049909999999999996
50 0.5579366666666666 0.23826666666666665 0.026143333333333334 0.04872333333333333
51 0.6087400000000001 0.24034666666666665 0.026736666666666666 0.04456333333333333
52 0.6571666666666667 0.24094000000000002 0.032086666666666666 0.046939999999999996
53 0.7070766666666667 0.24212999999999998 0.02852 0.05050666666666667
42 0.80482 0.24450666666666665 0.026736666666666666 0.04812999999999999
44 0.8526499999999999 0.24629 0.030896666666666666 0.05050666666666667
53 0.9515833333333333 0.24866666666666667 0.03149 0.05763666666666666
62 0.08259 0.30213999999999996 0.032086666666666666 0.04812999999999999
63 0.13042333333333334 0.30422 0.03030333333333333 0.051100000000000007
64 0.17676999999999998 0.3071933333333334 0.03149 0.054663333333333335
65 0.22252 0.30749 0.03149 0.05288333333333334
66 0.27094666666666667 0.30778666666666665 0.030896666666666666 0.04872333333333333
54 0.55764 0.31759 0.029113333333333335 0.04812999999999999
54 0.65479 0.3211566666666667 0.032086666666666666 0.04812999999999999
54 0.75164 0.32531333333333334 0.030896666666666666 0.04931666666666666
40 0.3680966666666666 0.3122433333333333 0.029113333333333335 0.04812999999999999
40 0.41444333333333333 0.31343333333333334 0.029113333333333335 0.04812999999999999
40 0.46138333333333337 0.3146233333333333 0.029113333333333335 0.04812999999999999
40 0.07902666666666668 0.3773066666666667 0.02852 0.04753333333333333
33 0.12656 0.3776033333333333 0.03327333333333333 0.04931666666666666
19 0.17379666666666665 0.37671000000000004 0.03387 0.04634666666666666
30 0.22103666666666666 0.38027666666666665 0.032086666666666666 0.049909999999999996
18 0.26797666666666664 0.3832466666666667 0.029709999999999997 0.049909999999999996
59 0.36334333333333335 0.38503 0.03030333333333333 0.04634666666666666
56 0.4123633333333333 0.38710999999999995 0.032086666666666666 0.04931666666666666
37 0.4596 0.3877033333333333 0.03149 0.04931666666666666
39 0.50773 0.3882966666666667 0.03030333333333333 0.046939999999999996
43 0.5561533333333334 0.39097333333333334 0.027333333333333334 0.04634666666666666
37 0.07665 0.45336 0.029709999999999997 0.04872333333333333
38 0.12358999999999999 0.4530633333333334 0.029709999999999997 0.04812999999999999
37 0.21925333333333333 0.45752 0.029709999999999997 0.04872333333333333
38 0.31254 0.4596 0.027333333333333334 0.04812999999999999
39 0.4085 0.4631633333333333 0.03030333333333333 0.04812999999999999
41 0.5038666666666667 0.46910666666666667 0.02852 0.055260000000000004
43 0.5992333333333334 0.4705933333333333 0.03030333333333333 0.05228666666666667
45 0.6972733333333334 0.47505000000000003 0.03030333333333333 0.05288333333333334
46 0.7941233333333333 0.47891 0.03030333333333333 0.054663333333333335
47 0.89246 0.48218 0.02852 0.051693333333333334
53 0.07241666666666667 0.53167 0.032183333333333335 0.04951666666666667
42 0.16866 0.5335266666666666 0.031566666666666666 0.04704
44 0.21508 0.5350733333333333 0.031566666666666666 0.048896666666666665
53 0.3103966666666667 0.5390966666666667 0.031566666666666666 0.04951666666666667
46 0.3589833333333333 0.5394066666666667 0.030946666666666667 0.050133333333333335
55 0.45399333333333336 0.5452866666666666 0.031566666666666666 0.04951666666666667
56 0.5493100000000001 0.54776 0.03032666666666667 0.04951666666666667
57 0.6449366666666666 0.5505466666666667 0.02847 0.050133333333333335
58 0.7424166666666666 0.55426 0.029089999999999998 0.048896666666666665
59 0.8405199999999999 0.5579733333333333 0.03466 0.050133333333333335
60 0.9355266666666666 0.5585933333333333 0.031566666666666666 0.048896666666666665
65 0.06839333333333333 0.60749 0.034043333333333335 0.050133333333333335
66 0.16433 0.6102733333333333 0.03651666666666666 0.05075333333333333
53 0.25717 0.6873333333333334 0.03280333333333333 0.047659999999999994
61 0.30451666666666666 0.6888799999999999 0.030946666666666667 0.04951666666666667
52 0.35341333333333336 0.68857 0.030946666666666667 0.047659999999999994
38 0.40293 0.6910466666666666 0.032183333333333335 0.05137333333333333
43 0.4505866666666667 0.69414 0.027233333333333335 0.05137333333333333
58 0.49639 0.6959966666666666 0.029709999999999997 0.048896666666666665
59 0.5462133333333333 0.6978533333333333 0.031566666666666666 0.050133333333333335
54 0.060656666666666664 0.8383533333333333 0.029709999999999997 0.048896666666666665
54 0.20672666666666664 0.84021 0.030946666666666667 0.05137333333333333
54 0.34939000000000003 0.84702 0.03280333333333333 0.052610000000000004
54 0.44594666666666666 0.8494933333333333 0.03280333333333333 0.050133333333333335
54 0.5876833333333333 0.8541366666666667 0.03280333333333333 0.05199
54 0.7337533333333334 0.8609433333333333 0.03032666666666667 0.05199
54 0.8792033333333333 0.8683733333333333 0.03280333333333333 0.05199
0 0.1111 0.83959 0.03280333333333333 0.05137333333333333
1 0.25345666666666666 0.8405199999999999 0.03032666666666667 0.04827666666666667
2 0.3982866666666666 0.8476366666666666 0.029089999999999998 0.052610000000000004
3 0.49360333333333334 0.8504233333333333 0.027853333333333334 0.05199
4 0.63565 0.8553733333333333 0.030946666666666667 0.05199
5 0.7807933333333333 0.8606366666666666 0.03032666666666667 0.05137333333333333
6 0.9281 0.87054 0.03280333333333333 0.05137333333333333