53 0.033030000000000004 0.09509 0.02736 0.04471
46 0.08141 0.09175333333333333 0.02936 0.04337333333333333
55 0.17183 0.09475666666666666 0.03003 0.04937999999999999
56 0.26425333333333334 0.09509 0.02936 0.04871333333333333
57 0.35734 0.09675999999999998 0.03003 0.04937999999999999
58 0.45043 0.09575666666666666 0.028026666666666665 0.04871333333333333
59 0.5431866666666666 0.09842666666666666 0.02936 0.04871333333333333
60 0.6356066666666667 0.09709333333333332 0.03003 0.051383333333333336
61 0.7300300000000001 0.09742666666666666 0.030696666666666667 0.05071666666666667
62 0.8217866666666667 0.09709333333333332 0.03003 0.051383333333333336
63 0.9178766666666667 0.09642666666666666 0.03136333333333333 0.05271666666666667
61 0.035699999999999996 0.24423333333333336 0.03003 0.04804666666666666
52 0.07974333333333333 0.24123000000000003 0.03003 0.04604333333333333
38 0.12712 0.24056333333333335 0.03003 0.04738
43 0.17483333333333334 0.24123000000000003 0.026693333333333333 0.04337333333333333
58 0.21954333333333334 0.24323333333333336 0.02936 0.05004666666666666
59 0.26759 0.2429 0.028026666666666665 0.04671
54 0.08241333333333334 0.39371000000000006 0.02869333333333333 0.04804666666666666
54 0.17517 0.3943766666666667 0.030026666666666667 0.04804666666666666
54 0.3133033333333333 0.39504333333333336 0.030026666666666667 0.04804666666666666
54 0.4501 0.39371000000000006 0.030026666666666667 0.04804666666666666
54 0.5875633333333333 0.39638 0.030026666666666667 0.04804666666666666
54 0.7276966666666668 0.3950466666666667 0.030026666666666667 0.04804666666666666
54 0.8684966666666666 0.39438 0.030026666666666667 0.04804666666666666
54 0.08041 0.5385166666666666 0.030026666666666667 0.04804666666666666
54 0.21987666666666666 0.5378499999999999 0.030026666666666667 0.04804666666666666
54 0.35801 0.5385166666666666 0.030026666666666667 0.04804666666666666
54 0.4954733333333334 0.5385166666666666 0.030026666666666667 0.04804666666666666
54 0.6356066666666667 0.5391833333333333 0.030026666666666667 0.04804666666666666
54 0.77374 0.5398499999999999 0.030026666666666667 0.04804666666666666
54 0.9158766666666667 0.5398499999999999 0.030026666666666667 0.04804666666666666
2 0.12912333333333334 0.39371000000000006 0.02869333333333333 0.04804666666666666
3 0.22054333333333334 0.3943766666666667 0.02869333333333333 0.04804666666666666
4 0.35667333333333334 0.39371000000000006 0.02869333333333333 0.04804666666666666
5 0.49347 0.39504333333333336 0.02869333333333333 0.04804666666666666
6 0.6336033333333333 0.39504333333333336 0.02869333333333333 0.04804666666666666
7 0.77307 0.39371000000000006 0.02869333333333333 0.04804666666666666
8 0.9138700000000001 0.39504333333333336 0.02869333333333333 0.04804666666666666
4 0.12778666666666666 0.53718 0.02869333333333333 0.04804666666666666
2 0.26525 0.5391833333333333 0.02869333333333333 0.04804666666666666
5 0.40338333333333337 0.5391833333333333 0.02869333333333333 0.04804666666666666
6 0.5428499999999999 0.5385166666666666 0.02869333333333333 0.04804666666666666
7 0.6803133333333333 0.54052 0.02869333333333333 0.04804666666666666
8 0.8204466666666668 0.5385166666666666 0.02869333333333333 0.04804666666666666
9 0.9619166666666666 0.5391833333333333 0.02869333333333333 0.04804666666666666
37 0.07807333333333333 0.8344633333333333 0.03336666666666666 0.04738
53 0.12278333333333334 0.8347966666666666 0.030696666666666667 0.04671
46 0.16882666666666668 0.8351299999999999 0.028026666666666665 0.04738
61 0.2619166666666667 0.8351299999999999 0.03003 0.04871333333333333
52 0.3089633333333333 0.8354666666666667 0.02936 0.05071666666666667
37 0.35667333333333334 0.8368 0.02869333333333333 0.04804666666666666
46 0.4030533333333334 0.8371333333333334 0.028026666666666665 0.05004666666666666
37 0.44843 0.8358 0.028026666666666665 0.05004666666666666
59 0.5411833333333333 0.8361333333333334 0.030696666666666667 0.05071666666666667
37 0.5862266666666667 0.8364666666666667 0.03003 0.051383333333333336
48 0.6829866666666666 0.8354666666666667 0.03003 0.04671
53 0.7286966666666668 0.8371333333333334 0.028026666666666665 0.04738
65 0.7744066666666666 0.8374666666666667 0.02869333333333333 0.04804666666666666
55 0.8214533333333334 0.8378 0.028026666666666665 0.051383333333333336
50 0.16849333333333333 0.9128733333333333 0.032696666666666666 0.04937999999999999
37 0.21687333333333333 0.9128733333333333 0.03336666666666666 0.05071666666666667
65 0.2619166666666667 0.9132066666666666 0.03136333333333333 0.051383333333333336
55 0.3082933333333333 0.9128733333333333 0.02936 0.05071666666666667