53 0.040283203125 0.0869140625 0.0283203125 0.044921875
46 0.088623046875 0.083984375 0.0302734375 0.04345703125
55 0.178955078125 0.088134765625 0.03076171875 0.0498046875
56 0.271240234375 0.089599609375 0.0302734375 0.048828125
57 0.364501953125 0.092041015625 0.03076171875 0.0498046875
58 0.457275390625 0.09228515625 0.02880859375 0.048828125
59 0.550048828125 0.09619140625 0.0302734375 0.048828125
60 0.642822265625 0.095947265625 0.03076171875 0.0517578125
61 0.737060546875 0.097412109375 0.03125 0.05078125
62 0.828857421875 0.097900390625 0.03076171875 0.0517578125
63 0.925048828125 0.09814453125 0.0322265625 0.052734375
61 0.040283203125 0.23583984375 0.03076171875 0.04833984375
52 0.084228515625 0.2333984375 0.03076171875 0.04638671875
38 0.131591796875 0.2333984375 0.03076171875 0.0478515625
43 0.179443359375 0.234619140625 0.02734375 0.04345703125
58 0.224365234375 0.237060546875 0.0302734375 0.05029296875
59 0.272216796875 0.2373046875 0.02880859375 0.046875
54 0.08447265625 0.3857421875 0.029296875 0.04833984375
54 0.17724609375 0.387939453125 0.03076171875 0.04833984375
54 0.3154296875 0.389892578125 0.03076171875 0.04833984375
54 0.4521484375 0.39013671875 0.03076171875 0.04833984375
54 0.589111328125 0.39453125 0.03076171875 0.04833984375
54 0.729248046875 0.394775390625 0.03076171875 0.04833984375
54 0.870361328125 0.395751953125 0.03076171875 0.04833984375
54 0.080078125 0.53076171875 0.03076171875 0.04833984375
54 0.218994140625 0.531982421875 0.03076171875 0.04833984375
54 0.357177734375 0.533935546875 0.03076171875 0.04833984375
54 0.494873046875 0.53564453125 0.03076171875 0.04833984375
54 0.635009765625 0.537841796875 0.03076171875 0.04833984375
54 0.773193359375 0.54052734375 0.03076171875 0.04833984375
54 0.915283203125 0.5419921875 0.03076171875 0.04833984375
2 0.130859375 0.386474609375 0.029296875 0.04833984375
3 0.22265625 0.388427734375 0.029296875 0.04833984375
4 0.3583984375 0.388916015625 0.029296875 0.04833984375
5 0.49560546875 0.39208984375 0.029296875 0.04833984375
6 0.635498046875 0.393798828125 0.029296875 0.04833984375
7 0.774658203125 0.39404296875 0.029296875 0.04833984375
8 0.915771484375 0.39697265625 0.029296875 0.04833984375
4 0.12744140625 0.52978515625 0.029296875 0.04833984375
2 0.264404296875 0.533447265625 0.029296875 0.04833984375
5 0.402587890625 0.534912109375 0.029296875 0.04833984375
6 0.542236328125 0.5361328125 0.029296875 0.04833984375
7 0.679443359375 0.539794921875 0.029296875 0.04833984375
8 0.819580078125 0.539306640625 0.029296875 0.04833984375
9 0.961181640625 0.54150390625 0.029296875 0.04833984375
37 0.072265625 0.82666015625 0.0341796875 0.0478515625
53 0.11669921875 0.82763671875 0.03125 0.046875
46 0.1630859375 0.828125 0.02880859375 0.0478515625
61 0.255859375 0.829345703125 0.03076171875 0.048828125
52 0.30322265625 0.830322265625 0.0302734375 0.05078125
37 0.3505859375 0.83251953125 0.029296875 0.04833984375
46 0.39697265625 0.8330078125 0.02880859375 0.05029296875
37 0.4423828125 0.832275390625 0.02880859375 0.05029296875
59 0.53515625 0.83349609375 0.03125 0.05078125
37 0.58056640625 0.83447265625 0.03076171875 0.0517578125
48 0.67724609375 0.834716796875 0.03076171875 0.046875
53 0.72265625 0.836669921875 0.02880859375 0.0478515625
65 0.7685546875 0.837646484375 0.029296875 0.04833984375
55 0.8154296875 0.8388671875 0.02880859375 0.0517578125
50 0.161376953125 0.90625 0.033203125 0.0498046875
37 0.209716796875 0.90673828125 0.0341796875 0.05078125
65 0.254638671875 0.907470703125 0.0322265625 0.0517578125
55 0.301025390625 0.907958984375 0.0302734375 0.05078125