65 0.18896484375 0.1015625 0.05322265625 0.08740234375
66 0.34912109375 0.09765625 0.05224609375 0.08251953125
40 0.193359375 0.2294921875 0.05322265625 0.0859375
53 0.271484375 0.23046875 0.05517578125 0.08837890625
19 0.35302734375 0.22802734375 0.04833984375 0.0830078125
53 0.5146484375 0.22314453125 0.0517578125 0.0859375
61 0.6005859375 0.21923828125 0.056640625 0.083984375
52 0.67822265625 0.21826171875 0.0517578125 0.083984375
38 0.76025390625 0.216796875 0.05224609375 0.08740234375
43 0.84521484375 0.21240234375 0.05078125 0.08544921875
58 0.9287109375 0.2119140625 0.0517578125 0.08740234375
54 0.19677734375 0.4951171875 0.05224609375 0.08740234375
54 0.4462890625 0.4873046875 0.0517578125 0.08544921875
54 0.685546875 0.48095703125 0.05078125 0.083984375
54 0.85009765625 0.4775390625 0.0546875 0.08447265625
54 0.20263671875 0.75048828125 0.05517578125 0.0908203125
54 0.44921875 0.74560546875 0.0517578125 0.08447265625
54 0.6962890625 0.740234375 0.05322265625 0.0869140625
54 0.94873046875 0.7353515625 0.05224609375 0.08740234375
54 0.205078125 0.88671875 0.05029296875 0.08544921875
0 0.27783203125 0.4931640625 0.05078125 0.08837890625
1 0.52099609375 0.48828125 0.04931640625 0.08740234375
2 0.7666015625 0.4794921875 0.05029296875 0.08251953125
3 0.93115234375 0.47412109375 0.0546875 0.08154296875
1 0.27978515625 0.74755859375 0.04833984375 0.0869140625
3 0.5283203125 0.7421875 0.0537109375 0.08447265625
4 0.7763671875 0.73876953125 0.05078125 0.08251953125
0 0.28662109375 0.88232421875 0.05078125 0.08740234375