57 0.09912109375 0.16064453125 0.11376953125 0.15576171875
37 0.23876953125 0.16064453125 0.11376953125 0.15576171875
53 0.375 0.16064453125 0.11376953125 0.15576171875
59 0.52099609375 0.1591796875 0.11376953125 0.15576171875
48 0.671875 0.154296875 0.11376953125 0.15576171875
60 0.8125 0.14990234375 0.10888671875 0.16064453125
56 0.13134765625 0.49462890625 0.11376953125 0.15576171875
37 0.27392578125 0.48828125 0.11376953125 0.15576171875
53 0.419921875 0.49462890625 0.11376953125 0.15576171875
59 0.5693359375 0.49462890625 0.11376953125 0.15576171875
48 0.70703125 0.49267578125 0.11376953125 0.15576171875
60 0.8564453125 0.48974609375 0.11376953125 0.15576171875
37 0.21923828125 0.810546875 0.11376953125 0.15576171875
37 0.365234375 0.8154296875 0.11376953125 0.15576171875
37 0.5146484375 0.8173828125 0.11376953125 0.15576171875
37 0.65087890625 0.82373046875 0.11376953125 0.15576171875
37 0.7890625 0.8251953125 0.11376953125 0.15576171875