57 0.09423828125 0.168212890625 0.11767578125 0.158203125
37 0.23388671875 0.166748046875 0.11767578125 0.158203125
53 0.3701171875 0.1650390625 0.11767578125 0.158203125
59 0.51611328125 0.161865234375 0.11767578125 0.158203125
48 0.666748046875 0.1552734375 0.11767578125 0.158203125
60 0.80712890625 0.149169921875 0.11279296875 0.1630859375
56 0.13427734375 0.501708984375 0.11767578125 0.158203125
37 0.276611328125 0.493896484375 0.11767578125 0.158203125
53 0.4228515625 0.49853515625 0.11767578125 0.158203125
59 0.572265625 0.496826171875 0.11767578125 0.158203125
48 0.709716796875 0.4931640625 0.11767578125 0.158203125
60 0.859130859375 0.488525390625 0.11767578125 0.158203125
37 0.229248046875 0.816650390625 0.11767578125 0.158203125
37 0.37548828125 0.81982421875 0.11767578125 0.158203125
37 0.52490234375 0.820068359375 0.11767578125 0.158203125
37 0.661376953125 0.824951171875 0.11767578125 0.158203125
37 0.799560546875 0.82470703125 0.11767578125 0.158203125