7 0.2966666666666667 0.5075 0.05333333333333334 0.095
54 0.21833333333333332 0.5091666666666667 0.05333333333333334 0.09166666666666666
54 0.46166666666666667 0.49583333333333335 0.05333333333333334 0.09166666666666666
8 0.5416666666666666 0.49416666666666664 0.05333333333333334 0.09166666666666666
54 0.705 0.4875 0.05333333333333334 0.09166666666666666
9 0.785 0.4825 0.05333333333333334 0.09166666666666666
9 0.6366666666666667 0.7391666666666666 0.05333333333333334 0.09166666666666666
54 0.56 0.7441666666666666 0.05333333333333334 0.09166666666666666
8 0.39666666666666667 0.7508333333333334 0.05333333333333334 0.09166666666666666
54 0.31333333333333335 0.7625 0.05333333333333334 0.09166666666666666
7 0.14666666666666667 0.7625 0.05333333333333334 0.09166666666666666
54 0.06666666666666667 0.7725 0.05333333333333334 0.09166666666666666
45 0.051666666666666666 0.5141666666666667 0.05333333333333334 0.09166666666666666