54 0.01806640625 0.06201171875 0.0361328125 0.06005859375
2 0.06787109375 0.06298828125 0.0361328125 0.06005859375
54 0.11083984375 0.06103515625 0.0361328125 0.06005859375
3 0.15966796875 0.06640625 0.0361328125 0.06005859375
54 0.1533203125 0.20947265625 0.0361328125 0.06005859375
2 0.2001953125 0.2138671875 0.0361328125 0.06005859375
54 0.25146484375 0.064453125 0.0361328125 0.06005859375
5 0.33984375 0.21484375 0.0361328125 0.06005859375
4 0.29736328125 0.0693359375 0.0361328125 0.06005859375
54 0.2939453125 0.21484375 0.0361328125 0.06005859375
54 0.39111328125 0.0673828125 0.0361328125 0.06005859375
5 0.4365234375 0.07177734375 0.0361328125 0.06005859375
54 0.431640625 0.2158203125 0.0361328125 0.06005859375
6 0.48046875 0.216796875 0.0361328125 0.06005859375
54 0.529296875 0.0693359375 0.0361328125 0.06005859375
6 0.57958984375 0.07373046875 0.0361328125 0.06005859375
54 0.57421875 0.2177734375 0.0361328125 0.06005859375
7 0.6220703125 0.22216796875 0.0361328125 0.06005859375
54 0.67138671875 0.07275390625 0.0361328125 0.06005859375
7 0.72021484375 0.0751953125 0.0361328125 0.06005859375
54 0.7158203125 0.21923828125 0.0361328125 0.06005859375
8 0.76171875 0.22314453125 0.0361328125 0.06005859375
54 0.86181640625 0.22314453125 0.0361328125 0.06005859375
9 0.90966796875 0.22216796875 0.0361328125 0.06005859375
54 0.81494140625 0.0751953125 0.0361328125 0.06005859375
8 0.86328125 0.0771484375 0.0361328125 0.06005859375
54 0.9599609375 0.0751953125 0.0361328125 0.06005859375
53 0.052734375 0.505859375 0.0361328125 0.06005859375
46 0.0966796875 0.51171875 0.0361328125 0.06005859375
50 0.09228515625 0.58837890625 0.0361328125 0.06005859375
37 0.1416015625 0.58740234375 0.0361328125 0.06005859375
65 0.18994140625 0.58740234375 0.0361328125 0.06005859375
55 0.23486328125 0.58740234375 0.0361328125 0.06005859375
61 0.19091796875 0.5107421875 0.0361328125 0.06005859375
52 0.23876953125 0.5107421875 0.0361328125 0.06005859375
37 0.2861328125 0.5107421875 0.0361328125 0.06005859375
46 0.33447265625 0.51611328125 0.0361328125 0.06005859375
37 0.37939453125 0.51708984375 0.0361328125 0.06005859375
37 0.521484375 0.51904296875 0.0361328125 0.06005859375
59 0.47265625 0.51708984375 0.0361328125 0.06005859375
53 0.66015625 0.5224609375 0.0361328125 0.06005859375
48 0.61376953125 0.5244140625 0.0361328125 0.06005859375
65 0.70703125 0.5224609375 0.0361328125 0.06005859375
55 0.75439453125 0.5244140625 0.0361328125 0.06005859375