37 0.07532333333333334 0.12119666666666666 0.017976666666666665 0.030376666666666666
38 0.10910666666666667 0.12274666666666667 0.021076666666666667 0.030996666666666665
39 0.14258333333333334 0.12150666666666667 0.021076666666666667 0.030996666666666665
41 0.17451 0.12274666666666667 0.021696666666666666 0.03347666666666667
43 0.20612666666666665 0.12336666666666668 0.020456666666666665 0.03347666666666667
45 0.23867333333333332 0.12398666666666666 0.021076666666666667 0.030996666666666665
46 0.27246 0.12615666666666667 0.022936666666666668 0.03409666666666667
47 0.3053166666666667 0.12522666666666668 0.020456666666666665 0.034716666666666667
48 0.34003333333333335 0.12677666666666665 0.020456666666666665 0.03533666666666667
49 0.37258 0.12801666666666667 0.02231666666666667 0.037816666666666665
50 0.4045066666666667 0.12894666666666665 0.021696666666666666 0.03347666666666667
51 0.43953 0.12925666666666666 0.02231666666666667 0.032856666666666666
52 0.47114666666666666 0.12956666666666666 0.021076666666666667 0.034716666666666667
53 0.5052433333333334 0.13049666666666668 0.021076666666666667 0.03409666666666667
42 0.5718866666666667 0.13266666666666665 0.021696666666666666 0.034716666666666667
44 0.6056733333333333 0.13359666666666667 0.021076666666666667 0.03533666666666667
53 0.6726266666666667 0.13545666666666667 0.02231666666666667 0.03657666666666667
46 0.7061033333333333 0.13607333333333335 0.019836666666666666 0.03657666666666667
55 0.7742933333333334 0.13824333333333333 0.02231666666666667 0.03595666666666667
56 0.8087 0.13886333333333334 0.024176666666666666 0.03595666666666667
57 0.8409366666666667 0.13948333333333332 0.022936666666666668 0.03595666666666667
58 0.8750333333333333 0.14072333333333334 0.021696666666666666 0.03595666666666667
59 0.9075799999999999 0.14134333333333332 0.021076666666666667 0.03347666666666667
60 0.9429166666666666 0.14382333333333333 0.02231666666666667 0.03719666666666667
61 0.9773233333333333 0.14537333333333333 0.022936666666666668 0.03533666666666667
62 0.07253333333333332 0.17482 0.023556666666666667 0.03719666666666667
63 0.10539000000000001 0.17482 0.02231666666666667 0.03347666666666667
64 0.13700333333333334 0.17637 0.023556666666666667 0.03657666666666667
65 0.16955 0.17606 0.021696666666666666 0.03595666666666667
66 0.2030266666666667 0.17761000000000002 0.020456666666666665 0.03657666666666667
54 0.40326666666666666 0.18319000000000002 0.021696666666666666 0.03409666666666667
54 0.46898 0.18567 0.021696666666666666 0.03409666666666667
54 0.5346933333333334 0.18753 0.021696666666666666 0.03409666666666667
40 0.2706033333333333 0.17947 0.021696666666666666 0.03409666666666667
40 0.30408 0.17947 0.021696666666666666 0.03409666666666667
40 0.33755666666666667 0.18195 0.021696666666666666 0.03409666666666667
40 0.06819333333333334 0.22472666666666666 0.02231666666666667 0.03409666666666667
33 0.10198 0.22534666666666667 0.020456666666666665 0.032856666666666666
19 0.13483666666666666 0.22627333333333335 0.024176666666666666 0.032236666666666663
30 0.16676 0.22720333333333334 0.021076666666666667 0.03409666666666667
47 0.19992666666666667 0.22720333333333334 0.021696666666666666 0.03533666666666667
59 0.2675 0.22937333333333335 0.021696666666666666 0.03347666666666667
56 0.30190666666666666 0.22999333333333333 0.021076666666666667 0.03347666666666667
37 0.3344533333333333 0.23061333333333334 0.020456666666666665 0.03347666666666667
39 0.36793 0.23123333333333335 0.020456666666666665 0.03347666666666667
43 0.4004766666666667 0.23216333333333333 0.021076666666666667 0.03409666666666667
37 0.06509333333333334 0.27587 0.019836666666666666 0.03347666666666667
38 0.09856999999999999 0.27711 0.019836666666666666 0.03347666666666667
37 0.16490333333333332 0.27866 0.021076666666666667 0.03409666666666667
38 0.2324733333333333 0.28021 0.019836666666666666 0.032236666666666663
39 0.29818666666666666 0.28238 0.019836666666666666 0.032856666666666666
41 0.36421000000000003 0.28579 0.020456666666666665 0.034716666666666667
43 0.4308533333333333 0.28981666666666667 0.023556666666666667 0.037816666666666665
45 0.4993533333333333 0.29074666666666665 0.020456666666666665 0.03595666666666667
46 0.5666166666666667 0.29322666666666664 0.019836666666666666 0.03719666666666667
47 0.63419 0.2957066666666667 0.018596666666666668 0.034716666666666667
48 0.7005233333333334 0.2975666666666667 0.021076666666666667 0.034716666666666667
49 0.7687166666666667 0.30128666666666665 0.02231666666666667 0.040916666666666664
50 0.8365966666666667 0.30221666666666663 0.021696666666666666 0.03533666666666667
51 0.90293 0.30345666666666665 0.022936666666666668 0.03533666666666667
52 0.9726733333333333 0.30469666666666667 0.023556666666666667 0.03533666666666667
53 0.061373333333333335 0.32949333333333336 0.023556666666666667 0.03533666666666667
42 0.12987666666666667 0.3332133333333333 0.022936666666666668 0.032856666666666666
44 0.16211333333333333 0.3322833333333333 0.021696666666666666 0.034716666666666667
53 0.22844333333333336 0.33662333333333333 0.020456666666666665 0.03347666666666667
46 0.26347 0.33507333333333333 0.019836666666666666 0.03409666666666667
55 0.32949333333333336 0.3391033333333333 0.022936666666666668 0.03719666666666667
56 0.3964466666666666 0.3412733333333334 0.020456666666666665 0.03533666666666667
57 0.46402 0.3434433333333333 0.022936666666666668 0.03719666666666667
58 0.53128 0.34468333333333334 0.02231666666666667 0.034716666666666667
59 0.5979233333333334 0.34685 0.021696666666666666 0.03657666666666667
60 0.6645666666666666 0.35119 0.02231666666666667 0.03409666666666667
61 0.73307 0.35305000000000003 0.024176666666666666 0.03905666666666667
62 0.79971 0.35491 0.021076666666666667 0.03409666666666667
63 0.8691433333333333 0.35677 0.023556666666666667 0.03533666666666667
65 0.057653333333333334 0.38311666666666666 0.024796666666666668 0.034716666666666667
66 0.12429666666666667 0.3852866666666666 0.024176666666666666 0.03161666666666667
53 0.19094000000000003 0.44046 0.023556666666666667 0.03533666666666667
61 0.22348666666666667 0.44108 0.022936666666666668 0.037816666666666665
52 0.25789 0.4417 0.021076666666666667 0.03409666666666667
38 0.29198666666666667 0.44201 0.019836666666666666 0.034716666666666667
43 0.32577333333333336 0.44356 0.020456666666666665 0.03409666666666667
58 0.35832 0.44542 0.021076666666666667 0.03657666666666667
59 0.3939666666666667 0.44666 0.020456666666666665 0.03533666666666667
54 0.049903333333333334 0.5467799999999999 0.021696666666666666 0.034716666666666667
54 0.15219333333333332 0.54802 0.021696666666666666 0.034716666666666667
54 0.2532433333333333 0.55174 0.021696666666666666 0.034716666666666667
54 0.32143666666666665 0.55484 0.021696666666666666 0.034716666666666667
54 0.4224866666666667 0.5567 0.021696666666666666 0.034716666666666667
54 0.5241566666666667 0.56042 0.021696666666666666 0.034716666666666667
54 0.6239666666666667 0.56352 0.021696666666666666 0.034716666666666667
54 0.7274966666666666 0.56662 0.021696666666666666 0.034716666666666667
54 0.8304066666666666 0.57158 0.021696666666666666 0.034716666666666667
54 0.9351766666666668 0.5753 0.021696666666666666 0.034716666666666667
54 0.14538333333333334 0.6546500000000001 0.021696666666666666 0.034716666666666667
54 0.2464333333333333 0.65837 0.021696666666666666 0.034716666666666667
54 0.35058333333333336 0.65961 0.021696666666666666 0.034716666666666667
54 0.4528733333333333 0.66333 0.021696666666666666 0.034716666666666667
54 0.5533033333333334 0.66643 0.021696666666666666 0.034716666666666667
54 0.6574533333333333 0.67139 0.021696666666666666 0.034716666666666667
54 0.7603633333333334 0.67449 0.021696666666666666 0.034716666666666667
54 0.8632733333333333 0.67883 0.021696666666666666 0.034716666666666667
0 0.08338 0.54585 0.021696666666666666 0.03533666666666667
1 0.18474000000000002 0.5474 0.021076666666666667 0.03595666666666667
2 0.28950666666666663 0.55174 0.021076666666666667 0.03347666666666667
3 0.35522000000000004 0.55422 0.02231666666666667 0.03719666666666667
4 0.45472 0.55701 0.021696666666666666 0.03533666666666667
5 0.55732 0.5594866666666667 0.019836666666666666 0.03409666666666667
6 0.6602266666666667 0.5650666666666667 0.02231666666666667 0.03657666666666667
7 0.7606566666666666 0.5666166666666667 0.019836666666666666 0.03347666666666667
8 0.8629433333333333 0.5712666666666667 0.021076666666666667 0.03533666666666667
8 0.9674033333333334 0.5737466666666666 0.019216666666666667 0.03161666666666667
3 0.18133 0.6546466666666667 0.021696666666666666 0.03347666666666667
4 0.283 0.6571266666666667 0.020456666666666665 0.03347666666666667
2 0.3852866666666666 0.6605366666666667 0.019216666666666667 0.03409666666666667
5 0.48664666666666667 0.6651866666666667 0.02231666666666667 0.03719666666666667
6 0.5898633333333333 0.6679766666666667 0.020456666666666665 0.03657666666666667
7 0.6909133333333333 0.6710766666666667 0.020456666666666665 0.03657666666666667
8 0.7941333333333334 0.6751066666666666 0.021076666666666667 0.03595666666666667
9 0.8988999999999999 0.6806833333333333 0.02231666666666667 0.03595666666666667
46 0.09702 0.8762733333333333 0.024176666666666666 0.037816666666666665
37 0.13235666666666668 0.8756533333333334 0.020456666666666665 0.03409666666666667
53 0.16676 0.8772033333333333 0.021076666666666667 0.03595666666666667
41 0.20116666666666666 0.8765833333333334 0.021696666666666666 0.034716666666666667
37 0.23619333333333334 0.8778233333333333 0.021076666666666667 0.034716666666666667
53 0.2706 0.8793733333333333 0.021696666666666666 0.037816666666666665
46 0.3053166666666667 0.8799933333333333 0.020456666666666665 0.037816666666666665
61 0.37475 0.8840233333333334 0.022936666666666668 0.03719666666666667
52 0.40946333333333335 0.8837133333333332 0.021696666666666666 0.037816666666666665
37 0.44510999999999995 0.8846433333333332 0.02231666666666667 0.034716666666666667
46 0.47951666666666665 0.8883633333333334 0.020456666666666665 0.03843666666666667
37 0.5170233333333333 0.8902199999999999 0.023556666666666667 0.03843666666666667
59 0.5827366666666667 0.89084 0.023556666666666667 0.03347666666666667
37 0.61931 0.8902199999999999 0.02231666666666667 0.03347666666666667
48 0.6884333333333333 0.89673 0.020456666666666665 0.03657666666666667
53 0.72222 0.8958 0.021076666666666667 0.034716666666666667
65 0.7575566666666667 0.8988999999999999 0.024796666666666668 0.040916666666666664
55 0.7919633333333332 0.8982800000000001 0.022936666666666668 0.03843666666666667
61 0.058199999999999995 0.9333066666666667 0.021226666666666668 0.03657666666666667
52 0.02681666666666667 0.8747233333333334 0.021696666666666666 0.03595666666666667
37 0.061843333333333333 0.8747233333333334 0.02231666666666667 0.03719666666666667
50 0.0231 0.9311366666666666 0.022936666666666668 0.03347666666666667
52 0.09346 0.9342366666666667 0.024796666666666668 0.03719666666666667
61 0.12848666666666667 0.9348566666666667 0.020456666666666665 0.03719666666666667
59 0.16289333333333333 0.9367166666666666 0.023556666666666667 0.03843666666666667
60 0.19854 0.9370266666666667 0.025416666666666667 0.03905666666666667
37 0.23449666666666666 0.9370266666666667 0.022936666666666668 0.03905666666666667
50 0.3045466666666667 0.9388866666666666 0.022936666666666668 0.03657666666666667
37 0.3392633333333333 0.9391966666666667 0.024176666666666666 0.03595666666666667
65 0.37211999999999995 0.9416766666666667 0.022936666666666668 0.040916666666666664
55 0.4068366666666667 0.9429166666666666 0.021696666666666666 0.03843666666666667
54 0.043236666666666666 0.6514466666666666 0.021696666666666666 0.034716666666666667
1 0.07674 0.6507333333333334 0.021076666666666667 0.03595666666666667
54 0.03990333333333333 0.7067800000000001 0.021696666666666666 0.034716666666666667
0 0.07471333333333333 0.7071833333333334 0.021696666666666666 0.03533666666666667