54 0.034423828125 0.532958984375 0.048828125 0.0830078125
54 0.2734375 0.5234375 0.048828125 0.08154296875
54 0.511474609375 0.516357421875 0.046875 0.0771484375
54 0.750244140625 0.51123046875 0.046875 0.08154296875
54 0.11865234375 0.782470703125 0.05078125 0.08349609375
54 0.3583984375 0.7734375 0.046875 0.08203125
54 0.601806640625 0.771240234375 0.0478515625 0.091796875
54 0.84033203125 0.75927734375 0.05126953125 0.08544921875
4 0.109375 0.52978515625 0.04736328125 0.07958984375
5 0.35107421875 0.522216796875 0.0478515625 0.08447265625
6 0.586669921875 0.51513671875 0.0478515625 0.080078125
7 0.82568359375 0.508056640625 0.04736328125 0.0810546875
5 0.19384765625 0.77685546875 0.05224609375 0.0830078125
6 0.437744140625 0.76904296875 0.05078125 0.08642578125
7 0.677001953125 0.764892578125 0.04931640625 0.08642578125
8 0.919921875 0.75830078125 0.05078125 0.0830078125