53 0.078857421875 0.10595703125 0.0458984375 0.07373046875
55 0.147216796875 0.104248046875 0.04248046875 0.0771484375
59 0.281982421875 0.104736328125 0.04248046875 0.0693359375
56 0.350341796875 0.10400390625 0.04150390625 0.0673828125
37 0.416748046875 0.1025390625 0.04345703125 0.06787109375
39 0.483642578125 0.10302734375 0.04345703125 0.06787109375
43 0.550537109375 0.104248046875 0.044921875 0.072265625
49 0.08251953125 0.32568359375 0.04345703125 0.06787109375
50 0.14990234375 0.3232421875 0.0400390625 0.06884765625
51 0.2158203125 0.322509765625 0.04150390625 0.06982421875
52 0.2841796875 0.323486328125 0.0380859375 0.0673828125
53 0.35302734375 0.3251953125 0.04248046875 0.0703125
42 0.4873046875 0.32373046875 0.04248046875 0.0693359375
44 0.55419921875 0.324951171875 0.04248046875 0.072265625
53 0.6845703125 0.32373046875 0.04345703125 0.0712890625
46 0.75146484375 0.3232421875 0.04150390625 0.07080078125
55 0.89013671875 0.325927734375 0.04345703125 0.0693359375
56 0.9580078125 0.324951171875 0.0478515625 0.0703125
54 0.1513671875 0.43359375 0.046875 0.07373046875
54 0.2841796875 0.434814453125 0.04345703125 0.078125
54 0.42041015625 0.43408203125 0.0400390625 0.06640625
39 0.083251953125 0.53076171875 0.0380859375 0.0576171875
43 0.151123046875 0.53466796875 0.0400390625 0.06396484375
41 0.082763671875 0.64501953125 0.0400390625 0.0732421875
43 0.217529296875 0.646728515625 0.0478515625 0.07568359375
45 0.354248046875 0.6435546875 0.04345703125 0.07373046875
46 0.487060546875 0.646484375 0.046875 0.07470703125
47 0.620849609375 0.645263671875 0.0458984375 0.07568359375
48 0.75244140625 0.64892578125 0.04345703125 0.07373046875
49 0.88623046875 0.648681640625 0.0400390625 0.07421875
56 0.14990234375 0.754150390625 0.044921875 0.06591796875
57 0.2841796875 0.753173828125 0.04248046875 0.0703125
58 0.42041015625 0.75244140625 0.0458984375 0.0703125
59 0.55126953125 0.752197265625 0.04248046875 0.064453125
60 0.68310546875 0.7548828125 0.044921875 0.0693359375
61 0.822265625 0.752197265625 0.04931640625 0.07373046875
62 0.951171875 0.753662109375 0.044921875 0.0703125
58 0.085693359375 0.96484375 0.0400390625 0.06884765625
59 0.151123046875 0.965576171875 0.0400390625 0.0673828125