52 0.3154296875 0.04443359375 0.02685546875 0.03759765625
43 0.02783203125 0.0458984375 0.02685546875 0.03759765625
45 0.06298828125 0.044921875 0.02685546875 0.03759765625
46 0.09912109375 0.044921875 0.02685546875 0.03759765625
48 0.17041015625 0.0419921875 0.02685546875 0.03759765625
47 0.134765625 0.04443359375 0.02685546875 0.03759765625
49 0.2080078125 0.0419921875 0.02685546875 0.03759765625
50 0.2431640625 0.044921875 0.02685546875 0.03759765625
51 0.2783203125 0.044921875 0.02685546875 0.03759765625
53 0.353515625 0.0439453125 0.02685546875 0.03759765625
42 0.42578125 0.0439453125 0.02685546875 0.03759765625
44 0.4609375 0.0439453125 0.02685546875 0.03759765625
53 0.53564453125 0.04541015625 0.02685546875 0.03759765625
46 0.5712890625 0.04541015625 0.02685546875 0.03759765625
55 0.64697265625 0.04345703125 0.0263671875 0.04248046875
56 0.68310546875 0.04345703125 0.02734375 0.041015625
57 0.72119140625 0.0439453125 0.02685546875 0.0400390625
58 0.75732421875 0.04443359375 0.0283203125 0.041015625
59 0.79443359375 0.04443359375 0.0283203125 0.041015625
61 0.86962890625 0.04638671875 0.0283203125 0.041015625
60 0.8310546875 0.04541015625 0.0283203125 0.041015625
54 0.2421875 0.10546875 0.0283203125 0.041015625
54 0.314453125 0.10400390625 0.0283203125 0.041015625
54 0.3916015625 0.1064453125 0.0283203125 0.041015625
40 0.169921875 0.103515625 0.0283203125 0.041015625
40 0.1328125 0.10302734375 0.0283203125 0.041015625
40 0.09716796875 0.10595703125 0.0283203125 0.041015625
66 0.025390625 0.10546875 0.0283203125 0.041015625
47 0.02392578125 0.158203125 0.0283203125 0.041015625
59 0.0947265625 0.16064453125 0.0283203125 0.041015625
56 0.130859375 0.1611328125 0.0283203125 0.041015625
37 0.169921875 0.15869140625 0.0283203125 0.041015625
38 0.05859375 0.21728515625 0.025390625 0.0400390625
56 0.2060546875 0.15869140625 0.0283203125 0.041015625
39 0.13037109375 0.21728515625 0.025390625 0.0400390625
41 0.20458984375 0.2158203125 0.025390625 0.0400390625
43 0.27587890625 0.21728515625 0.025390625 0.0400390625
45 0.3515625 0.21826171875 0.025390625 0.0400390625
46 0.42333984375 0.21923828125 0.025390625 0.0400390625
47 0.4970703125 0.220703125 0.025390625 0.0400390625
48 0.5712890625 0.21923828125 0.025390625 0.0400390625
49 0.6435546875 0.22119140625 0.025390625 0.0400390625
50 0.716796875 0.22119140625 0.025390625 0.0400390625
51 0.79150390625 0.22216796875 0.025390625 0.0400390625
52 0.869140625 0.22314453125 0.025390625 0.0400390625
53 0.05517578125 0.27685546875 0.025390625 0.0400390625
46 0.091796875 0.27685546875 0.025390625 0.0400390625
55 0.1669921875 0.27783203125 0.025390625 0.0400390625
56 0.23828125 0.2783203125 0.025390625 0.0400390625
57 0.31298828125 0.2783203125 0.025390625 0.0400390625
58 0.38623046875 0.27978515625 0.025390625 0.0400390625
59 0.46142578125 0.2802734375 0.025390625 0.0400390625
60 0.5341796875 0.28076171875 0.025390625 0.0400390625
61 0.6064453125 0.28076171875 0.025390625 0.0400390625
62 0.6787109375 0.28173828125 0.025390625 0.0400390625
63 0.75439453125 0.28076171875 0.025390625 0.0400390625
53 0.017578125 0.39306640625 0.025390625 0.0400390625
61 0.05224609375 0.39208984375 0.025390625 0.0400390625
52 0.09130859375 0.39306640625 0.025390625 0.0400390625
38 0.12548828125 0.3916015625 0.025390625 0.0400390625
43 0.1650390625 0.392578125 0.025390625 0.0400390625
58 0.20068359375 0.392578125 0.025390625 0.0400390625
59 0.23828125 0.39453125 0.025390625 0.0400390625
54 0.0888671875 0.51171875 0.025390625 0.0400390625
3 0.20166015625 0.51220703125 0.025390625 0.0400390625
2 0.12548828125 0.5126953125 0.025390625 0.0400390625
54 0.083984375 0.62744140625 0.025390625 0.0400390625
54 0.1962890625 0.6298828125 0.025390625 0.0400390625
54 0.30859375 0.63037109375 0.025390625 0.0400390625
54 0.2734375 0.51318359375 0.025390625 0.0400390625
54 0.1640625 0.51318359375 0.025390625 0.0400390625
4 0.31005859375 0.51318359375 0.025390625 0.0400390625
5 0.341796875 0.63134765625 0.025390625 0.0400390625
4 0.12158203125 0.62939453125 0.025390625 0.0400390625
2 0.2333984375 0.62890625 0.025390625 0.0400390625
54 0.38330078125 0.51416015625 0.025390625 0.0400390625
54 0.41748046875 0.63134765625 0.025390625 0.0400390625
54 0.53125 0.63134765625 0.025390625 0.0400390625
54 0.49609375 0.515625 0.025390625 0.0400390625
5 0.4208984375 0.51318359375 0.025390625 0.0400390625
6 0.53173828125 0.51416015625 0.025390625 0.0400390625
6 0.45703125 0.630859375 0.025390625 0.0400390625
54 0.64306640625 0.63134765625 0.025390625 0.0400390625
54 0.7578125 0.6337890625 0.025390625 0.0400390625
54 0.71630859375 0.515625 0.025390625 0.0400390625
54 0.830078125 0.5166015625 0.025390625 0.0400390625
54 0.60400390625 0.51611328125 0.025390625 0.0400390625
7 0.64306640625 0.5146484375 0.025390625 0.0400390625
7 0.56689453125 0.6318359375 0.025390625 0.0400390625
8 0.67919921875 0.63134765625 0.025390625 0.0400390625
9 0.7939453125 0.6318359375 0.025390625 0.0400390625
8 0.7548828125 0.51708984375 0.025390625 0.0400390625
9 0.7939453125 0.6318359375 0.025390625 0.0400390625
9 0.8662109375 0.51708984375 0.025390625 0.0400390625
60 0.0341796875 0.93212890625 0.0263671875 0.04248046875
37 0.07177734375 0.931640625 0.0263671875 0.04248046875
41 0.03466796875 0.8701171875 0.0263671875 0.04248046875
37 0.07470703125 0.86962890625 0.0263671875 0.04248046875
53 0.111328125 0.869140625 0.0263671875 0.04248046875
46 0.150390625 0.869140625 0.0263671875 0.04248046875
50 0.1484375 0.93359375 0.0263671875 0.04248046875
37 0.1875 0.93310546875 0.0263671875 0.04248046875
65 0.22216796875 0.9345703125 0.0263671875 0.04248046875
55 0.2587890625 0.9345703125 0.0263671875 0.04248046875
61 0.2236328125 0.87158203125 0.0263671875 0.04248046875
52 0.26318359375 0.87109375 0.0263671875 0.04248046875
37 0.30078125 0.87158203125 0.0263671875 0.04248046875
46 0.33984375 0.87060546875 0.0263671875 0.04248046875
37 0.37890625 0.87255859375 0.0263671875 0.04248046875
59 0.45263671875 0.87109375 0.0263671875 0.04248046875
37 0.4892578125 0.87255859375 0.0263671875 0.04248046875
48 0.56591796875 0.8740234375 0.0263671875 0.04248046875
53 0.60400390625 0.87451171875 0.0263671875 0.04248046875
65 0.64208984375 0.875 0.0263671875 0.04248046875
55 0.681640625 0.87548828125 0.0263671875 0.04248046875
43 0.24169921875 0.1591796875 0.025390625 0.0400390625