53 0.033203125 0.09521484375 0.02734375 0.04443359375
46 0.08154296875 0.091796875 0.029296875 0.04296875
55 0.171875 0.0947265625 0.02978515625 0.04931640625
56 0.26416015625 0.09521484375 0.029296875 0.04833984375
57 0.357421875 0.0966796875 0.02978515625 0.04931640625
58 0.4501953125 0.095703125 0.02783203125 0.04833984375
59 0.54296875 0.0986328125 0.029296875 0.04833984375
60 0.6357421875 0.09716796875 0.02978515625 0.05126953125
61 0.72998046875 0.09765625 0.0302734375 0.05029296875
62 0.82177734375 0.09716796875 0.02978515625 0.05126953125
63 0.91796875 0.09619140625 0.03125 0.05224609375
61 0.03564453125 0.244140625 0.02978515625 0.0478515625
52 0.07958984375 0.2412109375 0.02978515625 0.0458984375
38 0.126953125 0.24072265625 0.02978515625 0.04736328125
43 0.1748046875 0.2412109375 0.0263671875 0.04296875
58 0.2197265625 0.2431640625 0.029296875 0.0498046875
59 0.267578125 0.24267578125 0.02783203125 0.04638671875
54 0.08251953125 0.3935546875 0.0283203125 0.0478515625
54 0.17529296875 0.39453125 0.02978515625 0.0478515625
54 0.3134765625 0.39501953125 0.02978515625 0.0478515625
54 0.4501953125 0.3935546875 0.02978515625 0.0478515625
54 0.58740234375 0.396484375 0.02978515625 0.0478515625
54 0.7275390625 0.39501953125 0.02978515625 0.0478515625
54 0.86865234375 0.39453125 0.02978515625 0.0478515625
54 0.08056640625 0.53857421875 0.02978515625 0.0478515625
54 0.2197265625 0.5380859375 0.02978515625 0.0478515625
54 0.35791015625 0.53857421875 0.02978515625 0.0478515625
54 0.49560546875 0.53857421875 0.02978515625 0.0478515625
54 0.6357421875 0.5390625 0.02978515625 0.0478515625
54 0.77392578125 0.5400390625 0.02978515625 0.0478515625
54 0.916015625 0.5400390625 0.02978515625 0.0478515625
2 0.12890625 0.3935546875 0.0283203125 0.0478515625
3 0.220703125 0.39453125 0.0283203125 0.0478515625
4 0.3564453125 0.3935546875 0.0283203125 0.0478515625
5 0.49365234375 0.39501953125 0.0283203125 0.0478515625
6 0.6337890625 0.39501953125 0.0283203125 0.0478515625
7 0.77294921875 0.3935546875 0.0283203125 0.0478515625
8 0.9140625 0.39501953125 0.0283203125 0.0478515625
4 0.1279296875 0.537109375 0.0283203125 0.0478515625
2 0.26513671875 0.5390625 0.0283203125 0.0478515625
5 0.4033203125 0.5390625 0.0283203125 0.0478515625
6 0.54296875 0.53857421875 0.0283203125 0.0478515625
7 0.68017578125 0.54052734375 0.0283203125 0.0478515625
8 0.8203125 0.53857421875 0.0283203125 0.0478515625
9 0.9619140625 0.5390625 0.0283203125 0.0478515625
37 0.078125 0.83447265625 0.033203125 0.04736328125
53 0.12255859375 0.8349609375 0.0302734375 0.04638671875
46 0.1689453125 0.8349609375 0.02783203125 0.04736328125
61 0.26171875 0.8349609375 0.02978515625 0.04833984375
52 0.30908203125 0.83544921875 0.029296875 0.05029296875
37 0.3564453125 0.8369140625 0.0283203125 0.0478515625
46 0.40283203125 0.8369140625 0.02783203125 0.0498046875
37 0.4482421875 0.8359375 0.02783203125 0.0498046875
59 0.541015625 0.8359375 0.0302734375 0.05029296875
37 0.58642578125 0.83642578125 0.02978515625 0.05126953125
48 0.68310546875 0.83544921875 0.02978515625 0.04638671875
53 0.728515625 0.8369140625 0.02783203125 0.04736328125
65 0.7744140625 0.83740234375 0.0283203125 0.0478515625
55 0.8212890625 0.837890625 0.02783203125 0.05126953125
50 0.16845703125 0.9130859375 0.0322265625 0.04931640625
37 0.216796875 0.9130859375 0.033203125 0.05029296875
65 0.26171875 0.9130859375 0.03125 0.05126953125
55 0.30810546875 0.9130859375 0.029296875 0.05029296875