40 0.021728515625 0.057373046875 0.0322265625 0.046875
22 0.061279296875 0.0546875 0.0322265625 0.046875
43 0.100830078125 0.05419921875 0.0322265625 0.046875
60 0.140380859375 0.05419921875 0.0322265625 0.046875
60 0.181396484375 0.0537109375 0.0322265625 0.046875
43 0.222412109375 0.053466796875 0.0322265625 0.046875
58 0.261962890625 0.052001953125 0.0322265625 0.046875
59 0.304443359375 0.051513671875 0.0322265625 0.046875
53 0.385498046875 0.050537109375 0.0322265625 0.046875
55 0.426513671875 0.050537109375 0.0322265625 0.046875
59 0.511474609375 0.052001953125 0.0322265625 0.046875
56 0.552490234375 0.050537109375 0.0322265625 0.046875
37 0.594482421875 0.050537109375 0.0322265625 0.046875
39 0.637939453125 0.048583984375 0.0322265625 0.046875
43 0.678466796875 0.048095703125 0.0322265625 0.046875
37 0.015869140625 0.18408203125 0.03173828125 0.046875
38 0.057373046875 0.18359375 0.0322265625 0.046875
39 0.097900390625 0.18359375 0.0322265625 0.046875
41 0.137451171875 0.185302734375 0.0322265625 0.046875
43 0.177490234375 0.184814453125 0.0322265625 0.046875
45 0.218017578125 0.184326171875 0.0322265625 0.046875
46 0.261474609375 0.187744140625 0.0322265625 0.046875
47 0.301025390625 0.185302734375 0.0322265625 0.046875
48 0.341064453125 0.187744140625 0.0322265625 0.046875
49 0.384521484375 0.187255859375 0.0322265625 0.046875
50 0.426025390625 0.188232421875 0.0322265625 0.046875
51 0.467041015625 0.187744140625 0.0322265625 0.046875
52 0.5087890625 0.188720703125 0.0322265625 0.046875
53 0.551025390625 0.187744140625 0.0322265625 0.046875
42 0.634765625 0.189208984375 0.0322265625 0.046875
44 0.67724609375 0.188720703125 0.0322265625 0.046875
53 0.76171875 0.190185546875 0.0322265625 0.046875
46 0.8046875 0.188720703125 0.0322265625 0.046875
55 0.890625 0.191162109375 0.0322265625 0.046875
56 0.93310546875 0.190673828125 0.0322265625 0.046875
57 0.9765625 0.191162109375 0.0322265625 0.046875
62 0.0146484375 0.2529296875 0.029296875 0.046875
63 0.0537109375 0.253662109375 0.0322265625 0.046875
64 0.09423828125 0.252197265625 0.0322265625 0.046875
65 0.13427734375 0.251708984375 0.0322265625 0.046875
66 0.17578125 0.253662109375 0.0322265625 0.046875
40 0.2578125 0.253662109375 0.0322265625 0.046875
40 0.30029296875 0.254638671875 0.0322265625 0.046875
40 0.3427734375 0.256103515625 0.0322265625 0.046875
54 0.42529296875 0.256103515625 0.0322265625 0.046875
54 0.5068359375 0.257568359375 0.0322265625 0.046875
54 0.592041015625 0.258056640625 0.0322265625 0.046875
40 0.013427734375 0.3154296875 0.02685546875 0.046875
33 0.052001953125 0.316162109375 0.0322265625 0.046875
48 0.092041015625 0.315673828125 0.0322265625 0.046875
60 0.133056640625 0.316162109375 0.0322265625 0.046875
47 0.17578125 0.315673828125 0.0322265625 0.046875
59 0.257080078125 0.317626953125 0.0322265625 0.046875
56 0.298583984375 0.320068359375 0.0322265625 0.046875
37 0.340576171875 0.319580078125 0.0322265625 0.046875
39 0.382080078125 0.320556640625 0.0322265625 0.046875
43 0.423095703125 0.319091796875 0.0322265625 0.046875
38 0.0478515625 0.382568359375 0.0322265625 0.046875
37 0.13134765625 0.381103515625 0.0322265625 0.046875
38 0.21533203125 0.383544921875 0.0322265625 0.046875
39 0.298095703125 0.384521484375 0.0322265625 0.046875
41 0.381103515625 0.385498046875 0.0322265625 0.046875
43 0.462158203125 0.390380859375 0.0322265625 0.046875
45 0.548095703125 0.389404296875 0.0322265625 0.046875
46 0.632568359375 0.390869140625 0.0322265625 0.046875
47 0.714599609375 0.391845703125 0.0322265625 0.046875
48 0.802490234375 0.395263671875 0.0322265625 0.046875
49 0.885986328125 0.395751953125 0.0322265625 0.046875
50 0.970947265625 0.394287109375 0.0322265625 0.046875
42 0.088623046875 0.450927734375 0.0322265625 0.046875
44 0.131103515625 0.450439453125 0.0322265625 0.046875
53 0.213134765625 0.454345703125 0.0322265625 0.046875
46 0.256591796875 0.452880859375 0.0322265625 0.046875
55 0.3369140625 0.455322265625 0.0322265625 0.046875
56 0.421875 0.455322265625 0.0322265625 0.046875
57 0.50390625 0.45751953125 0.0322265625 0.046875
58 0.58740234375 0.458984375 0.0322265625 0.046875
59 0.671875 0.461181640625 0.0322265625 0.046875
60 0.7548828125 0.46240234375 0.0322265625 0.046875
61 0.83740234375 0.4638671875 0.0322265625 0.046875
62 0.9248046875 0.463623046875 0.0322265625 0.046875
66 0.086669921875 0.517822265625 0.0322265625 0.046875
53 0.04541015625 0.581787109375 0.0322265625 0.046875
48 0.08544921875 0.581298828125 0.0322265625 0.046875
53 0.169921875 0.583740234375 0.0322265625 0.046875
61 0.2119140625 0.584228515625 0.0322265625 0.046875
52 0.25439453125 0.584716796875 0.0322265625 0.046875
38 0.29443359375 0.58447265625 0.0322265625 0.046875
43 0.33642578125 0.583984375 0.0322265625 0.046875
58 0.37744140625 0.5859375 0.0322265625 0.046875
59 0.419921875 0.58544921875 0.0322265625 0.046875
49 0.04443359375 0.717529296875 0.0322265625 0.046875
54 0.126953125 0.7177734375 0.0322265625 0.046875
54 0.25146484375 0.7197265625 0.0322265625 0.046875
54 0.334716796875 0.72412109375 0.0322265625 0.046875
54 0.459228515625 0.72509765625 0.0322265625 0.046875
54 0.584716796875 0.7265625 0.0322265625 0.046875
54 0.710205078125 0.728515625 0.0322265625 0.046875
54 0.838134765625 0.7314453125 0.0322265625 0.046875
54 0.96826171875 0.734130859375 0.0322265625 0.046875
54 0.880615234375 0.86669921875 0.0322265625 0.046875
54 0.75439453125 0.86376953125 0.0322265625 0.046875
54 0.62646484375 0.86083984375 0.0322265625 0.046875
54 0.500732421875 0.8564453125 0.0322265625 0.046875
54 0.375244140625 0.85595703125 0.0322265625 0.046875
54 0.248291015625 0.85400390625 0.0322265625 0.046875
54 0.122802734375 0.85205078125 0.0322265625 0.046875
1 0.16796875 0.71728515625 0.0322265625 0.046875
2 0.29443359375 0.71923828125 0.0322265625 0.046875
3 0.378173828125 0.7216796875 0.0322265625 0.046875
4 0.500244140625 0.72314453125 0.0322265625 0.046875
5 0.623779296875 0.72509765625 0.0322265625 0.046875
6 0.752685546875 0.72705078125 0.0322265625 0.046875
7 0.880126953125 0.732421875 0.0322265625 0.046875
2 0.162841796875 0.8505859375 0.0322265625 0.046875
4 0.290771484375 0.853515625 0.0322265625 0.046875
2 0.417236328125 0.85302734375 0.0322265625 0.046875
5 0.539794921875 0.857421875 0.0322265625 0.046875
6 0.66748046875 0.859375 0.0322265625 0.046875
7 0.79541015625 0.8623046875 0.0322265625 0.046875
8 0.92333984375 0.86181640625 0.0322265625 0.046875