53 0.078125 0.1064453125 0.04541015625 0.0732421875
55 0.146484375 0.10498046875 0.0419921875 0.07666015625
59 0.28125 0.1064453125 0.0419921875 0.06884765625
56 0.349609375 0.10595703125 0.041015625 0.0673828125
37 0.416015625 0.10498046875 0.04296875 0.0673828125
39 0.48291015625 0.10595703125 0.04296875 0.0673828125
43 0.5498046875 0.107421875 0.04443359375 0.07177734375
49 0.08056640625 0.326171875 0.04296875 0.0673828125
50 0.14794921875 0.32421875 0.03955078125 0.06884765625
51 0.2138671875 0.32373046875 0.041015625 0.06982421875
52 0.2822265625 0.3251953125 0.03759765625 0.0673828125
53 0.35107421875 0.3271484375 0.0419921875 0.06982421875
42 0.4853515625 0.32666015625 0.0419921875 0.06884765625
44 0.55224609375 0.328125 0.0419921875 0.07177734375
53 0.6826171875 0.32763671875 0.04296875 0.07080078125
46 0.74951171875 0.32763671875 0.041015625 0.07080078125
55 0.88818359375 0.3310546875 0.04296875 0.06884765625
56 0.9560546875 0.33056640625 0.04736328125 0.06982421875
54 0.14892578125 0.4345703125 0.04638671875 0.0732421875
54 0.28173828125 0.4365234375 0.04296875 0.07763671875
54 0.41796875 0.4365234375 0.03955078125 0.06640625
39 0.080078125 0.53125 0.03759765625 0.0576171875
43 0.14794921875 0.53564453125 0.03955078125 0.06396484375
41 0.0791015625 0.6455078125 0.03955078125 0.0732421875
43 0.2138671875 0.64794921875 0.04736328125 0.0751953125
45 0.3505859375 0.6455078125 0.04296875 0.0732421875
46 0.4833984375 0.6494140625 0.04638671875 0.07421875
47 0.6171875 0.64892578125 0.04541015625 0.0751953125
48 0.74853515625 0.6533203125 0.04296875 0.0732421875
49 0.88232421875 0.65380859375 0.03955078125 0.07421875
56 0.1455078125 0.7548828125 0.04443359375 0.0654296875
57 0.27978515625 0.7548828125 0.0419921875 0.06982421875
58 0.416015625 0.7548828125 0.04541015625 0.06982421875
59 0.546875 0.75537109375 0.0419921875 0.06396484375
60 0.6787109375 0.7587890625 0.04443359375 0.06884765625
61 0.81787109375 0.7568359375 0.048828125 0.0732421875
62 0.94677734375 0.75927734375 0.04443359375 0.06982421875
58 0.080078125 0.96533203125 0.03955078125 0.06884765625
59 0.1455078125 0.96630859375 0.03955078125 0.0673828125