40 0.02978515625 0.048828125 0.03076171875 0.04638671875
22 0.0693359375 0.046875 0.03076171875 0.04638671875
43 0.10888671875 0.046875 0.03076171875 0.04638671875
60 0.1484375 0.04736328125 0.03076171875 0.04638671875
60 0.189453125 0.04736328125 0.03076171875 0.04638671875
43 0.23046875 0.04736328125 0.03076171875 0.04638671875
58 0.27001953125 0.04638671875 0.03076171875 0.04638671875
59 0.3125 0.04638671875 0.03076171875 0.04638671875
53 0.3935546875 0.04638671875 0.03076171875 0.04638671875
55 0.4345703125 0.046875 0.03076171875 0.04638671875
59 0.51953125 0.04931640625 0.03076171875 0.04638671875
56 0.560546875 0.04833984375 0.03076171875 0.04638671875
37 0.6025390625 0.048828125 0.03076171875 0.04638671875
39 0.64599609375 0.04736328125 0.03076171875 0.04638671875
43 0.6865234375 0.04736328125 0.03076171875 0.04638671875
37 0.0224609375 0.17578125 0.03076171875 0.04638671875
38 0.06396484375 0.17578125 0.03076171875 0.04638671875
39 0.1044921875 0.17626953125 0.03076171875 0.04638671875
41 0.14404296875 0.17822265625 0.03076171875 0.04638671875
43 0.18408203125 0.17822265625 0.03076171875 0.04638671875
45 0.224609375 0.17822265625 0.03076171875 0.04638671875
46 0.26806640625 0.18212890625 0.03076171875 0.04638671875
47 0.3076171875 0.18017578125 0.03076171875 0.04638671875
48 0.34765625 0.18310546875 0.03076171875 0.04638671875
49 0.39111328125 0.18310546875 0.03076171875 0.04638671875
50 0.4326171875 0.1845703125 0.03076171875 0.04638671875
51 0.4736328125 0.1845703125 0.03076171875 0.04638671875
52 0.51513671875 0.18603515625 0.03076171875 0.04638671875
53 0.5576171875 0.185546875 0.03076171875 0.04638671875
42 0.64111328125 0.18798828125 0.03076171875 0.04638671875
44 0.68359375 0.18798828125 0.03076171875 0.04638671875
53 0.76806640625 0.1904296875 0.03076171875 0.04638671875
46 0.81103515625 0.189453125 0.03076171875 0.04638671875
55 0.89697265625 0.19287109375 0.03076171875 0.04638671875
56 0.939453125 0.19287109375 0.03076171875 0.04638671875
57 0.98291015625 0.19384765625 0.03076171875 0.04638671875
62 0.01953125 0.24462890625 0.03076171875 0.04638671875
63 0.0595703125 0.24560546875 0.03076171875 0.04638671875
64 0.10009765625 0.24462890625 0.03076171875 0.04638671875
65 0.14013671875 0.24462890625 0.03076171875 0.04638671875
66 0.181640625 0.2470703125 0.03076171875 0.04638671875
40 0.263671875 0.248046875 0.03076171875 0.04638671875
40 0.30615234375 0.24951171875 0.03076171875 0.04638671875
40 0.3486328125 0.25146484375 0.03076171875 0.04638671875
54 0.43115234375 0.25244140625 0.03076171875 0.04638671875
54 0.5126953125 0.2548828125 0.03076171875 0.04638671875
54 0.59765625 0.25634765625 0.03076171875 0.04638671875
40 0.015625 0.30712890625 0.03076171875 0.04638671875
33 0.05712890625 0.30810546875 0.03076171875 0.04638671875
48 0.09716796875 0.30810546875 0.03076171875 0.04638671875
60 0.13818359375 0.30908203125 0.03076171875 0.04638671875
47 0.1806640625 0.30908203125 0.03076171875 0.04638671875
59 0.26220703125 0.31201171875 0.03076171875 0.04638671875
56 0.3037109375 0.31494140625 0.03076171875 0.04638671875
37 0.345703125 0.31494140625 0.03076171875 0.04638671875
39 0.38720703125 0.31640625 0.03076171875 0.04638671875
43 0.42822265625 0.3154296875 0.03076171875 0.04638671875
38 0.05224609375 0.37451171875 0.03076171875 0.04638671875
37 0.1357421875 0.3740234375 0.03076171875 0.04638671875
38 0.2197265625 0.37744140625 0.03076171875 0.04638671875
39 0.30224609375 0.37939453125 0.03076171875 0.04638671875
41 0.38525390625 0.38134765625 0.03076171875 0.04638671875
43 0.46630859375 0.38720703125 0.03076171875 0.04638671875
45 0.55224609375 0.38720703125 0.03076171875 0.04638671875
46 0.63671875 0.3896484375 0.03076171875 0.04638671875
47 0.71875 0.3916015625 0.03076171875 0.04638671875
48 0.806640625 0.39599609375 0.03076171875 0.04638671875
49 0.89013671875 0.3974609375 0.03076171875 0.04638671875
50 0.97509765625 0.39697265625 0.03076171875 0.04638671875
42 0.09228515625 0.443359375 0.03076171875 0.04638671875
44 0.134765625 0.443359375 0.03076171875 0.04638671875
53 0.216796875 0.4482421875 0.03076171875 0.04638671875
46 0.26025390625 0.447265625 0.03076171875 0.04638671875
55 0.34033203125 0.45068359375 0.03076171875 0.04638671875
56 0.42529296875 0.45166015625 0.03076171875 0.04638671875
57 0.50732421875 0.45458984375 0.03076171875 0.04638671875
58 0.5908203125 0.45703125 0.03076171875 0.04638671875
59 0.67529296875 0.46044921875 0.03076171875 0.04638671875
60 0.75830078125 0.46240234375 0.03076171875 0.04638671875
61 0.8408203125 0.46484375 0.03076171875 0.04638671875
62 0.92822265625 0.4658203125 0.03076171875 0.04638671875
66 0.08935546875 0.51025390625 0.03076171875 0.04638671875
53 0.04736328125 0.57373046875 0.03076171875 0.04638671875
48 0.08740234375 0.57373046875 0.03076171875 0.04638671875
53 0.171875 0.5771484375 0.03076171875 0.04638671875
61 0.2138671875 0.578125 0.03076171875 0.04638671875
52 0.25634765625 0.5791015625 0.03076171875 0.04638671875
38 0.29638671875 0.5791015625 0.03076171875 0.04638671875
43 0.33837890625 0.5791015625 0.03076171875 0.04638671875
58 0.37939453125 0.58154296875 0.03076171875 0.04638671875
59 0.421875 0.58154296875 0.03076171875 0.04638671875
49 0.044921875 0.70947265625 0.03076171875 0.04638671875
54 0.12744140625 0.71044921875 0.03076171875 0.04638671875
54 0.251953125 0.7138671875 0.03076171875 0.04638671875
54 0.3349609375 0.71923828125 0.03076171875 0.04638671875
54 0.45947265625 0.7216796875 0.03076171875 0.04638671875
54 0.5849609375 0.724609375 0.03076171875 0.04638671875
54 0.71044921875 0.72802734375 0.03076171875 0.04638671875
54 0.83837890625 0.732421875 0.03076171875 0.04638671875
54 0.96826171875 0.73681640625 0.03076171875 0.04638671875
54 0.87939453125 0.8681640625 0.03076171875 0.04638671875
54 0.7529296875 0.86376953125 0.03076171875 0.04638671875
54 0.625 0.859375 0.03076171875 0.04638671875
54 0.49951171875 0.853515625 0.03076171875 0.04638671875
54 0.3740234375 0.8515625 0.03076171875 0.04638671875
54 0.2470703125 0.84814453125 0.03076171875 0.04638671875
54 0.12158203125 0.8447265625 0.03076171875 0.04638671875
1 0.16845703125 0.71044921875 0.03076171875 0.04638671875
2 0.294921875 0.7138671875 0.03076171875 0.04638671875
3 0.37841796875 0.71728515625 0.03076171875 0.04638671875
4 0.50048828125 0.72021484375 0.03076171875 0.04638671875
5 0.6240234375 0.7236328125 0.03076171875 0.04638671875
6 0.7529296875 0.72705078125 0.03076171875 0.04638671875
7 0.88037109375 0.73388671875 0.03076171875 0.04638671875
2 0.16162109375 0.84375 0.03076171875 0.04638671875
4 0.28955078125 0.84814453125 0.03076171875 0.04638671875
2 0.416015625 0.84912109375 0.03076171875 0.04638671875
5 0.53857421875 0.85498046875 0.03076171875 0.04638671875
6 0.666015625 0.8583984375 0.03076171875 0.04638671875
7 0.7939453125 0.86279296875 0.03076171875 0.04638671875
8 0.921875 0.86376953125 0.03076171875 0.04638671875