53 0.072021484375 0.1142578125 0.04736328125 0.07470703125
55 0.140380859375 0.112060546875 0.0439453125 0.07763671875
59 0.275146484375 0.112060546875 0.04345703125 0.06982421875
56 0.343505859375 0.110595703125 0.04248046875 0.068359375
37 0.409912109375 0.10888671875 0.04443359375 0.06884765625
39 0.476806640625 0.10888671875 0.04443359375 0.06884765625
43 0.543701171875 0.10986328125 0.04638671875 0.0732421875
49 0.07958984375 0.333984375 0.04443359375 0.06884765625
50 0.14697265625 0.3310546875 0.041015625 0.0693359375
51 0.212890625 0.330078125 0.04248046875 0.07080078125
52 0.28125 0.330810546875 0.0390625 0.06787109375
53 0.35009765625 0.331787109375 0.04345703125 0.07080078125
42 0.484375 0.32958984375 0.04345703125 0.06982421875
44 0.55126953125 0.330322265625 0.0439453125 0.07275390625
53 0.681640625 0.328369140625 0.044921875 0.072265625
46 0.74853515625 0.32763671875 0.04296875 0.07177734375
55 0.88720703125 0.329345703125 0.04443359375 0.0703125
56 0.955078125 0.328369140625 0.048828125 0.0712890625
54 0.150634765625 0.441650390625 0.04833984375 0.07470703125
54 0.283203125 0.442138671875 0.044921875 0.0791015625
54 0.41943359375 0.4404296875 0.041015625 0.06689453125
39 0.083740234375 0.5390625 0.0390625 0.05810546875
43 0.15185546875 0.542724609375 0.041015625 0.064453125
41 0.085693359375 0.6533203125 0.04150390625 0.07373046875
43 0.220458984375 0.654052734375 0.04931640625 0.07666015625
45 0.356689453125 0.650146484375 0.044921875 0.07470703125
46 0.48974609375 0.652587890625 0.04833984375 0.07568359375
47 0.62353515625 0.650634765625 0.04736328125 0.07666015625
48 0.7548828125 0.6533203125 0.044921875 0.07470703125
49 0.888671875 0.65234375 0.04150390625 0.07470703125
56 0.154296875 0.761962890625 0.0458984375 0.06689453125
57 0.28857421875 0.760498046875 0.04345703125 0.07080078125
58 0.4248046875 0.7587890625 0.046875 0.0712890625
59 0.5556640625 0.757568359375 0.04345703125 0.06494140625
60 0.6875 0.759521484375 0.0458984375 0.0703125
61 0.82666015625 0.756103515625 0.05078125 0.07470703125
62 0.95556640625 0.757080078125 0.0458984375 0.0712890625
58 0.09375 0.96923828125 0.041015625 0.0615234375
59 0.1591796875 0.9697265625 0.041015625 0.060546875