54 0.21337890625 0.1005859375 0.06982421875 0.103515625
0 0.30126953125 0.09814453125 0.06982421875 0.103515625
52 0.2080078125 0.53271484375 0.06982421875 0.103515625
46 0.39599609375 0.53125 0.06982421875 0.103515625
53 0.57373046875 0.53369140625 0.06982421875 0.103515625
41 0.6708984375 0.53125 0.06982421875 0.103515625
53 0.853515625 0.53271484375 0.06982421875 0.103515625
46 0.94970703125 0.53125 0.06982421875 0.103515625
50 0.955078125 0.6845703125 0.06982421875 0.103515625
60 0.6748046875 0.6806640625 0.06982421875 0.103515625
59 0.5791015625 0.685546875 0.06982421875 0.103515625
61 0.4853515625 0.6806640625 0.06982421875 0.103515625
52 0.3896484375 0.67919921875 0.06982421875 0.103515625
61 0.30029296875 0.6806640625 0.06982421875 0.103515625
50 0.2080078125 0.681640625 0.06982421875 0.103515625
37 0.3056640625 0.5283203125 0.06982421875 0.103515625
37 0.48681640625 0.53271484375 0.06982421875 0.103515625
37 0.765625 0.53271484375 0.06982421875 0.103515625
37 0.765625 0.68310546875 0.06982421875 0.103515625