37 0.09635416666666667 0.36376953125 0.08658854166666667 0.099609375
37 0.103515625 0.5224609375 0.08658854166666667 0.099609375
37 0.10807291666666667 0.67236328125 0.08658854166666667 0.099609375
37 0.11197916666666667 0.830078125 0.08658854166666667 0.099609375
37 0.4850260416666667 0.3564453125 0.08658854166666667 0.099609375
37 0.4934895833333333 0.50732421875 0.08658854166666667 0.099609375
37 0.498046875 0.666015625 0.08658854166666667 0.099609375
37 0.7415364583333334 0.35107421875 0.08658854166666667 0.099609375
37 0.7415364583333334 0.50244140625 0.08658854166666667 0.099609375
37 0.7552083333333334 0.66015625 0.08658854166666667 0.099609375
38 0.3619791666666667 0.35888671875 0.08658854166666667 0.099609375
52 0.365234375 0.51123046875 0.08658854166666667 0.099609375
51 0.3717447916666667 0.67236328125 0.08658854166666667 0.099609375
60 0.6119791666666666 0.353515625 0.08658854166666667 0.099609375
60 0.6165364583333334 0.50634765625 0.08658854166666667 0.099609375
60 0.6302083333333334 0.66015625 0.08658854166666667 0.099609375