37 0.06787109375 0.128173828125 0.01806640625 0.03076171875
38 0.1015625 0.12890625 0.021484375 0.03125
39 0.13525390625 0.127197265625 0.021484375 0.03125
41 0.1669921875 0.12744140625 0.02197265625 0.03369140625
43 0.19873046875 0.12744140625 0.0205078125 0.03369140625
45 0.2314453125 0.127197265625 0.021484375 0.03125
46 0.26513671875 0.12841796875 0.02294921875 0.0341796875
47 0.2978515625 0.126708984375 0.0205078125 0.03515625
48 0.33251953125 0.1279296875 0.0205078125 0.03564453125
49 0.365234375 0.1279296875 0.0224609375 0.0380859375
50 0.397216796875 0.12841796875 0.02197265625 0.03369140625
51 0.432373046875 0.128173828125 0.0224609375 0.033203125
52 0.464111328125 0.127197265625 0.021484375 0.03515625
53 0.498291015625 0.12744140625 0.021484375 0.0341796875
42 0.564697265625 0.12841796875 0.02197265625 0.03515625
44 0.598388671875 0.128662109375 0.021484375 0.03564453125
53 0.665771484375 0.12841796875 0.0224609375 0.03662109375
46 0.698974609375 0.12841796875 0.02001953125 0.03662109375
55 0.767333984375 0.129150390625 0.0224609375 0.0361328125
56 0.801513671875 0.128662109375 0.0244140625 0.0361328125
57 0.833740234375 0.12890625 0.02294921875 0.0361328125
58 0.867919921875 0.12890625 0.02197265625 0.0361328125
59 0.900634765625 0.12890625 0.021484375 0.03369140625
60 0.935791015625 0.131103515625 0.0224609375 0.03759765625
61 0.970458984375 0.131591796875 0.02294921875 0.03564453125
62 0.066162109375 0.181884765625 0.02392578125 0.03759765625
63 0.098876953125 0.18115234375 0.0224609375 0.03369140625
64 0.130615234375 0.181884765625 0.02392578125 0.03662109375
65 0.162841796875 0.18115234375 0.02197265625 0.0361328125
66 0.196533203125 0.181640625 0.0205078125 0.03662109375
54 0.396728515625 0.1826171875 0.02197265625 0.0341796875
54 0.46240234375 0.183349609375 0.02197265625 0.0341796875
54 0.5283203125 0.183837890625 0.02197265625 0.0341796875
40 0.263916015625 0.182373046875 0.02197265625 0.0341796875
40 0.297607421875 0.181396484375 0.02197265625 0.0341796875
40 0.330810546875 0.18310546875 0.02197265625 0.0341796875
40 0.062255859375 0.231689453125 0.0224609375 0.0341796875
33 0.095947265625 0.232177734375 0.0205078125 0.033203125
19 0.128662109375 0.231689453125 0.0244140625 0.03271484375
30 0.160888671875 0.23193359375 0.021484375 0.0341796875
47 0.193603515625 0.231201171875 0.02197265625 0.03564453125
59 0.261474609375 0.232177734375 0.02197265625 0.03369140625
56 0.295654296875 0.231689453125 0.021484375 0.03369140625
37 0.328369140625 0.2314453125 0.0205078125 0.03369140625
39 0.362060546875 0.231689453125 0.0205078125 0.03369140625
43 0.394287109375 0.2314453125 0.021484375 0.0341796875
37 0.059326171875 0.283203125 0.02001953125 0.03369140625
38 0.093017578125 0.283935546875 0.02001953125 0.03369140625
37 0.159423828125 0.28369140625 0.021484375 0.0341796875
38 0.226806640625 0.28369140625 0.02001953125 0.03271484375
39 0.29296875 0.2841796875 0.02001953125 0.033203125
41 0.35888671875 0.285888671875 0.0205078125 0.03515625
43 0.42529296875 0.288818359375 0.02392578125 0.0380859375
45 0.494140625 0.28759765625 0.0205078125 0.0361328125
46 0.56103515625 0.2890625 0.02001953125 0.03759765625
47 0.62890625 0.2900390625 0.01904296875 0.03515625
48 0.6953125 0.289794921875 0.021484375 0.03515625
49 0.763427734375 0.292236328125 0.0224609375 0.041015625
50 0.831298828125 0.29150390625 0.02197265625 0.03564453125
51 0.897705078125 0.291015625 0.02294921875 0.03564453125
52 0.967529296875 0.290771484375 0.02392578125 0.03564453125
53 0.056640625 0.3369140625 0.02392578125 0.03564453125
42 0.125 0.3388671875 0.02294921875 0.033203125
44 0.1572265625 0.33740234375 0.02197265625 0.03515625
53 0.2236328125 0.340087890625 0.0205078125 0.03369140625
46 0.2587890625 0.337646484375 0.02001953125 0.0341796875
55 0.324951171875 0.33984375 0.02294921875 0.03759765625
56 0.391845703125 0.3408203125 0.0205078125 0.03564453125
57 0.459228515625 0.34130859375 0.02294921875 0.03759765625
58 0.526611328125 0.341064453125 0.0224609375 0.03515625
59 0.593505859375 0.341552734375 0.02197265625 0.03662109375
60 0.659912109375 0.34423828125 0.0224609375 0.0341796875
61 0.728271484375 0.3447265625 0.0244140625 0.0390625
62 0.795166015625 0.34521484375 0.021484375 0.0341796875
63 0.86474609375 0.345458984375 0.02392578125 0.03564453125
65 0.053466796875 0.390869140625 0.02490234375 0.03515625
66 0.120361328125 0.39111328125 0.0244140625 0.03173828125
53 0.187255859375 0.444580078125 0.02392578125 0.03564453125
61 0.219970703125 0.444580078125 0.02294921875 0.0380859375
52 0.254150390625 0.444580078125 0.021484375 0.0341796875
38 0.288330078125 0.44384765625 0.02001953125 0.03515625
43 0.322021484375 0.4443359375 0.0205078125 0.0341796875
58 0.354736328125 0.445556640625 0.021484375 0.03662109375
59 0.390380859375 0.446533203125 0.0205078125 0.03564453125
54 0.047607421875 0.554443359375 0.02197265625 0.03515625
54 0.150146484375 0.552978515625 0.02197265625 0.03515625
54 0.251220703125 0.5546875 0.02197265625 0.03515625
54 0.319091796875 0.555908203125 0.02197265625 0.03515625
54 0.420166015625 0.5556640625 0.02197265625 0.03515625
54 0.521728515625 0.556884765625 0.02197265625 0.03515625
54 0.621826171875 0.5576171875 0.02197265625 0.03515625
54 0.7255859375 0.558349609375 0.02197265625 0.03515625
54 0.82861328125 0.56103515625 0.02197265625 0.03515625
54 0.932861328125 0.562255859375 0.02197265625 0.03515625
54 0.144287109375 0.659912109375 0.02197265625 0.03515625
54 0.245361328125 0.6611328125 0.02197265625 0.03515625
54 0.349609375 0.660400390625 0.02197265625 0.03515625
54 0.45166015625 0.6611328125 0.02197265625 0.03515625
54 0.55224609375 0.662353515625 0.02197265625 0.03515625
54 0.65625 0.664794921875 0.02197265625 0.03515625
54 0.75927734375 0.665283203125 0.02197265625 0.03515625
54 0.862548828125 0.667236328125 0.02197265625 0.03515625
0 0.081298828125 0.552734375 0.02197265625 0.03564453125
1 0.182373046875 0.552001953125 0.021484375 0.0361328125
2 0.287353515625 0.5537109375 0.021484375 0.03369140625
3 0.352783203125 0.5546875 0.0224609375 0.03759765625
4 0.452392578125 0.55517578125 0.02197265625 0.03564453125
5 0.554931640625 0.555419921875 0.02001953125 0.0341796875
6 0.658203125 0.558349609375 0.0224609375 0.03662109375
7 0.7587890625 0.557373046875 0.02001953125 0.03369140625
8 0.86083984375 0.559814453125 0.021484375 0.03564453125
8 0.96533203125 0.56005859375 0.01953125 0.03173828125
3 0.179931640625 0.659423828125 0.02197265625 0.03369140625
4 0.281982421875 0.6591796875 0.0205078125 0.03369140625
2 0.38427734375 0.660400390625 0.01953125 0.0341796875
5 0.48583984375 0.662353515625 0.0224609375 0.03759765625
6 0.5888671875 0.662841796875 0.0205078125 0.03662109375
7 0.68994140625 0.663330078125 0.0205078125 0.03662109375
8 0.79296875 0.66552734375 0.021484375 0.0361328125
9 0.898193359375 0.66845703125 0.0224609375 0.0361328125
46 0.0986328125 0.883056640625 0.0244140625 0.0380859375
37 0.1337890625 0.881103515625 0.0205078125 0.0341796875
53 0.16845703125 0.88232421875 0.021484375 0.0361328125
41 0.20263671875 0.88037109375 0.02197265625 0.03515625
37 0.23779296875 0.881103515625 0.021484375 0.03515625
53 0.27197265625 0.881591796875 0.02197265625 0.0380859375
46 0.306640625 0.881591796875 0.0205078125 0.0380859375
61 0.376220703125 0.8837890625 0.02294921875 0.03759765625
52 0.4111328125 0.8828125 0.02197265625 0.0380859375
37 0.447021484375 0.883056640625 0.0224609375 0.03515625
46 0.481201171875 0.885498046875 0.0205078125 0.03857421875
37 0.518798828125 0.886962890625 0.02392578125 0.03857421875
59 0.584228515625 0.8857421875 0.02392578125 0.03369140625
37 0.620849609375 0.88427734375 0.0224609375 0.03369140625
48 0.690185546875 0.889404296875 0.0205078125 0.03662109375
53 0.723876953125 0.887939453125 0.021484375 0.03515625
65 0.759033203125 0.889892578125 0.02490234375 0.041015625
55 0.793701171875 0.888671875 0.02294921875 0.03857421875
61 0.060302734375 0.940185546875 0.021484375 0.03662109375
52 0.0283203125 0.882568359375 0.02197265625 0.0361328125
37 0.0634765625 0.881591796875 0.0224609375 0.03759765625
50 0.025146484375 0.939208984375 0.02294921875 0.03369140625
52 0.095458984375 0.940673828125 0.02490234375 0.03759765625
61 0.130615234375 0.940673828125 0.0205078125 0.03759765625
59 0.165283203125 0.94140625 0.02392578125 0.03857421875
60 0.200927734375 0.94091796875 0.02587890625 0.0390625
37 0.236572265625 0.940185546875 0.02294921875 0.0390625
50 0.30712890625 0.940673828125 0.02294921875 0.03662109375
37 0.341552734375 0.939697265625 0.0244140625 0.0361328125
65 0.37451171875 0.94189453125 0.02294921875 0.041015625
55 0.408935546875 0.94189453125 0.02197265625 0.03857421875
54 0.042236328125 0.6591796875 0.02197265625 0.03515625
1 0.075439453125 0.65771484375 0.021484375 0.0361328125
54 0.03955078125 0.71435546875 0.02197265625 0.03515625
0 0.07421875 0.7138671875 0.02197265625 0.03564453125