37 0.0751953125 0.12109375 0.017578125 0.0302734375
38 0.10888671875 0.12255859375 0.02099609375 0.03076171875
39 0.142578125 0.12158203125 0.02099609375 0.03076171875
41 0.17431640625 0.12255859375 0.021484375 0.033203125
43 0.2060546875 0.12353515625 0.02001953125 0.033203125
45 0.23876953125 0.1240234375 0.02099609375 0.03076171875
46 0.2724609375 0.1259765625 0.0224609375 0.03369140625
47 0.30517578125 0.125 0.02001953125 0.03466796875
48 0.33984375 0.126953125 0.02001953125 0.03515625
49 0.37255859375 0.1279296875 0.02197265625 0.03759765625
50 0.404296875 0.12890625 0.021484375 0.033203125
51 0.439453125 0.12939453125 0.02197265625 0.03271484375
52 0.47119140625 0.12939453125 0.02099609375 0.03466796875
53 0.50537109375 0.13037109375 0.02099609375 0.03369140625
42 0.57177734375 0.1328125 0.021484375 0.03466796875
44 0.60546875 0.1337890625 0.02099609375 0.03515625
53 0.6728515625 0.13525390625 0.02197265625 0.0361328125
46 0.7060546875 0.13623046875 0.01953125 0.0361328125
55 0.7744140625 0.13818359375 0.02197265625 0.03564453125
56 0.80859375 0.138671875 0.02392578125 0.03564453125
57 0.8408203125 0.1396484375 0.0224609375 0.03564453125
58 0.875 0.140625 0.021484375 0.03564453125
59 0.90771484375 0.14111328125 0.02099609375 0.033203125
60 0.94287109375 0.14404296875 0.02197265625 0.037109375
61 0.9775390625 0.1455078125 0.0224609375 0.03515625
62 0.07275390625 0.1748046875 0.0234375 0.037109375
63 0.10546875 0.1748046875 0.02197265625 0.033203125
64 0.13720703125 0.17626953125 0.0234375 0.0361328125
65 0.16943359375 0.17626953125 0.021484375 0.03564453125
66 0.203125 0.177734375 0.02001953125 0.0361328125
54 0.4033203125 0.18310546875 0.021484375 0.03369140625
54 0.46875 0.185546875 0.021484375 0.03369140625
54 0.53466796875 0.1875 0.021484375 0.03369140625
40 0.2705078125 0.1796875 0.021484375 0.03369140625
40 0.30419921875 0.1796875 0.021484375 0.03369140625
40 0.33740234375 0.18212890625 0.021484375 0.03369140625
40 0.068359375 0.224609375 0.02197265625 0.03369140625
33 0.10205078125 0.2255859375 0.02001953125 0.03271484375
19 0.134765625 0.22607421875 0.02392578125 0.0322265625
30 0.1669921875 0.22705078125 0.02099609375 0.03369140625
47 0.19970703125 0.22705078125 0.021484375 0.03515625
59 0.267578125 0.2294921875 0.021484375 0.033203125
56 0.3017578125 0.22998046875 0.02099609375 0.033203125
37 0.33447265625 0.23046875 0.02001953125 0.033203125
39 0.3681640625 0.2314453125 0.02001953125 0.033203125
43 0.400390625 0.23193359375 0.02099609375 0.03369140625
37 0.06494140625 0.27587890625 0.01953125 0.033203125
38 0.0986328125 0.27734375 0.01953125 0.033203125
37 0.1650390625 0.27880859375 0.02099609375 0.03369140625
38 0.232421875 0.2802734375 0.01953125 0.0322265625
39 0.29833984375 0.2822265625 0.01953125 0.03271484375
41 0.3642578125 0.28564453125 0.02001953125 0.03466796875
43 0.4306640625 0.2900390625 0.0234375 0.03759765625
45 0.49951171875 0.29052734375 0.02001953125 0.03564453125
46 0.56640625 0.29345703125 0.01953125 0.037109375
47 0.63427734375 0.2958984375 0.0185546875 0.03466796875
48 0.70068359375 0.29736328125 0.02099609375 0.03466796875
49 0.7685546875 0.30126953125 0.02197265625 0.04052734375
50 0.83642578125 0.30224609375 0.021484375 0.03515625
51 0.90283203125 0.30322265625 0.0224609375 0.03515625
52 0.97265625 0.3046875 0.0234375 0.03515625
53 0.0615234375 0.32958984375 0.0234375 0.03515625
42 0.1298828125 0.3330078125 0.0224609375 0.03271484375
44 0.162109375 0.33251953125 0.021484375 0.03466796875
53 0.228515625 0.33642578125 0.02001953125 0.033203125
46 0.263671875 0.3349609375 0.01953125 0.03369140625
55 0.32958984375 0.3388671875 0.0224609375 0.037109375
56 0.396484375 0.34130859375 0.02001953125 0.03515625
57 0.4638671875 0.34326171875 0.0224609375 0.037109375
58 0.53125 0.3447265625 0.02197265625 0.03466796875
59 0.59814453125 0.3466796875 0.021484375 0.0361328125
60 0.66455078125 0.35107421875 0.02197265625 0.03369140625
61 0.73291015625 0.35302734375 0.02392578125 0.03857421875
62 0.7998046875 0.35498046875 0.02099609375 0.03369140625
63 0.869140625 0.35693359375 0.0234375 0.03515625
65 0.0576171875 0.38330078125 0.0244140625 0.03466796875
66 0.12451171875 0.38525390625 0.02392578125 0.03125
53 0.19091796875 0.4404296875 0.0234375 0.03515625
61 0.2236328125 0.44091796875 0.0224609375 0.03759765625
52 0.2578125 0.44189453125 0.02099609375 0.03369140625
38 0.2919921875 0.44189453125 0.01953125 0.03466796875
43 0.32568359375 0.443359375 0.02001953125 0.03369140625
58 0.3583984375 0.4453125 0.02099609375 0.0361328125
59 0.39404296875 0.44677734375 0.02001953125 0.03515625
54 0.0498046875 0.546875 0.021484375 0.03466796875
54 0.15234375 0.5478515625 0.021484375 0.03466796875
54 0.25341796875 0.5517578125 0.021484375 0.03466796875
54 0.3212890625 0.5546875 0.021484375 0.03466796875
54 0.42236328125 0.556640625 0.021484375 0.03466796875
54 0.52392578125 0.560546875 0.021484375 0.03466796875
54 0.6240234375 0.5634765625 0.021484375 0.03466796875
54 0.7275390625 0.56640625 0.021484375 0.03466796875
54 0.83056640625 0.57177734375 0.021484375 0.03466796875
54 0.93505859375 0.5751953125 0.021484375 0.03466796875
54 0.1455078125 0.65478515625 0.021484375 0.03466796875
54 0.24658203125 0.658203125 0.021484375 0.03466796875
54 0.3505859375 0.65966796875 0.021484375 0.03466796875
54 0.45263671875 0.6630859375 0.021484375 0.03466796875
54 0.55322265625 0.66650390625 0.021484375 0.03466796875
54 0.6572265625 0.67138671875 0.021484375 0.03466796875
54 0.76025390625 0.67431640625 0.021484375 0.03466796875
54 0.86328125 0.6787109375 0.021484375 0.03466796875
0 0.08349609375 0.5458984375 0.021484375 0.03515625
1 0.1845703125 0.54736328125 0.02099609375 0.03564453125
2 0.28955078125 0.5517578125 0.02099609375 0.033203125
3 0.35498046875 0.55419921875 0.02197265625 0.037109375
4 0.45458984375 0.55712890625 0.021484375 0.03515625
5 0.55712890625 0.5595703125 0.01953125 0.03369140625
6 0.66015625 0.56494140625 0.02197265625 0.0361328125
7 0.7607421875 0.56640625 0.01953125 0.033203125
8 0.86279296875 0.5712890625 0.02099609375 0.03515625
8 0.96728515625 0.57373046875 0.01904296875 0.03125
3 0.18115234375 0.65478515625 0.021484375 0.033203125
4 0.283203125 0.6572265625 0.02001953125 0.033203125
2 0.38525390625 0.66064453125 0.01904296875 0.03369140625
5 0.48681640625 0.6650390625 0.02197265625 0.037109375
6 0.58984375 0.66796875 0.02001953125 0.0361328125
7 0.69091796875 0.6708984375 0.02001953125 0.0361328125
8 0.7939453125 0.67529296875 0.02099609375 0.03564453125
9 0.89892578125 0.6806640625 0.02197265625 0.03564453125
46 0.09716796875 0.87646484375 0.02392578125 0.03759765625
37 0.13232421875 0.87548828125 0.02001953125 0.03369140625
53 0.1669921875 0.87744140625 0.02099609375 0.03564453125
41 0.201171875 0.87646484375 0.021484375 0.03466796875
37 0.236328125 0.8779296875 0.02099609375 0.03466796875
53 0.2705078125 0.87939453125 0.021484375 0.03759765625
46 0.30517578125 0.8798828125 0.02001953125 0.03759765625
61 0.37451171875 0.8837890625 0.0224609375 0.037109375
52 0.40966796875 0.8837890625 0.021484375 0.03759765625
37 0.4453125 0.884765625 0.02197265625 0.03466796875
46 0.4794921875 0.88818359375 0.02001953125 0.0380859375
37 0.51708984375 0.89013671875 0.0234375 0.0380859375
59 0.58251953125 0.890625 0.0234375 0.033203125
37 0.619140625 0.89013671875 0.02197265625 0.033203125
48 0.6884765625 0.89697265625 0.02001953125 0.0361328125
53 0.72216796875 0.89599609375 0.02099609375 0.03466796875
65 0.75732421875 0.89892578125 0.0244140625 0.04052734375
55 0.7919921875 0.8984375 0.0224609375 0.0380859375
61 0.05810546875 0.93310546875 0.02099609375 0.0361328125
52 0.02685546875 0.87451171875 0.021484375 0.03564453125
37 0.06201171875 0.87451171875 0.02197265625 0.037109375
50 0.02294921875 0.93115234375 0.0224609375 0.033203125
52 0.09326171875 0.93408203125 0.0244140625 0.037109375
61 0.12841796875 0.93505859375 0.02001953125 0.037109375
59 0.1630859375 0.9365234375 0.0234375 0.0380859375
60 0.19873046875 0.93701171875 0.025390625 0.03857421875
37 0.234375 0.93701171875 0.0224609375 0.03857421875
50 0.3046875 0.93896484375 0.0224609375 0.0361328125
37 0.33935546875 0.93896484375 0.02392578125 0.03564453125
65 0.3720703125 0.94189453125 0.0224609375 0.04052734375
55 0.40673828125 0.94287109375 0.021484375 0.0380859375
54 0.04345703125 0.6513671875 0.021484375 0.03466796875
1 0.07666015625 0.65087890625 0.02099609375 0.03564453125
54 0.0400390625 0.70654296875 0.021484375 0.03466796875
0 0.07470703125 0.70703125 0.021484375 0.03515625