22 0.24658203125 0.142578125 0.04931640625 0.07861328125
40 0.18115234375 0.1435546875 0.04931640625 0.07861328125
43 0.31298828125 0.144287109375 0.04931640625 0.07861328125
60 0.37841796875 0.143310546875 0.04931640625 0.07861328125
60 0.44384765625 0.145263671875 0.04931640625 0.07861328125
43 0.50927734375 0.14697265625 0.04931640625 0.07861328125
58 0.5771484375 0.14990234375 0.04931640625 0.07861328125
59 0.6455078125 0.151611328125 0.04931640625 0.07861328125
37 0.17578125 0.3583984375 0.04931640625 0.07861328125
38 0.23583984375 0.35888671875 0.04931640625 0.07861328125
39 0.3076171875 0.361572265625 0.04931640625 0.07861328125
41 0.3720703125 0.362060546875 0.04931640625 0.07861328125
43 0.43701171875 0.3623046875 0.04931640625 0.07861328125
46 0.57080078125 0.37109375 0.04931640625 0.07861328125
45 0.5 0.36572265625 0.04931640625 0.07861328125
47 0.64013671875 0.370361328125 0.04931640625 0.07861328125
48 0.7080078125 0.369384765625 0.04931640625 0.07861328125
49 0.77880859375 0.373779296875 0.04931640625 0.07861328125
50 0.84423828125 0.37548828125 0.04931640625 0.07861328125
51 0.91064453125 0.38134765625 0.04931640625 0.07861328125
53 0.78173828125 0.152099609375 0.04931640625 0.07861328125
55 0.84521484375 0.154296875 0.04931640625 0.07861328125
62 0.16796875 0.46630859375 0.04931640625 0.07861328125
63 0.23583984375 0.466796875 0.04931640625 0.07861328125
64 0.30126953125 0.465576171875 0.04931640625 0.07861328125
65 0.36376953125 0.473876953125 0.04931640625 0.07861328125
66 0.4345703125 0.4716796875 0.04931640625 0.07861328125
40 0.16357421875 0.5673828125 0.04931640625 0.07861328125
33 0.23046875 0.567626953125 0.04931640625 0.07861328125
48 0.2958984375 0.569580078125 0.04931640625 0.07861328125
60 0.35986328125 0.573974609375 0.04931640625 0.07861328125
47 0.42919921875 0.5771484375 0.04931640625 0.07861328125
37 0.15966796875 0.67529296875 0.04931640625 0.07861328125
38 0.22509765625 0.675537109375 0.04931640625 0.07861328125
37 0.35986328125 0.680908203125 0.04931640625 0.07861328125
38 0.49462890625 0.68408203125 0.04931640625 0.07861328125
53 0.15283203125 0.78466796875 0.04931640625 0.07861328125
42 0.2890625 0.786865234375 0.04931640625 0.07861328125
44 0.35693359375 0.791259765625 0.04931640625 0.07861328125
53 0.4892578125 0.79736328125 0.04931640625 0.07861328125
46 0.55859375 0.800048828125 0.04931640625 0.07861328125
65 0.15185546875 0.892578125 0.04931640625 0.07861328125
66 0.28369140625 0.898681640625 0.04931640625 0.07861328125
55 0.6904296875 0.8076171875 0.04931640625 0.07861328125
56 0.82666015625 0.8125 0.04931640625 0.07861328125
57 0.96435546875 0.817626953125 0.04931640625 0.07861328125
43 0.90283203125 0.705078125 0.04931640625 0.07861328125
41 0.76953125 0.69873046875 0.04931640625 0.07861328125
39 0.62548828125 0.684814453125 0.04931640625 0.07861328125
59 0.56396484375 0.583251953125 0.04931640625 0.07861328125
56 0.6318359375 0.583740234375 0.04931640625 0.07861328125
37 0.701171875 0.584228515625 0.04931640625 0.07861328125
39 0.7705078125 0.58544921875 0.04931640625 0.07861328125
43 0.83984375 0.58984375 0.04931640625 0.07861328125
54 0.84130859375 0.49267578125 0.04931640625 0.07861328125
40 0.70556640625 0.485595703125 0.04931640625 0.07861328125
40 0.634765625 0.482177734375 0.04931640625 0.07861328125
40 0.5693359375 0.47802734375 0.04931640625 0.07861328125