65 0.1884765625 0.100341796875 0.0537109375 0.087890625
66 0.3486328125 0.095703125 0.052734375 0.0830078125
40 0.192138671875 0.228271484375 0.0537109375 0.08642578125
53 0.270263671875 0.22900390625 0.0556640625 0.0888671875
19 0.351806640625 0.22607421875 0.048828125 0.08349609375
53 0.513427734375 0.22021484375 0.05224609375 0.08642578125
61 0.599365234375 0.2158203125 0.05712890625 0.08447265625
52 0.677001953125 0.21435546875 0.05224609375 0.08447265625
38 0.759033203125 0.21240234375 0.052734375 0.087890625
43 0.843994140625 0.20751953125 0.05126953125 0.0859375
58 0.927490234375 0.20654296875 0.05224609375 0.087890625
54 0.19384765625 0.493896484375 0.052734375 0.087890625
54 0.443359375 0.484619140625 0.05224609375 0.0859375
54 0.682861328125 0.47705078125 0.05126953125 0.08447265625
54 0.847412109375 0.47265625 0.05517578125 0.0849609375
54 0.1982421875 0.749267578125 0.0556640625 0.09130859375
54 0.44482421875 0.742919921875 0.05224609375 0.0849609375
54 0.69189453125 0.736083984375 0.0537109375 0.08740234375
54 0.9443359375 0.729736328125 0.052734375 0.087890625
54 0.199951171875 0.885498046875 0.05078125 0.0859375
0 0.27490234375 0.491455078125 0.05126953125 0.0888671875
1 0.51806640625 0.4853515625 0.0498046875 0.087890625
2 0.763916015625 0.47509765625 0.05078125 0.0830078125
3 0.928466796875 0.46875 0.05517578125 0.08203125
1 0.275390625 0.745849609375 0.048828125 0.08740234375
3 0.52392578125 0.739013671875 0.05419921875 0.0849609375
4 0.77197265625 0.734130859375 0.05126953125 0.0830078125
0 0.281494140625 0.880615234375 0.05126953125 0.087890625