41 0.037109375 0.6181640625 0.05419921875 0.08544921875
37 0.1337890625 0.6162109375 0.056640625 0.08740234375
53 0.2216796875 0.61865234375 0.056640625 0.0908203125
46 0.31396484375 0.61865234375 0.05419921875 0.09326171875
61 0.50341796875 0.62158203125 0.06201171875 0.09423828125
52 0.59228515625 0.62109375 0.05517578125 0.09521484375
37 0.68701171875 0.6220703125 0.05859375 0.09521484375
46 0.78515625 0.62255859375 0.056640625 0.09619140625
37 0.8759765625 0.62353515625 0.05859375 0.09521484375
60 0.0361328125 0.7724609375 0.056640625 0.09765625
37 0.12744140625 0.77099609375 0.05859375 0.09521484375
50 0.31396484375 0.77392578125 0.05859375 0.09619140625
37 0.4111328125 0.7724609375 0.0576171875 0.09765625
65 0.49853515625 0.77392578125 0.06103515625 0.0986328125
55 0.59228515625 0.7734375 0.0576171875 0.10400390625