53 0.07833333333333334 0.10666666666666667 0.04555666666666666 0.07333333333333333
55 0.14666666666666667 0.105 0.042223333333333335 0.07666666666666666
59 0.28111 0.10666666666666667 0.042223333333333335 0.06888999999999999
56 0.34944333333333333 0.10611 0.04111 0.06777666666666667
37 0.41611 0.105 0.043333333333333335 0.06777666666666667
39 0.48277666666666663 0.10611 0.043333333333333335 0.06777666666666667
43 0.55 0.10722333333333334 0.044443333333333335 0.07222333333333333
49 0.08055666666666667 0.32611 0.043333333333333335 0.06777666666666667
50 0.14777666666666667 0.32444333333333336 0.04 0.06888999999999999
51 0.21389 0.32389 0.04111 0.07
52 0.2822233333333333 0.325 0.03777666666666667 0.06777666666666667
53 0.35111 0.3272233333333333 0.042223333333333335 0.07
42 0.4855566666666667 0.32666666666666666 0.042223333333333335 0.06888999999999999
44 0.5522233333333334 0.3283333333333333 0.042223333333333335 0.07222333333333333
53 0.6827766666666666 0.32777666666666666 0.043333333333333335 0.07111
46 0.7494433333333334 0.32777666666666666 0.04111 0.07111
55 0.8883333333333333 0.33111 0.043333333333333335 0.06888999999999999
56 0.95611 0.33055666666666667 0.04777666666666667 0.07
54 0.14889 0.4344433333333333 0.04666666666666667 0.07333333333333333
54 0.2816666666666667 0.43666666666666665 0.043333333333333335 0.07777666666666667
54 0.41777666666666663 0.43666666666666665 0.04 0.06666666666666667
39 0.08 0.53111 0.03777666666666667 0.05777666666666667
43 0.14777666666666667 0.5355566666666667 0.04 0.06444333333333334
41 0.07889 0.6455566666666667 0.04 0.07333333333333333
43 0.21389 0.6477766666666667 0.04777666666666667 0.07555666666666666
45 0.3505566666666667 0.6455566666666667 0.043333333333333335 0.07333333333333333
46 0.48333333333333334 0.6494433333333333 0.04666666666666667 0.07444333333333333
47 0.6172233333333333 0.6488900000000001 0.04555666666666666 0.07555666666666666
48 0.7483333333333333 0.6533333333333333 0.043333333333333335 0.07333333333333333
49 0.8822233333333334 0.65389 0.04 0.07444333333333333
56 0.14555666666666667 0.755 0.044443333333333335 0.06555666666666667
57 0.28 0.755 0.042223333333333335 0.07
58 0.41611 0.755 0.04555666666666666 0.07
59 0.5466666666666666 0.7555566666666667 0.042223333333333335 0.06444333333333334
60 0.67889 0.7588900000000001 0.044443333333333335 0.06888999999999999
61 0.8177766666666666 0.7566666666666667 0.048889999999999996 0.07333333333333333
62 0.9466666666666667 0.7594433333333334 0.044443333333333335 0.07
58 0.08 0.9655566666666667 0.04 0.06888999999999999
59 0.14555666666666667 0.96611 0.04 0.06777666666666667