65 0.18212890625 0.10791015625 0.0546875 0.0888671875
66 0.342041015625 0.102294921875 0.0537109375 0.083984375
40 0.188720703125 0.23583984375 0.0546875 0.08740234375
53 0.266845703125 0.236083984375 0.056640625 0.08984375
19 0.348388671875 0.232666015625 0.0498046875 0.08447265625
53 0.509765625 0.225830078125 0.05322265625 0.08740234375
61 0.595703125 0.220947265625 0.05810546875 0.08544921875
52 0.67333984375 0.218994140625 0.05322265625 0.08544921875
38 0.75537109375 0.216796875 0.0537109375 0.0888671875
43 0.840087890625 0.21142578125 0.05224609375 0.0869140625
58 0.923583984375 0.2099609375 0.05322265625 0.0888671875
54 0.19677734375 0.501708984375 0.0537109375 0.0888671875
54 0.446044921875 0.490966796875 0.05322265625 0.0869140625
54 0.685302734375 0.481689453125 0.05224609375 0.08544921875
54 0.849609375 0.476318359375 0.05615234375 0.0859375
54 0.20703125 0.7568359375 0.056640625 0.09228515625
54 0.45361328125 0.7490234375 0.05322265625 0.0859375
54 0.700439453125 0.740966796875 0.0546875 0.08837890625
54 0.952880859375 0.733154296875 0.0537109375 0.0888671875
54 0.2119140625 0.89306640625 0.0517578125 0.0869140625
0 0.27783203125 0.498779296875 0.05224609375 0.08984375
1 0.520751953125 0.490966796875 0.05078125 0.0888671875
2 0.76611328125 0.479248046875 0.0517578125 0.083984375
3 0.9306640625 0.471923828125 0.05615234375 0.0830078125
1 0.2841796875 0.753173828125 0.0498046875 0.08837890625
3 0.532470703125 0.744873046875 0.05517578125 0.0859375
4 0.780517578125 0.738525390625 0.05224609375 0.083984375
0 0.293212890625 0.8876953125 0.05224609375 0.0888671875