54 0.219970703125 0.096923828125 0.072265625 0.10498046875
0 0.307861328125 0.096435546875 0.072265625 0.10498046875
52 0.204345703125 0.52880859375 0.072265625 0.10498046875
46 0.392333984375 0.53173828125 0.072265625 0.10498046875
53 0.570068359375 0.538330078125 0.072265625 0.10498046875
41 0.667236328125 0.5380859375 0.072265625 0.10498046875
53 0.849609375 0.543701171875 0.072265625 0.10498046875
46 0.94580078125 0.544677734375 0.072265625 0.10498046875
50 0.947998046875 0.697998046875 0.072265625 0.10498046875
60 0.667724609375 0.6875 0.072265625 0.10498046875
59 0.572021484375 0.6904296875 0.072265625 0.10498046875
61 0.478271484375 0.68310546875 0.072265625 0.10498046875
52 0.382568359375 0.679443359375 0.072265625 0.10498046875
61 0.293212890625 0.678955078125 0.072265625 0.10498046875
50 0.200927734375 0.677734375 0.072265625 0.10498046875
37 0.302001953125 0.526611328125 0.072265625 0.10498046875
37 0.483154296875 0.535400390625 0.072265625 0.10498046875
37 0.76171875 0.541748046875 0.072265625 0.10498046875
37 0.758544921875 0.692138671875 0.072265625 0.10498046875