53 0.06982421875 0.2919921875 0.05322265625 0.083984375
61 0.15185546875 0.28955078125 0.05859375 0.0830078125
52 0.228515625 0.28515625 0.04736328125 0.0830078125
38 0.30810546875 0.283203125 0.04736328125 0.08203125
43 0.38623046875 0.28369140625 0.0517578125 0.0810546875
58 0.46533203125 0.28125 0.05078125 0.07763671875
59 0.54443359375 0.279296875 0.04638671875 0.0810546875
54 0.24169921875 0.54052734375 0.0498046875 0.07666015625
54 0.39892578125 0.53466796875 0.05078125 0.08203125
54 0.6337890625 0.52685546875 0.0498046875 0.08203125
54 0.86572265625 0.51904296875 0.05078125 0.07958984375
54 0.24609375 0.79150390625 0.056640625 0.08544921875
54 0.4853515625 0.77783203125 0.048828125 0.08203125
54 0.724609375 0.771484375 0.048828125 0.08544921875
54 0.96240234375 0.763671875 0.048828125 0.08544921875
2 0.31787109375 0.53662109375 0.05078125 0.0751953125
3 0.474609375 0.529296875 0.04638671875 0.07666015625
4 0.703125 0.525390625 0.05078125 0.08203125
5 0.94580078125 0.51611328125 0.05322265625 0.08544921875
4 0.32568359375 0.78466796875 0.04638671875 0.08203125
2 0.56201171875 0.77685546875 0.04443359375 0.07958984375
3 0.79736328125 0.767578125 0.0498046875 0.08642578125