40 0.09619140625 0.07470703125 0.02783203125 0.04931640625
22 0.13916015625 0.07421875 0.02880859375 0.05078125
14 0.18505859375 0.0751953125 0.03125 0.0537109375
30 0.2314453125 0.07568359375 0.02880859375 0.05078125
30 0.27880859375 0.07568359375 0.02783203125 0.04931640625
14 0.32666015625 0.07470703125 0.029296875 0.05126953125
28 0.37353515625 0.07763671875 0.0263671875 0.04541015625
29 0.42138671875 0.07666015625 0.0302734375 0.0458984375
53 0.517578125 0.0791015625 0.029296875 0.04833984375
55 0.56494140625 0.0791015625 0.03173828125 0.04931640625
59 0.66455078125 0.08154296875 0.0322265625 0.05029296875
56 0.712890625 0.080078125 0.03125 0.0498046875
37 0.7626953125 0.08251953125 0.033203125 0.0498046875
39 0.81201171875 0.0810546875 0.0302734375 0.04931640625
43 0.85986328125 0.083984375 0.02880859375 0.05029296875
37 0.08837890625 0.224609375 0.0322265625 0.044921875
38 0.1337890625 0.2255859375 0.0283203125 0.04541015625
39 0.18017578125 0.22705078125 0.02783203125 0.04443359375
41 0.2265625 0.2294921875 0.0283203125 0.04833984375
43 0.27294921875 0.23046875 0.0322265625 0.04833984375
45 0.322265625 0.23193359375 0.02685546875 0.04833984375
46 0.3701171875 0.23486328125 0.02685546875 0.04833984375
47 0.41455078125 0.23583984375 0.0283203125 0.0498046875
48 0.4638671875 0.236328125 0.02783203125 0.0478515625
49 0.5126953125 0.23828125 0.02587890625 0.0498046875
50 0.55810546875 0.23828125 0.02587890625 0.04833984375
51 0.60888671875 0.240234375 0.0263671875 0.04443359375
52 0.6572265625 0.24072265625 0.03173828125 0.046875
53 0.70703125 0.2421875 0.0283203125 0.05029296875
42 0.8046875 0.24462890625 0.0263671875 0.0478515625
44 0.8525390625 0.24609375 0.03076171875 0.05029296875
53 0.95166015625 0.24853515625 0.03125 0.0576171875
62 0.08251953125 0.30224609375 0.03173828125 0.0478515625
63 0.13037109375 0.30419921875 0.0302734375 0.05078125
64 0.1767578125 0.30712890625 0.03125 0.05419921875
65 0.22265625 0.3076171875 0.03125 0.052734375
66 0.27099609375 0.3076171875 0.03076171875 0.04833984375
54 0.5576171875 0.3173828125 0.02880859375 0.0478515625
54 0.65478515625 0.3212890625 0.03173828125 0.0478515625
54 0.75146484375 0.3251953125 0.03076171875 0.04931640625
40 0.3681640625 0.31201171875 0.02880859375 0.0478515625
40 0.41455078125 0.3134765625 0.02880859375 0.0478515625
40 0.46142578125 0.314453125 0.02880859375 0.0478515625
40 0.0791015625 0.37744140625 0.0283203125 0.04736328125
33 0.12646484375 0.37744140625 0.033203125 0.04931640625
19 0.173828125 0.376953125 0.03369140625 0.0458984375
30 0.22119140625 0.38037109375 0.03173828125 0.0498046875
18 0.26806640625 0.38330078125 0.029296875 0.0498046875
59 0.36328125 0.38525390625 0.0302734375 0.0458984375
56 0.41259765625 0.38720703125 0.03173828125 0.04931640625
37 0.45947265625 0.3876953125 0.03125 0.04931640625
39 0.5078125 0.38818359375 0.0302734375 0.046875
43 0.55615234375 0.39111328125 0.02685546875 0.0458984375
37 0.07666015625 0.453125 0.029296875 0.04833984375
38 0.12353515625 0.453125 0.029296875 0.0478515625
37 0.21923828125 0.45751953125 0.029296875 0.04833984375
38 0.3125 0.45947265625 0.02685546875 0.0478515625
39 0.40869140625 0.46337890625 0.0302734375 0.0478515625
41 0.50390625 0.46923828125 0.0283203125 0.05517578125
43 0.59912109375 0.470703125 0.0302734375 0.05224609375
45 0.697265625 0.47509765625 0.0302734375 0.052734375
46 0.7939453125 0.47900390625 0.0302734375 0.05419921875
47 0.892578125 0.482421875 0.0283203125 0.05126953125
53 0.072265625 0.53173828125 0.03173828125 0.04931640625
42 0.16845703125 0.53369140625 0.03125 0.046875
44 0.21484375 0.53515625 0.03125 0.048828125
53 0.310546875 0.5390625 0.03125 0.04931640625
46 0.35888671875 0.53955078125 0.03076171875 0.0498046875
55 0.4541015625 0.54541015625 0.03125 0.04931640625
56 0.54931640625 0.5478515625 0.0302734375 0.04931640625
57 0.64501953125 0.55078125 0.0283203125 0.0498046875
58 0.7421875 0.55419921875 0.02880859375 0.048828125
59 0.84033203125 0.55810546875 0.0341796875 0.0498046875
60 0.935546875 0.55859375 0.03125 0.048828125
65 0.068359375 0.607421875 0.03369140625 0.0498046875
66 0.16455078125 0.6103515625 0.0361328125 0.05029296875
53 0.25732421875 0.6875 0.03271484375 0.04736328125
61 0.3046875 0.68896484375 0.03076171875 0.04931640625
52 0.353515625 0.6884765625 0.03076171875 0.04736328125
38 0.40283203125 0.69091796875 0.03173828125 0.05126953125
43 0.45068359375 0.6943359375 0.02685546875 0.05126953125
58 0.49658203125 0.69580078125 0.029296875 0.048828125
59 0.54638671875 0.69775390625 0.03125 0.0498046875
54 0.060546875 0.83837890625 0.029296875 0.048828125
54 0.20654296875 0.84033203125 0.03076171875 0.05126953125
54 0.349609375 0.84716796875 0.03271484375 0.05224609375
54 0.44580078125 0.849609375 0.03271484375 0.0498046875
54 0.587890625 0.85400390625 0.03271484375 0.0517578125
54 0.73388671875 0.86083984375 0.0302734375 0.0517578125
54 0.87939453125 0.8681640625 0.03271484375 0.0517578125
0 0.111328125 0.83935546875 0.03271484375 0.05126953125
1 0.25341796875 0.84033203125 0.0302734375 0.0478515625
2 0.3984375 0.84765625 0.02880859375 0.05224609375
3 0.49365234375 0.8505859375 0.02783203125 0.0517578125
4 0.6357421875 0.85546875 0.03076171875 0.0517578125
5 0.78076171875 0.86083984375 0.0302734375 0.05126953125
6 0.92822265625 0.87060546875 0.03271484375 0.05126953125