60 0.0654296875 0.1484375 0.041015625 0.06298828125
60 0.12744140625 0.150390625 0.03955078125 0.06298828125
43 0.193359375 0.15087890625 0.04052734375 0.06787109375
58 0.2578125 0.15380859375 0.04296875 0.0673828125
59 0.3232421875 0.1533203125 0.0419921875 0.06494140625
53 0.45068359375 0.15771484375 0.04052734375 0.064453125
55 0.51416015625 0.1572265625 0.0390625 0.06298828125
59 0.650390625 0.1650390625 0.04296875 0.06787109375
56 0.71484375 0.1640625 0.041015625 0.068359375
37 0.77978515625 0.166015625 0.03662109375 0.06494140625
39 0.849609375 0.16748046875 0.03759765625 0.0625
43 0.91259765625 0.16796875 0.04052734375 0.0703125
41 0.05615234375 0.35546875 0.03564453125 0.06396484375
43 0.119140625 0.3564453125 0.03759765625 0.060546875
45 0.18603515625 0.36083984375 0.0419921875 0.06396484375
46 0.2490234375 0.36083984375 0.03955078125 0.06494140625
47 0.3134765625 0.3642578125 0.03662109375 0.0625
48 0.38134765625 0.36962890625 0.04052734375 0.0625
49 0.44580078125 0.37255859375 0.03955078125 0.06640625
50 0.50830078125 0.37353515625 0.03564453125 0.064453125
51 0.5732421875 0.37353515625 0.037109375 0.068359375
52 0.64013671875 0.376953125 0.041015625 0.06494140625
53 0.705078125 0.3798828125 0.0390625 0.06396484375
42 0.8388671875 0.38427734375 0.04638671875 0.0693359375
44 0.9033203125 0.38525390625 0.0419921875 0.0693359375
65 0.05078125 0.462890625 0.04248046875 0.0673828125
66 0.11328125 0.462890625 0.041015625 0.06640625
54 0.50537109375 0.4814453125 0.04052734375 0.06298828125
54 0.6357421875 0.48291015625 0.04052734375 0.0673828125
54 0.76611328125 0.4892578125 0.0439453125 0.06396484375
40 0.24853515625 0.47021484375 0.04052734375 0.06298828125
40 0.31201171875 0.47265625 0.04052734375 0.06298828125
40 0.37548828125 0.47802734375 0.04052734375 0.06298828125
60 0.04296875 0.56640625 0.04443359375 0.06787109375
47 0.1123046875 0.56689453125 0.04052734375 0.0673828125
59 0.2431640625 0.57177734375 0.04443359375 0.06396484375
56 0.30810546875 0.57373046875 0.041015625 0.0673828125
37 0.37109375 0.57373046875 0.041015625 0.06591796875
39 0.43603515625 0.5771484375 0.04296875 0.06787109375
43 0.5029296875 0.5791015625 0.0390625 0.06640625
37 0.03759765625 0.67041015625 0.03759765625 0.06640625
38 0.17041015625 0.67333984375 0.03759765625 0.06640625
39 0.30419921875 0.67529296875 0.03759765625 0.06640625
41 0.43359375 0.6845703125 0.03759765625 0.06640625
43 0.56201171875 0.6865234375 0.03759765625 0.06640625
45 0.69580078125 0.69287109375 0.03759765625 0.06640625
46 0.82666015625 0.69873046875 0.03759765625 0.06640625
47 0.9599609375 0.7060546875 0.03759765625 0.06640625
53 0.03515625 0.77294921875 0.03759765625 0.06640625
53 0.166015625 0.77880859375 0.03759765625 0.06640625
46 0.23388671875 0.78125 0.03759765625 0.06640625
55 0.36328125 0.7880859375 0.03759765625 0.06640625
56 0.494140625 0.7919921875 0.03759765625 0.06640625
57 0.6240234375 0.794921875 0.03759765625 0.06640625
58 0.75439453125 0.80029296875 0.03759765625 0.06640625
59 0.8876953125 0.8076171875 0.03759765625 0.06640625