7 0.300048828125 0.510986328125 0.05517578125 0.095703125
54 0.221435546875 0.51416015625 0.05517578125 0.09228515625
54 0.46435546875 0.496337890625 0.05517578125 0.09228515625
8 0.54443359375 0.493408203125 0.05517578125 0.09228515625
54 0.707763671875 0.483642578125 0.05517578125 0.09228515625
9 0.78759765625 0.4775390625 0.05517578125 0.09228515625
9 0.645263671875 0.73681640625 0.05517578125 0.09228515625
54 0.568603515625 0.7431640625 0.05517578125 0.09228515625
8 0.4052734375 0.752685546875 0.05517578125 0.09228515625
54 0.322509765625 0.765869140625 0.05517578125 0.09228515625
7 0.155517578125 0.768798828125 0.05517578125 0.09228515625
54 0.076416015625 0.780029296875 0.05517578125 0.09228515625
45 0.054931640625 0.52197265625 0.05517578125 0.09228515625