53 0.06787109375 0.300048828125 0.05517578125 0.08544921875
61 0.14990234375 0.296630859375 0.060546875 0.08447265625
52 0.2265625 0.291259765625 0.04931640625 0.08447265625
38 0.30615234375 0.288330078125 0.04931640625 0.08349609375
43 0.38427734375 0.287841796875 0.0537109375 0.08251953125
58 0.463134765625 0.28466796875 0.052734375 0.0791015625
59 0.542236328125 0.28173828125 0.04833984375 0.08251953125
54 0.24560546875 0.54638671875 0.0517578125 0.078125
54 0.40283203125 0.538818359375 0.052734375 0.08349609375
54 0.63720703125 0.528076171875 0.0517578125 0.08349609375
54 0.868896484375 0.517822265625 0.052734375 0.0810546875
54 0.255859375 0.79736328125 0.05859375 0.0869140625
54 0.494873046875 0.781005859375 0.05078125 0.08349609375
54 0.733642578125 0.771728515625 0.05078125 0.0869140625
54 0.971435546875 0.76123046875 0.05078125 0.0869140625
2 0.32177734375 0.541748046875 0.052734375 0.07666015625
3 0.478271484375 0.532470703125 0.04833984375 0.078125
4 0.70654296875 0.52587890625 0.052734375 0.08349609375
5 0.948974609375 0.513916015625 0.05517578125 0.0869140625
4 0.335205078125 0.78955078125 0.04833984375 0.08349609375
2 0.5712890625 0.779052734375 0.04638671875 0.0810546875
3 0.806396484375 0.76708984375 0.0517578125 0.087890625