54 0.01817 0.061889999999999994 0.03633666666666667 0.06027666666666667
2 0.06773666666666667 0.06279 0.03633666666666667 0.06027666666666667
54 0.11099333333333333 0.06099 0.03633666666666667 0.06027666666666667
3 0.15965666666666667 0.06639333333333333 0.03633666666666667 0.06027666666666667
54 0.15335000000000001 0.20957 0.03633666666666667 0.06027666666666667
2 0.20021333333333333 0.21407333333333334 0.03633666666666667 0.06027666666666667
54 0.2515833333333333 0.06459333333333334 0.03633666666666667 0.06027666666666667
5 0.33990000000000004 0.21497333333333332 0.03633666666666667 0.06027666666666667
4 0.2975433333333333 0.06909666666666667 0.03633666666666667 0.06027666666666667
54 0.29394000000000003 0.21497333333333332 0.03633666666666667 0.06027666666666667
54 0.39127 0.06729666666666666 0.03633666666666667 0.06027666666666667
5 0.43633 0.0718 0.03633666666666667 0.06027666666666667
54 0.43182333333333334 0.21587666666666666 0.03633666666666667 0.06027666666666667
6 0.4804866666666667 0.21677666666666667 0.03633666666666667 0.06027666666666667
54 0.52915 0.06910000000000001 0.03633666666666667 0.06027666666666667
6 0.5796166666666667 0.07360333333333334 0.03633666666666667 0.06027666666666667
54 0.57421 0.21767999999999998 0.03633666666666667 0.06027666666666667
7 0.6219733333333334 0.22218333333333332 0.03633666666666667 0.06027666666666667
54 0.6715399999999999 0.07270333333333334 0.03633666666666667 0.06027666666666667
7 0.7202033333333334 0.07540333333333334 0.03633666666666667 0.06027666666666667
54 0.7156966666666668 0.21948 0.03633666666666667 0.06027666666666667
8 0.7616566666666666 0.22308333333333333 0.03633666666666667 0.06027666666666667
54 0.8616900000000001 0.22308333333333333 0.03633666666666667 0.06027666666666667
9 0.9094533333333333 0.22218333333333332 0.03633666666666667 0.06027666666666667
54 0.8148266666666667 0.07540666666666666 0.03633666666666667 0.06027666666666667
8 0.86349 0.07720666666666667 0.03633666666666667 0.06027666666666667
54 0.9599200000000001 0.07540666666666666 0.03633666666666667 0.06027666666666667
53 0.05261333333333333 0.5056633333333334 0.03633666666666667 0.06027666666666667
46 0.09659333333333332 0.51194 0.03633666666666667 0.06027666666666667
50 0.09240333333333332 0.5883166666666667 0.03633666666666667 0.06027666666666667
37 0.14161666666666667 0.58727 0.03633666666666667 0.06027666666666667
65 0.18978333333333333 0.58727 0.03633666666666667 0.06027666666666667
55 0.23481 0.58727 0.03633666666666667 0.06027666666666667
61 0.19083 0.5108933333333333 0.03633666666666667 0.06027666666666667
52 0.23899666666666666 0.5108933333333333 0.03633666666666667 0.06027666666666667
37 0.2861166666666667 0.5108933333333333 0.03633666666666667 0.06027666666666667
46 0.3342833333333333 0.5161233333333333 0.03633666666666667 0.06027666666666667
37 0.37931000000000004 0.51717 0.03633666666666667 0.06027666666666667
37 0.5217166666666667 0.5192633333333333 0.03633666666666667 0.06027666666666667
59 0.47250333333333333 0.51717 0.03633666666666667 0.06027666666666667
53 0.65994 0.5224033333333333 0.03633666666666667 0.06027666666666667
48 0.6138666666666667 0.5244966666666667 0.03633666666666667 0.06027666666666667
65 0.7070599999999999 0.5224033333333333 0.03633666666666667 0.06027666666666667
55 0.75418 0.5244966666666667 0.03633666666666667 0.06027666666666667