60 0.06539666666666667 0.14847666666666667 0.04137333333333333 0.06339333333333333
60 0.12745666666666666 0.15047666666666668 0.040036666666666665 0.06339333333333333
43 0.19318333333333332 0.15081 0.04070666666666667 0.06806666666666666
58 0.25791333333333333 0.15381333333333333 0.04337333333333333 0.06739666666666666
59 0.32331 0.15348 0.04204 0.06539666666666667
53 0.4507633333333333 0.15781666666666666 0.04070666666666667 0.06473
55 0.5141566666666667 0.15714999999999998 0.03937 0.06339333333333333
59 0.6502866666666667 0.16482333333333335 0.04337333333333333 0.06806666666666666
56 0.7146833333333334 0.16382333333333335 0.04137333333333333 0.06873333333333333
37 0.7797466666666666 0.16616 0.03670333333333333 0.06539666666666667
39 0.8498133333333333 0.16749333333333333 0.03803666666666666 0.06272666666666667
43 0.91254 0.16816 0.04070666666666667 0.07073333333333333
41 0.05605333333333333 0.35567333333333334 0.036033333333333334 0.06406
43 0.11911333333333332 0.35667333333333334 0.03803666666666666 0.06072333333333333
45 0.18584333333333333 0.3610133333333333 0.04204 0.06406
46 0.24890333333333334 0.3610133333333333 0.040036666666666665 0.06539666666666667
47 0.31329999999999997 0.36434666666666665 0.03670333333333333 0.06272666666666667
48 0.38136333333333333 0.36968666666666666 0.04070666666666667 0.06272666666666667
49 0.44576 0.37235666666666667 0.040036666666666665 0.06673
50 0.5084866666666666 0.37335666666666667 0.036033333333333334 0.06473
51 0.5732133333333334 0.37335666666666667 0.03737 0.06873333333333333
52 0.6399466666666667 0.3770266666666666 0.04137333333333333 0.06539666666666667
53 0.7050066666666667 0.3796966666666666 0.03937 0.06406
42 0.8388033333333332 0.38436666666666663 0.04671 0.06939999999999999
44 0.9031966666666668 0.3850333333333333 0.04204 0.06939999999999999
65 0.05071666666666667 0.46277666666666667 0.04270666666666667 0.06739666666666666
66 0.11344333333333333 0.46310999999999997 0.04137333333333333 0.06673
54 0.5054833333333334 0.48146000000000005 0.04070666666666667 0.06339333333333333
54 0.6356066666666667 0.48279333333333335 0.04070666666666667 0.06739666666666666
54 0.7660666666666666 0.48913333333333336 0.04404333333333333 0.06406
40 0.24857 0.4701166666666666 0.04070666666666667 0.06339333333333333
40 0.3119633333333333 0.47278666666666663 0.04070666666666667 0.06339333333333333
40 0.37535666666666667 0.4781266666666667 0.04070666666666667 0.06339333333333333
60 0.04304 0.5665399999999999 0.04471 0.06806666666666666
47 0.11244 0.5668766666666667 0.04070666666666667 0.06739666666666666
59 0.24323333333333336 0.57188 0.04471 0.06406
56 0.3082933333333333 0.5735466666666666 0.04137333333333333 0.06739666666666666
37 0.37101999999999996 0.5735466666666666 0.04137333333333333 0.06606333333333334
39 0.4360833333333333 0.5772200000000001 0.04337333333333333 0.06806666666666666
43 0.5028133333333333 0.5792200000000001 0.03937 0.06673
37 0.03770333333333333 0.67064 0.03803666666666666 0.06673
38 0.17049666666666666 0.6733100000000001 0.03803666666666666 0.06673
39 0.30395666666666665 0.6753133333333333 0.03803666666666666 0.06673
41 0.4334133333333333 0.6846566666666666 0.03803666666666666 0.06673
43 0.5622033333333333 0.68666 0.03803666666666666 0.06673
45 0.6956633333333333 0.6926666666666667 0.03803666666666666 0.06673
46 0.8264566666666666 0.6986733333333334 0.03803666666666666 0.06673
47 0.9599166666666666 0.7060133333333333 0.03803666666666666 0.06673
53 0.03503333333333333 0.7727433333333333 0.03803666666666666 0.06673
53 0.16582666666666668 0.77875 0.03803666666666666 0.06673
46 0.23389333333333331 0.7814200000000001 0.03803666666666666 0.06673
55 0.36335 0.7880933333333334 0.03803666666666666 0.06673
56 0.4941433333333334 0.7920966666666667 0.03803666666666666 0.06673
57 0.6242666666666666 0.7947666666666667 0.03803666666666666 0.06673
58 0.75439 0.8001066666666667 0.03803666666666666 0.06673
59 0.88785 0.8074466666666668 0.03803666666666666 0.06673