54 0.21337890625 0.099365234375 0.06982421875 0.10400390625
0 0.30126953125 0.096435546875 0.06982421875 0.10400390625
52 0.2080078125 0.531494140625 0.06982421875 0.10400390625
46 0.39599609375 0.529052734375 0.06982421875 0.10400390625
53 0.57373046875 0.5302734375 0.06982421875 0.10400390625
41 0.6708984375 0.52734375 0.06982421875 0.10400390625
53 0.853515625 0.52783203125 0.06982421875 0.10400390625
46 0.94970703125 0.525634765625 0.06982421875 0.10400390625
50 0.955078125 0.678955078125 0.06982421875 0.10400390625
60 0.6748046875 0.6767578125 0.06982421875 0.10400390625
59 0.5791015625 0.68212890625 0.06982421875 0.10400390625
61 0.4853515625 0.677734375 0.06982421875 0.10400390625
52 0.3896484375 0.677001953125 0.06982421875 0.10400390625
61 0.30029296875 0.678955078125 0.06982421875 0.10400390625
50 0.2080078125 0.680419921875 0.06982421875 0.10400390625
37 0.3056640625 0.526611328125 0.06982421875 0.10400390625
37 0.48681640625 0.52978515625 0.06982421875 0.10400390625
37 0.765625 0.5283203125 0.06982421875 0.10400390625
37 0.765625 0.6787109375 0.06982421875 0.10400390625