22 0.24644333333333335 0.14129999999999998 0.04955333333333333 0.0786
40 0.18107666666666666 0.14263333333333333 0.04955333333333333 0.0786
43 0.31314333333333333 0.14263333333333333 0.04955333333333333 0.0786
60 0.37851 0.14129999999999998 0.04955333333333333 0.0786
60 0.4438766666666667 0.14263333333333333 0.04955333333333333 0.0786
43 0.5092433333333334 0.14396666666666666 0.04955333333333333 0.0786
58 0.5772766666666667 0.14663333333333334 0.04955333333333333 0.0786
59 0.64531 0.14796666666666666 0.04955333333333333 0.0786
37 0.17574333333333333 0.3572366666666667 0.04955333333333333 0.0786
38 0.23577333333333336 0.3572366666666667 0.04955333333333333 0.0786
39 0.30781 0.35990333333333335 0.04955333333333333 0.0786
41 0.3718433333333333 0.35990333333333335 0.04955333333333333 0.0786
43 0.43721000000000004 0.35990333333333335 0.04955333333333333 0.0786
46 0.57061 0.36790333333333336 0.04955333333333333 0.0786
45 0.49990666666666667 0.36257 0.04955333333333333 0.0786
47 0.6399766666666666 0.36657 0.04955333333333333 0.0786
48 0.70801 0.36523666666666665 0.04955333333333333 0.0786
49 0.7787133333333333 0.36923666666666666 0.04955333333333333 0.0786
50 0.8440799999999999 0.37057 0.04955333333333333 0.0786
51 0.91078 0.3759 0.04955333333333333 0.0786
53 0.7817166666666667 0.14763666666666667 0.04955333333333333 0.0786
55 0.8454166666666667 0.14930333333333334 0.04955333333333333 0.0786
62 0.16774 0.4652033333333333 0.04955333333333333 0.0786
63 0.23577333333333336 0.4652033333333333 0.04955333333333333 0.0786
64 0.30113999999999996 0.46386999999999995 0.04955333333333333 0.0786
65 0.36383666666666664 0.47186666666666666 0.04955333333333333 0.0786
66 0.43454 0.46919999999999995 0.04955333333333333 0.0786
40 0.16374 0.5665033333333334 0.04955333333333333 0.0786
33 0.23044 0.5665033333333334 0.04955333333333333 0.0786
48 0.29580666666666666 0.5678366666666667 0.04955333333333333 0.0786
60 0.35984 0.5718366666666667 0.04955333333333333 0.0786
47 0.4292066666666666 0.5745033333333334 0.04955333333333333 0.0786
37 0.15974000000000002 0.6744733333333334 0.04955333333333333 0.0786
38 0.22510666666666668 0.6744733333333334 0.04955333333333333 0.0786
37 0.35984 0.6784733333333334 0.04955333333333333 0.0786
38 0.49457333333333336 0.6811400000000001 0.04955333333333333 0.0786
53 0.15306999999999998 0.7837733333333334 0.04955333333333333 0.0786
42 0.28913666666666665 0.7851066666666667 0.04955333333333333 0.0786
44 0.35717 0.7891066666666667 0.04955333333333333 0.0786
53 0.48923666666666665 0.79444 0.04955333333333333 0.0786
46 0.5586033333333333 0.7971066666666667 0.04955333333333333 0.0786
65 0.15173333333333333 0.8917433333333333 0.04955333333333333 0.0786
66 0.2838 0.8970766666666666 0.04955333333333333 0.0786
55 0.6906700000000001 0.8037733333333333 0.04955333333333333 0.0786
56 0.8267366666666667 0.8077733333333333 0.04955333333333333 0.0786
57 0.9641366666666666 0.8117733333333333 0.04955333333333333 0.0786
43 0.9027733333333334 0.6998066666666667 0.04955333333333333 0.0786
41 0.7693733333333332 0.6944766666666666 0.04955333333333333 0.0786
39 0.6253033333333333 0.6811466666666667 0.04955333333333333 0.0786
59 0.5639366666666666 0.5798466666666666 0.04955333333333333 0.0786
56 0.63197 0.5798466666666666 0.04955333333333333 0.0786
37 0.7013366666666667 0.5798466666666666 0.04955333333333333 0.0786
39 0.7707033333333334 0.58118 0.04955333333333333 0.0786
43 0.84007 0.58518 0.04955333333333333 0.0786
54 0.8414033333333334 0.4878766666666667 0.04955333333333333 0.0786
40 0.7053366666666667 0.4812133333333334 0.04955333333333333 0.0786
40 0.6346333333333334 0.4785466666666667 0.04955333333333333 0.0786
40 0.5692666666666667 0.4745466666666667 0.04955333333333333 0.0786