53 0.13330078125 0.33544921875 0.03955078125 0.06884765625
46 0.20458984375 0.3310546875 0.04443359375 0.06884765625
55 0.3466796875 0.333984375 0.04638671875 0.07421875
56 0.4169921875 0.3291015625 0.04736328125 0.0732421875
57 0.486328125 0.3291015625 0.04296875 0.07080078125
58 0.55810546875 0.3291015625 0.04541015625 0.07958984375
59 0.62646484375 0.3291015625 0.04443359375 0.07080078125
60 0.69775390625 0.326171875 0.04443359375 0.07421875
61 0.76953125 0.326171875 0.04541015625 0.06982421875
47 0.06982421875 0.6748046875 0.04638671875 0.07666015625
48 0.21142578125 0.66943359375 0.04296875 0.06982421875
49 0.35546875 0.6689453125 0.0419921875 0.0751953125
50 0.49267578125 0.66552734375 0.04541015625 0.0751953125
51 0.6328125 0.66259765625 0.04541015625 0.07421875
52 0.7734375 0.662109375 0.048828125 0.06884765625
60 0.1396484375 0.7861328125 0.04541015625 0.07666015625
61 0.28466796875 0.78271484375 0.05078125 0.07177734375
62 0.421875 0.78173828125 0.04541015625 0.07177734375
63 0.564453125 0.779296875 0.04443359375 0.07421875