22 0.24658203125 0.14111328125 0.04931640625 0.078125
40 0.18115234375 0.142578125 0.04931640625 0.078125
43 0.31298828125 0.142578125 0.04931640625 0.078125
60 0.37841796875 0.14111328125 0.04931640625 0.078125
60 0.44384765625 0.142578125 0.04931640625 0.078125
43 0.50927734375 0.14404296875 0.04931640625 0.078125
58 0.5771484375 0.146484375 0.04931640625 0.078125
59 0.6455078125 0.14794921875 0.04931640625 0.078125
37 0.17578125 0.357421875 0.04931640625 0.078125
38 0.23583984375 0.357421875 0.04931640625 0.078125
39 0.3076171875 0.35986328125 0.04931640625 0.078125
41 0.3720703125 0.35986328125 0.04931640625 0.078125
43 0.43701171875 0.35986328125 0.04931640625 0.078125
46 0.57080078125 0.36767578125 0.04931640625 0.078125
45 0.5 0.36279296875 0.04931640625 0.078125
47 0.64013671875 0.36669921875 0.04931640625 0.078125
48 0.7080078125 0.365234375 0.04931640625 0.078125
49 0.77880859375 0.369140625 0.04931640625 0.078125
50 0.84423828125 0.37060546875 0.04931640625 0.078125
51 0.91064453125 0.3759765625 0.04931640625 0.078125
53 0.78173828125 0.1474609375 0.04931640625 0.078125
55 0.84521484375 0.1494140625 0.04931640625 0.078125
62 0.16796875 0.46533203125 0.04931640625 0.078125
63 0.23583984375 0.46533203125 0.04931640625 0.078125
64 0.30126953125 0.4638671875 0.04931640625 0.078125
65 0.36376953125 0.4716796875 0.04931640625 0.078125
66 0.4345703125 0.46923828125 0.04931640625 0.078125
40 0.16357421875 0.56640625 0.04931640625 0.078125
33 0.23046875 0.56640625 0.04931640625 0.078125
48 0.2958984375 0.56787109375 0.04931640625 0.078125
60 0.35986328125 0.57177734375 0.04931640625 0.078125
47 0.42919921875 0.57470703125 0.04931640625 0.078125
37 0.15966796875 0.67431640625 0.04931640625 0.078125
38 0.22509765625 0.67431640625 0.04931640625 0.078125
37 0.35986328125 0.6787109375 0.04931640625 0.078125
38 0.49462890625 0.68115234375 0.04931640625 0.078125
53 0.15283203125 0.78369140625 0.04931640625 0.078125
42 0.2890625 0.78515625 0.04931640625 0.078125
44 0.35693359375 0.7890625 0.04931640625 0.078125
53 0.4892578125 0.79443359375 0.04931640625 0.078125
46 0.55859375 0.796875 0.04931640625 0.078125
65 0.15185546875 0.8916015625 0.04931640625 0.078125
66 0.28369140625 0.89697265625 0.04931640625 0.078125
55 0.6904296875 0.8037109375 0.04931640625 0.078125
56 0.82666015625 0.8076171875 0.04931640625 0.078125
57 0.96435546875 0.81201171875 0.04931640625 0.078125
43 0.90283203125 0.69970703125 0.04931640625 0.078125
41 0.76953125 0.6943359375 0.04931640625 0.078125
39 0.62548828125 0.68115234375 0.04931640625 0.078125
59 0.56396484375 0.580078125 0.04931640625 0.078125
56 0.6318359375 0.580078125 0.04931640625 0.078125
37 0.701171875 0.580078125 0.04931640625 0.078125
39 0.7705078125 0.5810546875 0.04931640625 0.078125
43 0.83984375 0.5849609375 0.04931640625 0.078125
54 0.84130859375 0.48779296875 0.04931640625 0.078125
40 0.70556640625 0.4814453125 0.04931640625 0.078125
40 0.634765625 0.478515625 0.04931640625 0.078125
40 0.5693359375 0.474609375 0.04931640625 0.078125