54 0.035 0.54111 0.04777666666666667 0.08222333333333333
54 0.27398 0.5274266666666667 0.04748 0.08084666666666666
54 0.5117066666666666 0.5162 0.04555666666666666 0.07635666666666667
54 0.7503966666666667 0.5068933333333333 0.04555666666666666 0.08084666666666666
54 0.12351666666666668 0.7888966666666667 0.04940666666666667 0.08277
54 0.36349000000000004 0.7760633333333333 0.04555666666666666 0.08148666666666667
54 0.60667 0.7693266666666667 0.04684000000000001 0.09111333333333332
54 0.84449 0.75359 0.05012666666666667 0.08488333333333334
4 0.10994666666666666 0.5367033333333333 0.04611666666666667 0.07886666666666667
5 0.35156333333333334 0.5250066666666666 0.04678666666666667 0.08354666666666666
6 0.5868333333333333 0.5136466666666667 0.04678666666666667 0.07953666666666667
7 0.8257766666666666 0.5026166666666666 0.04611666666666667 0.08020333333333333
5 0.19850666666666666 0.7823333333333333 0.050796666666666664 0.08221
6 0.4424633333333334 0.7699666666666667 0.04946 0.08555333333333334
7 0.68174 0.7619466666666667 0.04812333333333334 0.08555333333333334
8 0.92436 0.7509166666666667 0.04946 0.08221