40 0.103271484375 0.067626953125 0.029296875 0.0498046875
22 0.146240234375 0.06787109375 0.0302734375 0.05126953125
14 0.192138671875 0.06982421875 0.03271484375 0.05419921875
30 0.23828125 0.071044921875 0.0302734375 0.05126953125
30 0.28564453125 0.07177734375 0.029296875 0.0498046875
14 0.333740234375 0.07177734375 0.03076171875 0.0517578125
28 0.38037109375 0.075439453125 0.02783203125 0.0458984375
29 0.42822265625 0.075439453125 0.03173828125 0.04638671875
53 0.5244140625 0.07958984375 0.03076171875 0.048828125
55 0.57177734375 0.080322265625 0.033203125 0.0498046875
59 0.67138671875 0.08447265625 0.03369140625 0.05078125
56 0.7197265625 0.083740234375 0.03271484375 0.05029296875
37 0.76953125 0.087158203125 0.03466796875 0.05029296875
39 0.81884765625 0.086669921875 0.03173828125 0.0498046875
43 0.86669921875 0.09033203125 0.0302734375 0.05078125
37 0.092041015625 0.217529296875 0.03369140625 0.04541015625
38 0.137451171875 0.21923828125 0.02978515625 0.0458984375
39 0.183837890625 0.221435546875 0.029296875 0.044921875
41 0.230224609375 0.224853515625 0.02978515625 0.048828125
43 0.2763671875 0.2265625 0.03369140625 0.048828125
45 0.32568359375 0.228759765625 0.0283203125 0.048828125
46 0.373291015625 0.232666015625 0.0283203125 0.048828125
47 0.417724609375 0.234375 0.02978515625 0.05029296875
48 0.467041015625 0.23583984375 0.029296875 0.04833984375
49 0.515869140625 0.238525390625 0.02734375 0.05029296875
50 0.561279296875 0.2392578125 0.02734375 0.048828125
51 0.612060546875 0.2421875 0.02783203125 0.044921875
52 0.66015625 0.243408203125 0.033203125 0.04736328125
53 0.7099609375 0.245849609375 0.02978515625 0.05078125
42 0.8076171875 0.25 0.02783203125 0.04833984375
44 0.85546875 0.252197265625 0.0322265625 0.05078125
53 0.95458984375 0.25634765625 0.03271484375 0.05810546875
62 0.084228515625 0.294921875 0.033203125 0.04833984375
63 0.132080078125 0.2978515625 0.03173828125 0.05126953125
64 0.178466796875 0.301513671875 0.03271484375 0.0546875
65 0.224365234375 0.302734375 0.03271484375 0.05322265625
66 0.272705078125 0.3037109375 0.0322265625 0.048828125
54 0.558837890625 0.318359375 0.0302734375 0.04833984375
54 0.656005859375 0.323974609375 0.033203125 0.04833984375
54 0.75244140625 0.32958984375 0.0322265625 0.0498046875
40 0.369873046875 0.309814453125 0.0302734375 0.04833984375
40 0.416015625 0.31201171875 0.0302734375 0.04833984375
40 0.462890625 0.313720703125 0.0302734375 0.04833984375
40 0.0791015625 0.3701171875 0.02978515625 0.0478515625
33 0.12646484375 0.370849609375 0.03466796875 0.0498046875
19 0.173828125 0.371337890625 0.03515625 0.04638671875
30 0.22119140625 0.37548828125 0.033203125 0.05029296875
18 0.267822265625 0.379150390625 0.03076171875 0.05029296875
59 0.363037109375 0.3828125 0.03173828125 0.04638671875
56 0.412353515625 0.3857421875 0.033203125 0.0498046875
37 0.459228515625 0.386962890625 0.03271484375 0.0498046875
39 0.507568359375 0.388427734375 0.03173828125 0.04736328125
43 0.555908203125 0.39208984375 0.0283203125 0.04638671875
37 0.074951171875 0.44580078125 0.03076171875 0.048828125
38 0.121826171875 0.446533203125 0.03076171875 0.04833984375
37 0.21728515625 0.45263671875 0.03076171875 0.048828125
38 0.310546875 0.456298828125 0.0283203125 0.04833984375
39 0.40673828125 0.461669921875 0.03173828125 0.04833984375
41 0.501708984375 0.46923828125 0.02978515625 0.0556640625
43 0.596923828125 0.472412109375 0.03173828125 0.052734375
45 0.695068359375 0.478515625 0.03173828125 0.05322265625
46 0.791259765625 0.484130859375 0.03173828125 0.0546875
47 0.889892578125 0.4892578125 0.02978515625 0.0517578125
53 0.06884765625 0.524169921875 0.033203125 0.0498046875
42 0.164794921875 0.52783203125 0.03271484375 0.04736328125
44 0.211181640625 0.5302734375 0.03271484375 0.04931640625
53 0.306640625 0.53564453125 0.03271484375 0.0498046875
46 0.35498046875 0.537109375 0.0322265625 0.05029296875
55 0.4501953125 0.544677734375 0.03271484375 0.0498046875
56 0.54541015625 0.548583984375 0.03173828125 0.0498046875
57 0.640869140625 0.55322265625 0.02978515625 0.05029296875
58 0.738037109375 0.558349609375 0.0302734375 0.04931640625
59 0.836181640625 0.56396484375 0.03564453125 0.05029296875
60 0.931396484375 0.566162109375 0.03271484375 0.04931640625
65 0.063232421875 0.599853515625 0.03515625 0.05029296875
66 0.1591796875 0.6044921875 0.03759765625 0.05078125
53 0.250244140625 0.683349609375 0.0341796875 0.0478515625
61 0.297607421875 0.685546875 0.0322265625 0.0498046875
52 0.346435546875 0.685791015625 0.0322265625 0.0478515625
38 0.3955078125 0.689208984375 0.033203125 0.0517578125
43 0.443115234375 0.693359375 0.0283203125 0.0517578125
58 0.489013671875 0.69580078125 0.03076171875 0.04931640625
59 0.538818359375 0.698486328125 0.03271484375 0.05029296875
54 0.0498046875 0.83056640625 0.03076171875 0.04931640625
54 0.19580078125 0.835205078125 0.0322265625 0.0517578125
54 0.338623046875 0.844482421875 0.0341796875 0.052734375
54 0.434814453125 0.8486328125 0.0341796875 0.05029296875
54 0.576904296875 0.85546875 0.0341796875 0.05224609375
54 0.722412109375 0.86474609375 0.03173828125 0.05224609375
54 0.86767578125 0.874755859375 0.0341796875 0.05224609375
0 0.1005859375 0.83251953125 0.0341796875 0.0517578125
1 0.24267578125 0.8359375 0.03173828125 0.04833984375
2 0.387451171875 0.845947265625 0.0302734375 0.052734375
3 0.482666015625 0.850341796875 0.029296875 0.05224609375
4 0.624755859375 0.857666015625 0.0322265625 0.05224609375
5 0.769287109375 0.86572265625 0.03173828125 0.0517578125
6 0.91650390625 0.8779296875 0.0341796875 0.0517578125