52 0.3155866666666667 0.04439333333333333 0.02691333333333333 0.03767
43 0.027790000000000002 0.04601666666666667 0.02691333333333333 0.03767
45 0.06295333333333333 0.04493333333333334 0.02691333333333333 0.03767
46 0.09919666666666666 0.04493333333333334 0.02691333333333333 0.03767
48 0.17060333333333333 0.04222666666666667 0.02691333333333333 0.03767
47 0.1349 0.04439333333333333 0.02691333333333333 0.03767
49 0.20792999999999998 0.04222666666666667 0.02691333333333333 0.03767
50 0.24309333333333333 0.04493333333333334 0.02691333333333333 0.03767
51 0.27825666666666665 0.04493333333333334 0.02691333333333333 0.03767
53 0.3534533333333333 0.043853333333333334 0.02691333333333333 0.03767
42 0.4259433333333333 0.043853333333333334 0.02691333333333333 0.03767
44 0.46110666666666666 0.043853333333333334 0.02691333333333333 0.03767
53 0.53576 0.04547666666666667 0.02691333333333333 0.03767
46 0.5714633333333333 0.04547666666666667 0.02691333333333333 0.03767
55 0.64693 0.043583333333333335 0.026373333333333335 0.04254333333333333
56 0.6831733333333333 0.043583333333333335 0.027453333333333333 0.04146
57 0.7213133333333334 0.044123333333333334 0.02691333333333333 0.040376666666666665
58 0.7572866666666667 0.04466666666666667 0.028536666666666665 0.04146
59 0.7946133333333334 0.04466666666666667 0.028536666666666665 0.04146
61 0.8698066666666667 0.046290000000000005 0.028536666666666665 0.04146
60 0.8308566666666667 0.045206666666666666 0.028536666666666665 0.04146
54 0.24228666666666668 0.10525666666666667 0.028806666666666668 0.04118666666666667
54 0.31423666666666666 0.10417333333333333 0.028806666666666668 0.04118666666666667
54 0.39159666666666665 0.10633999999999999 0.028806666666666668 0.04118666666666667
40 0.16979999999999998 0.10363333333333333 0.028806666666666668 0.04118666666666667
40 0.13301333333333334 0.10309333333333333 0.028806666666666668 0.04118666666666667
40 0.09731000000000001 0.10579999999999999 0.028806666666666668 0.04118666666666667
66 0.02536 0.10525999999999999 0.028806666666666668 0.04118666666666667
47 0.023736666666666663 0.15830666666666668 0.028806666666666668 0.04118666666666667
59 0.09460333333333333 0.16047333333333333 0.028806666666666668 0.04118666666666667
56 0.13085 0.16101333333333334 0.028806666666666668 0.04118666666666667
37 0.16979999999999998 0.15884666666666666 0.028806666666666668 0.04118666666666667
38 0.05836 0.21730666666666665 0.025560000000000003 0.04010333333333333
56 0.20604333333333333 0.15884666666666666 0.028806666666666668 0.04118666666666667
39 0.13031 0.21730666666666665 0.025560000000000003 0.04010333333333333
41 0.20442333333333332 0.2156833333333333 0.025560000000000003 0.04010333333333333
43 0.27583 0.21730666666666665 0.025560000000000003 0.04010333333333333
45 0.3515666666666667 0.21838999999999997 0.025560000000000003 0.04010333333333333
46 0.42351666666666665 0.21947333333333333 0.025560000000000003 0.04010333333333333
47 0.49709 0.22055666666666665 0.025560000000000003 0.04010333333333333
48 0.5712033333333333 0.21947333333333333 0.025560000000000003 0.04010333333333333
49 0.6436933333333333 0.22109666666666666 0.025560000000000003 0.04010333333333333
50 0.7167233333333334 0.22109666666666666 0.025560000000000003 0.04010333333333333
51 0.7913766666666667 0.22218 0.025560000000000003 0.04010333333333333
52 0.8692766666666667 0.2232633333333333 0.025560000000000003 0.04010333333333333
53 0.055113333333333334 0.27685 0.025560000000000003 0.04010333333333333
46 0.0919 0.27685 0.025560000000000003 0.04010333333333333
55 0.16709333333333332 0.2779333333333333 0.025560000000000003 0.04010333333333333
56 0.2385 0.2784733333333333 0.025560000000000003 0.04010333333333333
57 0.31315333333333334 0.2784733333333333 0.025560000000000003 0.04010333333333333
58 0.3861833333333333 0.2795566666666667 0.025560000000000003 0.04010333333333333
59 0.4613766666666667 0.28009666666666666 0.025560000000000003 0.04010333333333333
60 0.5344066666666667 0.28063666666666665 0.025560000000000003 0.04010333333333333
61 0.6063566666666667 0.28063666666666665 0.025560000000000003 0.04010333333333333
62 0.6788466666666667 0.28171999999999997 0.025560000000000003 0.04010333333333333
63 0.7545833333333334 0.28063666666666665 0.025560000000000003 0.04010333333333333
53 0.017783333333333335 0.39322666666666667 0.025560000000000003 0.04010333333333333
61 0.052406666666666664 0.39214333333333334 0.025560000000000003 0.04010333333333333
52 0.09135666666666667 0.39322666666666667 0.025560000000000003 0.04010333333333333
38 0.12543666666666667 0.3916033333333333 0.025560000000000003 0.04010333333333333
43 0.16492666666666667 0.39268666666666663 0.025560000000000003 0.04010333333333333
58 0.20063 0.39268666666666663 0.025560000000000003 0.04010333333333333
59 0.23849666666666666 0.39431 0.025560000000000003 0.04010333333333333
54 0.08865333333333332 0.5117733333333333 0.025560000000000003 0.04010333333333333
3 0.20171666666666666 0.5123133333333334 0.025560000000000003 0.04010333333333333
2 0.12544 0.5128533333333333 0.025560000000000003 0.04010333333333333
54 0.08378333333333333 0.6276133333333334 0.025560000000000003 0.04010333333333333
54 0.19630333333333333 0.62978 0.025560000000000003 0.04010333333333333
54 0.30882333333333334 0.63032 0.025560000000000003 0.04010333333333333
54 0.2736633333333333 0.5134 0.025560000000000003 0.04010333333333333
54 0.16384666666666667 0.5134 0.025560000000000003 0.04010333333333333
4 0.30991 0.5133966666666667 0.025560000000000003 0.04010333333333333
5 0.34182666666666667 0.6314 0.025560000000000003 0.04010333333333333
4 0.12165333333333332 0.6292366666666667 0.025560000000000003 0.04010333333333333
2 0.23363333333333333 0.6286933333333333 0.025560000000000003 0.04010333333333333
54 0.3834766666666667 0.51394 0.025560000000000003 0.04010333333333333
54 0.4175566666666667 0.6314033333333333 0.025560000000000003 0.04010333333333333
54 0.53116 0.6314033333333333 0.025560000000000003 0.04010333333333333
54 0.4959966666666667 0.5155633333333334 0.025560000000000003 0.04010333333333333
5 0.42081 0.5133966666666667 0.025560000000000003 0.04010333333333333
6 0.53171 0.5139366666666666 0.025560000000000003 0.04010333333333333
6 0.45705666666666667 0.6308566666666666 0.025560000000000003 0.04010333333333333
54 0.64314 0.6314033333333333 0.025560000000000003 0.04010333333333333
54 0.7578266666666666 0.63357 0.025560000000000003 0.04010333333333333
54 0.7161733333333333 0.5155666666666667 0.025560000000000003 0.04010333333333333
54 0.8303166666666666 0.51665 0.025560000000000003 0.04010333333333333
54 0.6041933333333334 0.5161066666666666 0.025560000000000003 0.04010333333333333
7 0.6431433333333334 0.5144833333333334 0.025560000000000003 0.04010333333333333
7 0.5668666666666666 0.6319466666666667 0.025560000000000003 0.04010333333333333
8 0.6793866666666667 0.6314066666666667 0.025560000000000003 0.04010333333333333
9 0.7940733333333333 0.6319466666666667 0.025560000000000003 0.04010333333333333
8 0.7551233333333333 0.5171933333333333 0.025560000000000003 0.04010333333333333
9 0.7940733333333333 0.6319466666666667 0.025560000000000003 0.04010333333333333
9 0.8660233333333334 0.5171899999999999 0.025560000000000003 0.04010333333333333
60 0.03417333333333333 0.9321166666666666 0.026683333333333333 0.042813333333333335
37 0.07199333333333333 0.9314766666666666 0.026683333333333333 0.042813333333333335
41 0.034813333333333335 0.8702233333333333 0.026683333333333333 0.042813333333333335
37 0.07487666666666666 0.8695833333333334 0.026683333333333333 0.042813333333333335
53 0.11141333333333334 0.8692633333333333 0.026683333333333333 0.042813333333333335
46 0.15019333333333332 0.8692633333333333 0.026683333333333333 0.042813333333333335
50 0.14827 0.9337233333333333 0.026683333333333333 0.042813333333333335
37 0.18737 0.9330833333333334 0.026683333333333333 0.042813333333333335
65 0.22230333333333333 0.9343666666666667 0.026683333333333333 0.042813333333333335
55 0.25884 0.9346866666666667 0.026683333333333333 0.042813333333333335
61 0.22371666666666665 0.8717033333333334 0.026683333333333333 0.042813333333333335
52 0.26336333333333334 0.8710066666666667 0.026683333333333333 0.042813333333333335
37 0.30057333333333336 0.8713533333333333 0.026683333333333333 0.042813333333333335
46 0.33987 0.8706566666666666 0.026683333333333333 0.042813333333333335
37 0.37882 0.8723966666666667 0.026683333333333333 0.042813333333333335
59 0.4524566666666666 0.8711033333333333 0.026683333333333333 0.042813333333333335
37 0.48906333333333335 0.8723966666666667 0.026683333333333333 0.042813333333333335
48 0.5657166666666666 0.87412 0.026683333333333333 0.042813333333333335
53 0.6040433333333334 0.87455 0.026683333333333333 0.042813333333333335
65 0.64194 0.87498 0.026683333333333333 0.042813333333333335
55 0.6815566666666667 0.87541 0.026683333333333333 0.042813333333333335
43 0.24166333333333334 0.15897333333333333 0.025560000000000003 0.04010333333333333