57 0.09814453125 0.1611328125 0.11474609375 0.15625
37 0.23779296875 0.162109375 0.11474609375 0.15625
53 0.3740234375 0.162841796875 0.11474609375 0.15625
59 0.52001953125 0.162109375 0.11474609375 0.15625
48 0.6708984375 0.158203125 0.11474609375 0.15625
60 0.8115234375 0.154541015625 0.10986328125 0.1611328125
56 0.12841796875 0.495361328125 0.11474609375 0.15625
37 0.27099609375 0.489990234375 0.11474609375 0.15625
53 0.4169921875 0.4970703125 0.11474609375 0.15625
59 0.56640625 0.498046875 0.11474609375 0.15625
48 0.7041015625 0.496826171875 0.11474609375 0.15625
60 0.853515625 0.49462890625 0.11474609375 0.15625
37 0.214599609375 0.811767578125 0.11474609375 0.15625
37 0.360595703125 0.817626953125 0.11474609375 0.15625
37 0.510009765625 0.8203125 0.11474609375 0.15625
37 0.64599609375 0.82763671875 0.11474609375 0.15625
37 0.7841796875 0.829833984375 0.11474609375 0.15625