52 0.9140625 0.45263671875 0.08984375 0.1220703125
37 0.3404947916666667 0.29736328125 0.08984375 0.1220703125
38 0.4791666666666667 0.296875 0.08984375 0.1220703125
37 0.6184895833333334 0.29248046875 0.08984375 0.1220703125
38 0.8951822916666666 0.28466796875 0.08984375 0.1220703125
37 0.3463541666666667 0.47265625 0.08984375 0.1220703125
39 0.5 0.46142578125 0.10221354166666667 0.123046875
37 0.6341145833333334 0.46240234375 0.10221354166666667 0.123046875
37 0.3736979166666667 0.63916015625 0.10221354166666667 0.123046875
41 0.509765625 0.6328125 0.10221354166666667 0.123046875
37 0.6490885416666666 0.630859375 0.10221354166666667 0.123046875
51 0.9270833333333334 0.62255859375 0.10221354166666667 0.123046875
37 0.375 0.80712890625 0.10221354166666667 0.123046875
43 0.51953125 0.80322265625 0.10221354166666667 0.123046875
37 0.6575520833333334 0.798828125 0.10221354166666667 0.123046875