52 0.9143166666666666 0.4527525 0.09000999999999999 0.1220975
37 0.3405933333333333 0.2971575 0.09000999999999999 0.1220975
38 0.47897666666666666 0.296785 0.09000999999999999 0.1220975
37 0.6186133333333333 0.29268 0.09000999999999999 0.1220975
38 0.8951499999999999 0.28447 0.09000999999999999 0.1220975
37 0.34619 0.4726225 0.09000999999999999 0.1220975
39 0.5001966666666666 0.461475 0.10233 0.1231225
37 0.6343566666666667 0.4625 0.10233 0.1231225
37 0.37376 0.639365 0.10233 0.1231225
41 0.5097766666666667 0.6328325 0.10233 0.1231225
37 0.6494133333333333 0.63078 0.10233 0.1231225
51 0.92732 0.6225700000000001 0.10233 0.1231225
37 0.3751266666666667 0.8070825 0.10233 0.1231225
43 0.5193599999999999 0.8031675 0.10233 0.1231225
37 0.65763 0.7990625 0.10233 0.1231225