37 0.099609375 0.35888671875 0.08919270833333333 0.10107421875
37 0.10319010416666667 0.517822265625 0.08919270833333333 0.10107421875
37 0.10416666666666667 0.667724609375 0.08919270833333333 0.10107421875
37 0.1044921875 0.825439453125 0.08919270833333333 0.10107421875
37 0.48828125 0.3583984375 0.08919270833333333 0.10107421875
37 0.4931640625 0.509521484375 0.08919270833333333 0.10107421875
37 0.494140625 0.668212890625 0.08919270833333333 0.10107421875
37 0.7451171875 0.357421875 0.08919270833333333 0.10107421875
37 0.7415364583333334 0.5087890625 0.08919270833333333 0.10107421875
37 0.7513020833333334 0.666748046875 0.08919270833333333 0.10107421875
38 0.365234375 0.35888671875 0.08919270833333333 0.10107421875
52 0.3649088541666667 0.51123046875 0.08919270833333333 0.10107421875
51 0.3678385416666667 0.67236328125 0.08919270833333333 0.10107421875
60 0.615234375 0.357666015625 0.08919270833333333 0.10107421875
60 0.6162109375 0.510498046875 0.08919270833333333 0.10107421875
60 0.6263020833333334 0.66455078125 0.08919270833333333 0.10107421875