53 0.07 0.29222333333333333 0.05333333333333334 0.08444333333333334
61 0.15166666666666667 0.28944333333333333 0.05889 0.08333333333333333
52 0.22833333333333333 0.285 0.04777666666666667 0.08333333333333333
38 0.30833333333333335 0.2833333333333333 0.04777666666666667 0.08222333333333333
43 0.38610999999999995 0.28389 0.05222333333333333 0.08111
58 0.4655566666666667 0.28111 0.05111 0.07777666666666667
59 0.5444433333333333 0.2794433333333333 0.04666666666666667 0.08111
54 0.24166666666666667 0.5405566666666667 0.05 0.07666666666666666
54 0.39889 0.5344433333333333 0.05111 0.08222333333333333
54 0.6338900000000001 0.5266666666666666 0.05 0.08222333333333333
54 0.8655566666666666 0.5188900000000001 0.05111 0.08
54 0.24611000000000002 0.7916666666666666 0.056666666666666664 0.08555666666666667
54 0.4855566666666667 0.7777766666666667 0.048889999999999996 0.08222333333333333
54 0.7244433333333333 0.7716666666666666 0.048889999999999996 0.08555666666666667
54 0.9622233333333333 0.7638900000000001 0.048889999999999996 0.08555666666666667
2 0.3177766666666667 0.5366666666666666 0.05111 0.07555666666666666
3 0.47444333333333333 0.5294433333333333 0.04666666666666667 0.07666666666666666
4 0.7033333333333334 0.5255566666666667 0.05111 0.08222333333333333
5 0.9455566666666667 0.51611 0.05333333333333334 0.08555666666666667
4 0.32555666666666666 0.7844433333333333 0.04666666666666667 0.08222333333333333
2 0.5622233333333334 0.7766666666666666 0.044443333333333335 0.08
3 0.7972233333333334 0.7677766666666667 0.05 0.08666666666666667