22 0.2529296875 0.13818359375 0.05078125 0.07958984375
40 0.1875 0.137939453125 0.05078125 0.07958984375
43 0.3193359375 0.141357421875 0.05078125 0.07958984375
60 0.384765625 0.141357421875 0.05078125 0.07958984375
60 0.4501953125 0.144287109375 0.05078125 0.07958984375
43 0.515380859375 0.147216796875 0.05078125 0.07958984375
58 0.583251953125 0.1513671875 0.05078125 0.07958984375
59 0.651611328125 0.154541015625 0.05078125 0.07958984375
37 0.17822265625 0.352783203125 0.05078125 0.07958984375
38 0.23828125 0.354248046875 0.05078125 0.07958984375
39 0.31005859375 0.358154296875 0.05078125 0.07958984375
41 0.37451171875 0.35986328125 0.05078125 0.07958984375
43 0.439453125 0.361328125 0.05078125 0.07958984375
46 0.572998046875 0.372314453125 0.05078125 0.07958984375
45 0.50244140625 0.36572265625 0.05078125 0.07958984375
47 0.642333984375 0.372802734375 0.05078125 0.07958984375
48 0.71044921875 0.373046875 0.05078125 0.07958984375
49 0.781005859375 0.378662109375 0.05078125 0.07958984375
50 0.846435546875 0.381591796875 0.05078125 0.07958984375
51 0.912841796875 0.388427734375 0.05078125 0.07958984375
53 0.787841796875 0.156982421875 0.05078125 0.07958984375
55 0.851318359375 0.160400390625 0.05078125 0.07958984375
62 0.168701171875 0.46044921875 0.05078125 0.07958984375
63 0.236572265625 0.462158203125 0.05078125 0.07958984375
64 0.302001953125 0.462158203125 0.05078125 0.07958984375
65 0.3642578125 0.471435546875 0.05078125 0.07958984375
66 0.43505859375 0.470458984375 0.05078125 0.07958984375
40 0.162353515625 0.5615234375 0.05078125 0.07958984375
33 0.229248046875 0.56298828125 0.05078125 0.07958984375
48 0.294677734375 0.56591796875 0.05078125 0.07958984375
60 0.358642578125 0.571533203125 0.05078125 0.07958984375
47 0.427978515625 0.575927734375 0.05078125 0.07958984375
37 0.15673828125 0.66943359375 0.05078125 0.07958984375
38 0.22216796875 0.670654296875 0.05078125 0.07958984375
37 0.356689453125 0.67822265625 0.05078125 0.07958984375
38 0.491455078125 0.68408203125 0.05078125 0.07958984375
53 0.14794921875 0.778564453125 0.05078125 0.07958984375
42 0.2841796875 0.783203125 0.05078125 0.07958984375
44 0.351806640625 0.78857421875 0.05078125 0.07958984375
53 0.484130859375 0.797119140625 0.05078125 0.07958984375
46 0.553466796875 0.801025390625 0.05078125 0.07958984375
65 0.14501953125 0.88623046875 0.05078125 0.07958984375
66 0.27685546875 0.894775390625 0.05078125 0.07958984375
55 0.68505859375 0.810791015625 0.05078125 0.07958984375
56 0.8212890625 0.818115234375 0.05078125 0.07958984375
57 0.958740234375 0.82568359375 0.05078125 0.07958984375
43 0.899169921875 0.7119140625 0.05078125 0.07958984375
41 0.76611328125 0.703369140625 0.05078125 0.07958984375
39 0.622314453125 0.68701171875 0.05078125 0.07958984375
59 0.5625 0.58447265625 0.05078125 0.07958984375
56 0.63037109375 0.5859375 0.05078125 0.07958984375
37 0.69970703125 0.587646484375 0.05078125 0.07958984375
39 0.76904296875 0.590087890625 0.05078125 0.07958984375
43 0.83837890625 0.595703125 0.05078125 0.07958984375
54 0.841552734375 0.49853515625 0.05078125 0.07958984375
40 0.705810546875 0.4892578125 0.05078125 0.07958984375
40 0.635009765625 0.484619140625 0.05078125 0.07958984375
40 0.56982421875 0.479248046875 0.05078125 0.07958984375