57 0.09907741676694745 0.16056959486562375 0.1139189731247493 0.15587645407139994
37 0.23866827115924588 0.16056959486562375 0.1139189731247493 0.15587645407139994
53 0.3750501403931007 0.16056959486562375 0.1139189731247493 0.15587645407139994
59 0.5210589651022864 0.15896510228640193 0.1139189731247493 0.15587645407139994
48 0.6718812675491376 0.1541476133172884 0.1139189731247493 0.15587645407139994
60 0.8122743682310469 0.15013237063778578 0.10910549538708383 0.16069394304051343
56 0.13116726835138387 0.4945086241476133 0.1139189731247493 0.15587645407139994
37 0.273967107902126 0.488086642599278 0.1139189731247493 0.15587645407139994
53 0.41997593261131166 0.4945086241476133 0.1139189731247493 0.15587645407139994
59 0.5691937424789411 0.4945086241476133 0.1139189731247493 0.15587645407139994
48 0.7071801042920176 0.49290413156839147 0.1139189731247493 0.15587645407139994
60 0.8563979141596471 0.4896951464099478 0.1139189731247493 0.15587645407139994
37 0.21941436020858404 0.8107902125952667 0.1139189731247493 0.15587645407139994
37 0.36542318491776976 0.8156077015643802 0.1139189731247493 0.15587645407139994
37 0.5146409947853992 0.817212194143602 0.1139189731247493 0.15587645407139994
37 0.6510228640192539 0.8236341756919375 0.1139189731247493 0.15587645407139994
37 0.7890092258323306 0.8252386682711593 0.1139189731247493 0.15587645407139994