41 0.037109375 0.617919921875 0.05419921875 0.0859375
37 0.1337890625 0.615478515625 0.056640625 0.087890625
53 0.2216796875 0.617431640625 0.056640625 0.09130859375
46 0.31396484375 0.616943359375 0.05419921875 0.09375
61 0.50341796875 0.61865234375 0.06201171875 0.0947265625
52 0.59228515625 0.61767578125 0.05517578125 0.095703125
37 0.68701171875 0.6181640625 0.05859375 0.095703125
46 0.78515625 0.617919921875 0.056640625 0.0966796875
37 0.8759765625 0.618408203125 0.05859375 0.095703125
60 0.0361328125 0.772216796875 0.056640625 0.09814453125
37 0.12744140625 0.770263671875 0.05859375 0.095703125
50 0.31396484375 0.772216796875 0.05859375 0.0966796875
37 0.4111328125 0.77001953125 0.0576171875 0.09814453125
65 0.49853515625 0.77099609375 0.06103515625 0.09912109375
55 0.59228515625 0.77001953125 0.0576171875 0.1044921875