40 0.03 0.048889999999999996 0.03111 0.04666666666666667
22 0.06933333333333333 0.046889999999999994 0.03111 0.04666666666666667
43 0.10866666666666666 0.046889999999999994 0.03111 0.04666666666666667
60 0.14866666666666667 0.047556666666666664 0.03111 0.04666666666666667
60 0.18933333333333333 0.047556666666666664 0.03111 0.04666666666666667
43 0.23066666666666666 0.047556666666666664 0.03111 0.04666666666666667
58 0.27 0.04622333333333333 0.03111 0.04666666666666667
59 0.31266666666666665 0.04622333333333333 0.03111 0.04666666666666667
53 0.3933333333333333 0.04622333333333333 0.03111 0.04666666666666667
55 0.43466666666666665 0.046889999999999994 0.03111 0.04666666666666667
59 0.5193333333333333 0.049556666666666666 0.03111 0.04666666666666667
56 0.5606666666666666 0.048223333333333326 0.03111 0.04666666666666667
37 0.6026666666666667 0.048889999999999996 0.03111 0.04666666666666667
39 0.646 0.047556666666666664 0.03111 0.04666666666666667
43 0.6866666666666666 0.047556666666666664 0.03111 0.04666666666666667
37 0.02266666666666667 0.17555666666666667 0.03111 0.04666666666666667
38 0.064 0.17555666666666667 0.03111 0.04666666666666667
39 0.10466666666666667 0.17622333333333332 0.03111 0.04666666666666667
41 0.144 0.17822333333333332 0.03111 0.04666666666666667
43 0.184 0.17822333333333332 0.03111 0.04666666666666667
45 0.22466666666666665 0.17822333333333332 0.03111 0.04666666666666667
46 0.2678333333333333 0.18205666666666664 0.03111 0.04666666666666667
47 0.30783333333333335 0.18039 0.03111 0.04666666666666667
48 0.3478333333333333 0.18289 0.03111 0.04666666666666667
49 0.39116666666666666 0.18289 0.03111 0.04666666666666667
50 0.43283333333333335 0.18455666666666665 0.03111 0.04666666666666667
51 0.4736666666666667 0.18455666666666665 0.03111 0.04666666666666667
52 0.5153333333333333 0.18622333333333332 0.03111 0.04666666666666667
53 0.5578333333333333 0.18539 0.03111 0.04666666666666667
42 0.6411666666666667 0.18788999999999997 0.03111 0.04666666666666667
44 0.6836666666666666 0.18788999999999997 0.03111 0.04666666666666667
53 0.7678333333333334 0.19038999999999998 0.03111 0.04666666666666667
46 0.8111666666666667 0.18955666666666665 0.03111 0.04666666666666667
55 0.897 0.19288999999999998 0.03111 0.04666666666666667
56 0.9395 0.19288999999999998 0.03111 0.04666666666666667
57 0.9828333333333333 0.19372333333333333 0.03111 0.04666666666666667
62 0.019333333333333334 0.24472333333333332 0.03111 0.04666666666666667
63 0.059333333333333335 0.24555666666666665 0.03111 0.04666666666666667
64 0.10016666666666667 0.24472333333333332 0.03111 0.04666666666666667
65 0.14016666666666666 0.24472333333333332 0.03111 0.04666666666666667
66 0.18183333333333335 0.24722333333333332 0.03111 0.04666666666666667
40 0.2635 0.24805666666666665 0.03111 0.04666666666666667
40 0.306 0.24972333333333332 0.03111 0.04666666666666667
40 0.3485 0.25139 0.03111 0.04666666666666667
54 0.431 0.2522233333333333 0.03111 0.04666666666666667
54 0.5126666666666667 0.2547233333333333 0.03111 0.04666666666666667
54 0.5976666666666667 0.25639 0.03111 0.04666666666666667
40 0.015553333333333332 0.3072233333333333 0.03111 0.04666666666666667
33 0.05722 0.30805666666666665 0.031106666666666664 0.04666666666666667
48 0.09722000000000001 0.30805666666666665 0.031106666666666664 0.04666666666666667
60 0.13805333333333333 0.30889 0.031106666666666664 0.04666666666666667
47 0.18055333333333332 0.30889 0.031106666666666664 0.04666666666666667
59 0.26222 0.3122233333333333 0.031106666666666664 0.04666666666666667
56 0.30388666666666664 0.3147233333333333 0.031106666666666664 0.04666666666666667
37 0.3455533333333334 0.3147233333333333 0.031106666666666664 0.04666666666666667
39 0.38722 0.31639 0.031106666666666664 0.04666666666666667
43 0.42805333333333334 0.31555666666666665 0.031106666666666664 0.04666666666666667
38 0.052219999999999996 0.37472333333333335 0.031106666666666664 0.04666666666666667
37 0.13555333333333333 0.37389 0.031106666666666664 0.04666666666666667
38 0.21972 0.37722333333333335 0.031106666666666664 0.04666666666666667
39 0.30244333333333334 0.3795566666666667 0.03111 0.04666666666666667
41 0.38510999999999995 0.3815566666666667 0.03111 0.04666666666666667
43 0.4662233333333334 0.3871133333333333 0.03111 0.04666666666666667
45 0.5524433333333333 0.3871133333333333 0.03111 0.04666666666666667
46 0.6367233333333333 0.3898333333333333 0.03111 0.04666666666666667
47 0.7189433333333333 0.3915 0.03111 0.04666666666666667
48 0.8067233333333333 0.39622333333333337 0.03111 0.04666666666666667
49 0.8900566666666667 0.3973333333333333 0.03111 0.04666666666666667
50 0.9750566666666667 0.39677999999999997 0.03111 0.04666666666666667
42 0.09227666666666666 0.44344666666666666 0.03111 0.04666666666666667
44 0.13477666666666666 0.44344666666666666 0.03111 0.04666666666666667
53 0.21672333333333332 0.44816666666666666 0.03111 0.04666666666666667
46 0.26005666666666666 0.44733333333333336 0.03111 0.04666666666666667
55 0.3403333333333333 0.45066666666666666 0.03111 0.04666666666666667
56 0.4250566666666667 0.45177999999999996 0.03111 0.04666666666666667
57 0.5072766666666666 0.4548333333333333 0.03111 0.04666666666666667
58 0.59061 0.45705666666666667 0.03111 0.04666666666666667
59 0.6750533333333334 0.46039 0.03111 0.04666666666666667
60 0.7583866666666667 0.4626133333333333 0.03111 0.04666666666666667
61 0.84061 0.4648366666666667 0.03111 0.04666666666666667
62 0.9283866666666666 0.4659466666666666 0.03111 0.04666666666666667
66 0.08949666666666667 0.51039 0.03111 0.04666666666666667
53 0.047273333333333334 0.5737233333333334 0.03111 0.04666666666666667
48 0.08727333333333333 0.5737233333333334 0.03111 0.04666666666666667
53 0.17171666666666666 0.5770566666666667 0.03111 0.04666666666666667
61 0.21394000000000002 0.5781666666666667 0.03111 0.04666666666666667
52 0.25616333333333335 0.5792766666666667 0.03111 0.04666666666666667
38 0.29616333333333333 0.5792766666666667 0.03111 0.04666666666666667
43 0.33838666666666667 0.5792766666666667 0.03111 0.04666666666666667
58 0.37949666666666665 0.5815 0.03111 0.04666666666666667
59 0.42172000000000004 0.5815 0.03111 0.04666666666666667
49 0.04505 0.70928 0.03111 0.04666666666666667
54 0.12727333333333332 0.7103900000000001 0.03111 0.04666666666666667
54 0.25171666666666664 0.7137233333333334 0.03111 0.04666666666666667
54 0.33505 0.71928 0.03111 0.04666666666666667
54 0.45949333333333336 0.7215033333333334 0.03111 0.04666666666666667
54 0.5850500000000001 0.7248366666666667 0.03111 0.04666666666666667
54 0.7106066666666667 0.7281700000000001 0.03111 0.04666666666666667
54 0.8383833333333334 0.7326133333333333 0.03111 0.04666666666666667
54 0.9683833333333334 0.7370566666666667 0.03111 0.04666666666666667
54 0.8794933333333333 0.8681666666666666 0.03111 0.04666666666666667
54 0.7528266666666666 0.8637233333333334 0.03111 0.04666666666666667
54 0.62505 0.85928 0.03111 0.04666666666666667
54 0.49949333333333334 0.8537233333333334 0.03111 0.04666666666666667
54 0.37393666666666664 0.8515 0.03111 0.04666666666666667
54 0.24727 0.8481666666666666 0.03111 0.04666666666666667
54 0.12171333333333333 0.8448333333333333 0.03111 0.04666666666666667
1 0.16838 0.7103900000000001 0.03111 0.04666666666666667
2 0.2950466666666667 0.7137233333333334 0.03111 0.04666666666666667
3 0.37838000000000005 0.7170566666666667 0.03111 0.04666666666666667
4 0.5006033333333333 0.72039 0.03111 0.04666666666666667
5 0.6239366666666667 0.7237233333333334 0.03111 0.04666666666666667
6 0.7528266666666666 0.7270566666666667 0.03111 0.04666666666666667
7 0.8806033333333333 0.7337233333333334 0.03111 0.04666666666666667
2 0.16171333333333332 0.8437233333333334 0.03111 0.04666666666666667
4 0.2894933333333333 0.8481666666666666 0.03111 0.04666666666666667
2 0.4161566666666667 0.84928 0.03111 0.04666666666666667
5 0.5383800000000001 0.8548333333333333 0.03111 0.04666666666666667
6 0.66616 0.8581666666666666 0.03111 0.04666666666666667
7 0.7939366666666666 0.8626133333333333 0.03111 0.04666666666666667
8 0.9217133333333333 0.8637233333333334 0.03111 0.04666666666666667