53 0.13623046875 0.328369140625 0.04052734375 0.0693359375
46 0.20751953125 0.32470703125 0.04541015625 0.0703125
55 0.349609375 0.329345703125 0.0478515625 0.07568359375
56 0.419921875 0.3251953125 0.048828125 0.07470703125
57 0.4892578125 0.325927734375 0.04443359375 0.072265625
58 0.56103515625 0.326904296875 0.046875 0.0810546875
59 0.62939453125 0.32763671875 0.0458984375 0.072265625
60 0.70068359375 0.325439453125 0.0458984375 0.07568359375
61 0.7724609375 0.326416015625 0.04638671875 0.0712890625
47 0.06689453125 0.666748046875 0.0478515625 0.078125
48 0.20849609375 0.6630859375 0.0439453125 0.0712890625
49 0.3525390625 0.66455078125 0.04345703125 0.076171875
50 0.48974609375 0.662353515625 0.046875 0.07666015625
51 0.6298828125 0.6611328125 0.046875 0.07568359375
52 0.7705078125 0.662353515625 0.0498046875 0.0703125
60 0.134765625 0.779052734375 0.046875 0.078125
61 0.27978515625 0.777099609375 0.05224609375 0.0732421875
62 0.4169921875 0.77783203125 0.046875 0.0732421875
63 0.5595703125 0.777099609375 0.0458984375 0.07568359375