41 0.03722333333333333 0.6183333333333333 0.05444333333333334 0.08555666666666667
37 0.13389 0.6161099999999999 0.056666666666666664 0.08777666666666666
53 0.22166666666666668 0.61889 0.056666666666666664 0.09111
46 0.31389 0.61889 0.05444333333333334 0.09333333333333334
61 0.5033333333333333 0.6216666666666667 0.06222333333333333 0.09444333333333332
52 0.5922233333333333 0.6211099999999999 0.055556666666666664 0.09555666666666668
37 0.6872233333333334 0.6222233333333334 0.05889 0.09555666666666668
46 0.785 0.6227766666666666 0.056666666666666664 0.09666666666666666
37 0.8761099999999999 0.6233333333333333 0.05889 0.09555666666666668
60 0.036109999999999996 0.7722233333333334 0.056666666666666664 0.09777666666666666
37 0.12722333333333333 0.77111 0.05889 0.09555666666666668
50 0.31389 0.7738900000000001 0.05889 0.09666666666666666
37 0.41111 0.7722233333333334 0.05777666666666667 0.09777666666666666
65 0.49833333333333335 0.7738900000000001 0.061110000000000005 0.09889
55 0.5922233333333333 0.7733333333333333 0.05777666666666667 0.10444333333333333