37 0.09666666666666666 0.36375 0.08666666666666667 0.1
37 0.10333333333333333 0.5225 0.08666666666666667 0.1
37 0.10833333333333334 0.6725 0.08666666666666667 0.1
37 0.11166666666666666 0.83 0.08666666666666667 0.1
37 0.485 0.35625 0.08666666666666667 0.1
37 0.49333333333333335 0.5075 0.08666666666666667 0.1
37 0.49833333333333335 0.66625 0.08666666666666667 0.1
37 0.7416666666666667 0.35125 0.08666666666666667 0.1
37 0.7416666666666667 0.5025 0.08666666666666667 0.1
37 0.755 0.66 0.08666666666666667 0.1
38 0.3616666666666667 0.35875 0.08666666666666667 0.1
52 0.365 0.51125 0.08666666666666667 0.1
51 0.37166666666666665 0.6725 0.08666666666666667 0.1
60 0.6116666666666667 0.35375 0.08666666666666667 0.1
60 0.6166666666666667 0.50625 0.08666666666666667 0.1
60 0.63 0.66 0.08666666666666667 0.1