54 0.03515625 0.541015625 0.04736328125 0.08203125
54 0.27392578125 0.52734375 0.04736328125 0.08056640625
54 0.51171875 0.51611328125 0.04541015625 0.076171875
54 0.75048828125 0.5068359375 0.04541015625 0.08056640625
54 0.12353515625 0.7890625 0.04931640625 0.08251953125
54 0.36328125 0.77587890625 0.04541015625 0.0810546875
54 0.6064453125 0.76953125 0.04638671875 0.0908203125
54 0.8447265625 0.75341796875 0.0498046875 0.08447265625
4 0.10986328125 0.53662109375 0.0458984375 0.07861328125
5 0.3515625 0.52490234375 0.04638671875 0.08349609375
6 0.5869140625 0.513671875 0.04638671875 0.0791015625
7 0.82568359375 0.50244140625 0.0458984375 0.080078125
5 0.19873046875 0.7822265625 0.05078125 0.08203125
6 0.4423828125 0.77001953125 0.04931640625 0.08544921875
7 0.681640625 0.76171875 0.0478515625 0.08544921875
8 0.92431640625 0.7509765625 0.04931640625 0.08203125