53 0.13333333333333333 0.33555666666666667 0.04 0.06888999999999999
46 0.20444333333333334 0.33111 0.044443333333333335 0.06888999999999999
55 0.3466666666666667 0.33388999999999996 0.04666666666666667 0.07444333333333333
56 0.41722333333333333 0.32888999999999996 0.04777666666666667 0.07333333333333333
57 0.48611 0.32888999999999996 0.043333333333333335 0.07111
58 0.5583333333333333 0.32888999999999996 0.04555666666666666 0.08
59 0.6266666666666667 0.32888999999999996 0.044443333333333335 0.07111
60 0.6977766666666666 0.32611 0.044443333333333335 0.07444333333333333
61 0.7694433333333333 0.32611 0.04555666666666666 0.07
47 0.07 0.675 0.04666666666666667 0.07666666666666666
48 0.21166666666666667 0.6694433333333333 0.043333333333333335 0.07
49 0.3555566666666667 0.66889 0.042223333333333335 0.07555666666666666
50 0.49277666666666664 0.6655566666666667 0.04555666666666666 0.07555666666666666
51 0.6327766666666667 0.6627766666666667 0.04555666666666666 0.07444333333333333
52 0.7733333333333333 0.6622233333333334 0.048889999999999996 0.06888999999999999
60 0.13944333333333334 0.78611 0.04555666666666666 0.07666666666666666
61 0.2844433333333333 0.7827766666666667 0.05111 0.07222333333333333
62 0.4216666666666667 0.7816666666666666 0.04555666666666666 0.07222333333333333
63 0.5644433333333333 0.7794433333333333 0.044443333333333335 0.07444333333333333